10 0.016119069342436
10 0.005222665441817
10 0.013083125693918
10 0.012140874459499
10 0.013319052085475
10 0.008059356613520
10 0.010421126261768
10 0.007081677656203
10 0.012876261110149
10 0.006996743135720
10 0.007224126973303
10 0.013092519755192
10 0.006454760946421
10 0.011506177966691
10 0.011427931760741
10 0.008183623689085
10 0.010254196493611
10 0.006802740651491
10 0.017275808630521
10 0.006123487866416
10 0.008215710279203
10 0.007528762830232
10 0.007493994716231
10 0.008397593821808
10 0.014865244104705
10 0.004803141023706
10 0.014828916932795
10 0.009406150720880
10 0.020134970550362
10 0.007918663937861
10 0.012080082137886
10 0.009588665666738
10 0.004985410668403
10 0.007694137494372
10 0.006789280962142
10 0.006617111378300
10 0.010476773072072
10 0.008718658067266
10 0.013291396062770
10 0.005021687515171
10 0.004442807857694
10 0.008612893241947
10 0.011430513612435
10 0.017894581513491
10 0.007877115191048
10 0.010760735109937
10 0.010654622486278
10 0.006205675236258
10 0.018516147212340
10 0.004823636954532
10 0.016695994467087
10 0.012553325065072
10 0.010599409977028
10 0.005377722395357
10 0.006764490714035
10 0.006045652072262
10 0.008703233262713
10 0.006720860039652
10 0.009070318534442
10 0.010012810843687
10 0.007401337030374
10 0.006884444428423
10 0.012113413182219
10 0.004066222486733
10 0.007463339324085
10 0.008109628763073
10 0.005237076133648
10 0.007084453913202
10 0.007617917002042
10 0.011477270670270
10 0.016137770331855
10 0.009106254846967
10 0.006963804124607
10 0.010489707939785
10 0.010094934565172
10 0.023267190271225
10 0.005597408756012
10 0.014673351331206
10 0.006346043979520
10 0.006879646554246
10 0.011619802961261
10 0.008713246639686
10 0.012303773128955
10 0.009398536299668
10 0.008696469897041
10 0.009051137699866
10 0.009439963765009
10 0.010611077655255
10 0.005243198086118
10 0.013943864004360
10 0.008704533330627
10 0.005742401237489
10 0.007727487587781
10 0.010248760408664
10 0.010892439439003
10 0.011342582602181
10 0.007733707484333
10 0.006692002900129
10 0.010736981686664
10 0.009856774259441
10 0.010885611103521
10 0.008002472169028
10 0.006669426447986
10 0.006142747376600
10 0.008544799051031
10 0.009190281172277
10 0.008499478871039
10 0.007500613796047
10 0.009768416448662
10 0.008189375207955
10 0.009915959673665
10 0.008613256888252
10 0.007167864559720
10 0.014746675885338
10 0.010742781295890
10 0.011618736638731
10 0.007822759490815
10 0.007463598690383
10 0.005871988388217
10 0.004331987220943
10 0.008575297086918
10 0.006421813500824
10 0.013225695985779
10 0.006078669577029
10 0.010675205370231
10 0.008338603283065
10 0.011200145324057
10 0.011445157938931
10 0.013355856752453
10 0.007310054946379
10 0.008143160583688
10 0.003644973130996
10 0.006300771113954
10 0.011245716816618
10 0.007877803971043
10 0.006557585849265
10 0.009701251265680
10 0.007974394595927
10 0.011715697431670
10 0.007873775498799
10 0.010550121633343
10 0.005542831464931
10 0.010620259865192
10 0.004967122383600
10 0.010247039545808
10 0.006494979998477
10 0.007622816405954
10 0.007884161855475
10 0.006378762975966
10 0.007456308951934
10 0.008694721208371
10 0.004391787386931
10 0.010233926261771
10 0.010398113240582
10 0.008292640261467
10 0.010024249588664
10 0.013726911531565
10 0.005992035538784
10 0.009520726122434
10 0.005425610827871
10 0.006388624220390
10 0.010142349744463
10 0.010849104398760
10 0.006548786588472
10 0.008024095495723
10 0.007395289240123
10 0.007461225528860
10 0.007794135416344
10 0.007755078798723
10 0.009982384293482
10 0.010677762948746
10 0.013087921638459
10 0.019502954139819
10 0.007318865925497
10 0.008547035644293
10 0.015576284138160
10 0.011623104786810
10 0.009613152175146
10 0.008148079383282
10 0.015415388578576
10 0.004757299603233
10 0.012653489576143
10 0.008128167249431
10 0.006611004200758
10 0.006686566408364
10 0.006401147935665
10 0.010853992556233
10 0.006762288412025
10 0.015078256587537
10 0.013352360349769
10 0.004918200120523
10 0.007119234740904
10 0.005001419294312
10 0.009035686452293
10 0.007323865478000
10 0.006590350561038
10 0.008545530188249
10 0.009884802601744
10 0.008734332922180
10 0.010457768136148
10 0.008566747796740
10 0.007990796412092
10 0.010649255002070
10 0.006496440333877
10 0.005746642481453
10 0.009398278402226
10 0.020783383032413
10 0.007484543262508
10 0.012492280594822
10 0.007020092931648
10 0.008607097211441
10 0.011059222486282
10 0.005739750804107
10 0.006267462016662
10 0.007793186745286
10 0.008516086056297
10 0.006749951840364
10 0.010960269965384
10 0.012593124353417
10 0.008214928189784
10 0.012264523134892
10 0.013640032169358
10 0.006205642731365
10 0.011775436079754
10 0.010965522379407
10 0.010436317048912
10 0.009927981557802
10 0.009571645668360
10 0.007433145153770
10 0.011192150925371
10 0.006735446157733
10 0.013675164654897
10 0.007868882645000
10 0.007708782491208
10 0.005021935204070
10 0.016272902566184
10 0.010867173427149
10 0.016582098703314
10 0.009845799217664
10 0.010142910392066
10 0.005461894852123
10 0.012647716721225
10 0.007540780708976
10 0.006095306821961
10 0.006719431794323
10 0.008851567978355
10 0.013045754864867
10 0.008270353393071
10 0.012992769568812
10 0.005756812308894
10 0.007494863491787
10 0.009191569965691
10 0.008482043903968
10 0.005322593908823
10 0.014715414536685
10 0.007653065196431
10 0.010725308599249
10 0.007236831820271
10 0.005452245845185
10 0.009379601020703
10 0.008178615462818
10 0.011012556274381
10 0.005597890831852
10 0.005323610618441
10 0.008635180821890
10 0.009019664391368
10 0.010482513157496
10 0.006152374558039
10 0.008289245067983
10 0.006682358571774
10 0.007701085379001
10 0.008894127344950
10 0.008373098655803
10 0.007777793568456
10 0.005626680614650
10 0.005281260419140
10 0.009168813895203
10 0.006558105426071
10 0.007582944988423
10 0.009213300342252
10 0.013719567652757
10 0.006576979251447
10 0.011953331971335
10 0.009974418921068
10 0.008500617805310
10 0.010698153631261
10 0.011592334581043
10 0.008387310540509
10 0.007080774173556
10 0.006359008345288
10 0.011196812008961
10 0.011946952127733
10 0.010317617201725
10 0.007861025545740
10 0.005545781804760
10 0.006515730230973
10 0.007226590657225
10 0.010503228912801
10 0.012205691107287
10 0.005440711891414
10 0.014222567847380
10 0.003540435638955
10 0.011332039427723
10 0.013192415339517
10 0.009784866163266
10 0.008184126759798
10 0.008086545430090
10 0.007512164193452
10 0.008350811568132
10 0.019572878625073
10 0.017185632032474
10 0.005335730587007
10 0.007021597102870
10 0.011561582573863
10 0.012271801879511
10 0.020899959982578
10 0.008485073560542
10 0.009242856232935
10 0.012555381636726
10 0.004015906757403
10 0.007635131538916
10 0.008902010899595
10 0.010807715834135
10 0.011924346734623
10 0.007831478827727
10 0.010077485750828
10 0.012151526782213
10 0.011885178194413
10 0.005544908991614
10 0.014240049195200
10 0.007612536929871
10 0.007906024471995
10 0.006101605155160
10 0.015389434887678
10 0.006728831546677
10 0.006429382181642
10 0.018123722489635
10 0.008747678420073
10 0.008247371577370
10 0.008133362368775
10 0.006949453187655
10 0.009881872006242
10 0.008310381150382
10 0.010639720045669
10 0.010579178387321
10 0.020702698735512
10 0.005877929192680
10 0.011285343868394
10 0.005699329612384
10 0.014761951948146
10 0.006351502049573
10 0.008957648596013
10 0.008139128561758
10 0.008023345051550
10 0.006644708930538
10 0.006090614012998
10 0.006137478654677
10 0.008133304562248
10 0.009227928963927
10 0.018368099916627
10 0.014280922850904
10 0.010658020916341
10 0.010333937397985
10 0.008169325837234
10 0.009210112131620
10 0.009557146243447
10 0.020610468068776
10 0.005951430231708
10 0.014285496405780
10 0.007142761561532
10 0.012892506781010
10 0.005236869536239
10 0.008208457399790
10 0.006392404552072
10 0.015212167181485
10 0.007240749394443
10 0.010155727735709
10 0.017495200087861
10 0.022780371447141
10 0.010611279753816
10 0.005874822739663
10 0.007790480773748
10 0.011085637304929
10 0.005813041174896
10 0.009609424894294
10 0.008118745269768
10 0.009333509732072
10 0.007751867682287
10 0.013491231274704
10 0.007006841601502
10 0.014025304200761
10 0.007148119567633
10 0.009759909001949
10 0.006167341326794
10 0.009500764211734
10 0.004929113903171
10 0.012675193410404
10 0.010714274866010
10 0.004371618731295
10 0.007383670807694
10 0.012232128412931
10 0.010968110608667
10 0.011794458369330
10 0.009063801458825
10 0.009115715842470
10 0.010370226102011
10 0.006996015027823
10 0.013359394188581
10 0.007586902930506
10 0.007159109355718
10 0.013851358721512
10 0.011083363204501
10 0.014517605972936
10 0.006850764134220
10 0.009304426376162
10 0.006712731403256
10 0.010669755974459
10 0.008176463151277
10 0.014241287220997
10 0.005294505726060
10 0.006792530443501
10 0.011000023223945
10 0.010991079780568
10 0.012525495892573
10 0.006348126234299
10 0.009824098470606
10 0.006984629793005
10 0.006806653839321
10 0.010596399878832
10 0.010255822251424
10 0.006088453237070
10 0.005170684257760
10 0.010642732745616
10 0.004607818690325
10 0.010677658969210
10 0.005691712760276
10 0.007419627837605
10 0.008496670333654
10 0.005261044197472
10 0.005090304328994
10 0.005593264926862
10 0.010361238457159
10 0.006299132325932
10 0.008274060052758
10 0.013042005593841
10 0.009777539842903
10 0.013726449131275
10 0.006459935219847
10 0.008798368011286
10 0.007190882159259
10 0.012462169902712
10 0.008504035624885
10 0.006716196187151
10 0.005510554115160
10 0.014809762161472
10 0.009040048621705
10 0.007756590311205
10 0.008795699855359
10 0.010154063680424
10 0.007224192717449
10 0.015976845205262
10 0.008038297172819
10 0.004468494436363
10 0.009785353013930
10 0.006468408314995
10 0.007785636189652
10 0.023383850749809
10 0.007800216915657
10 0.006387646788555
10 0.012861509409775
10 0.014006671184767
10 0.003423624591104
10 0.006489094786787
10 0.008528241182438
10 0.009676791664505
10 0.007826229628185
10 0.011763602490381
10 0.013971925478673
10 0.006793078698637
10 0.010550737297874
10 0.011466460220932
10 0.006007792761584
10 0.011745106356934
10 0.006814982215780
10 0.010807439515978
10 0.012295739705235
10 0.010678299440290
10 0.008059886567836
10 0.007556202707507
10 0.012765975936141
10 0.007893597563405
10 0.007974712869772
10 0.008537369935138
10 0.008601126893326
10 0.010974797499859
10 0.004820199443077
10 0.003554746869366
10 0.008026369745800
10 0.010276165874891
10 0.006443841351147
16 0.053010283563297
16 0.047003366460074
16 0.056647754192435
16 0.070017216420919
16 0.044259061460513
16 0.056548350938619
16 0.043750056949084
16 0.054814460517779
16 0.059253415145876
16 0.083194732425688
16 0.035502063383401
16 0.028636993533149
16 0.036458032531336
16 0.038149003041636
16 0.054290354616998
16 0.085213578438860
16 0.058204218984740
16 0.038363566659839
16 0.044790601579462
16 0.046530298128881
16 0.041182830702969
16 0.077278216287474
16 0.051021455950292
16 0.054726854460802
16 0.061087805081613
16 0.083517944448512
16 0.116552885478786
16 0.026030400681886
16 0.071046810184847
16 0.031885299490318
16 0.061852440677274
16 0.059221611965730
16 0.045283582884445
16 0.039213856298565
16 0.059821809255565
16 0.054987338477150
16 0.045233412694065
16 0.071738221382002
16 0.064579409615663
16 0.063359752808616
16 0.046495437180400
16 0.025255159645930
16 0.061141192109453
16 0.066211859296065
16 0.024283241912631
16 0.056467695360292
16 0.033037493708514
16 0.062559023047659
16 0.071798368319886
16 0.063621522985397
16 0.049607089156426
16 0.027795634891091
16 0.060631276338639
16 0.039198645724209
16 0.049763266048804
16 0.072658330111858
16 0.101068738387701
16 0.069745820570705
16 0.093746172310821
16 0.051021898209718
16 0.072596477713315
16 0.039403448680907
16 0.087201660690967
16 0.052027518071455
16 0.037975896078531
16 0.082857177925174
16 0.113408783724002
16 0.084106885107822
16 0.037440711768426
16 0.062008409976951
16 0.065784075206996
16 0.089058553540783
16 0.049097530141944
16 0.038972596448781
16 0.070087384100853
16 0.052976021595769
16 0.074614740248839
16 0.067487368108453
16 0.079332324770284
16 0.046345740295280
16 0.142143529774888
16 0.056864778695405
16 0.038888453161550
16 0.097187225253579
16 0.030530353632738
16 0.088252841000283
16 0.055941024628074
16 0.043890594219057
16 0.075311594619922
16 0.068538583633108
16 0.043129039134262
16 0.044195546456957
16 0.083341604539741
16 0.062986749438414
16 0.049774421061941
16 0.048104983782986
16 0.095202080813834
16 0.047029892931845
16 0.047736749485176
16 0.057291823719504
16 0.103139696819605
16 0.039850197767035
16 0.085173145395083
16 0.053980111642720
16 0.094039108025853
16 0.032755456869151
16 0.056740271253465
16 0.033661204472347
16 0.069499546129039
16 0.048184144532126
16 0.042554115881950
16 0.031029319604385
16 0.067741669033712
16 0.054590016856329
16 0.077244132973996
16 0.053762713996699
16 0.044082118096349
16 0.059413617104759
16 0.030399832012340
16 0.027478582116863
16 0.057502260989964
16 0.062711928132579
16 0.054363589457706
16 0.041566048608556
16 0.065743051383778
16 0.036034694450872
16 0.048140385928184
16 0.041571818692859
16 0.048283284469187
16 0.046017025190643
16 0.045259620466190
16 0.043037705068667
16 0.032364843804526
16 0.061035439252917
16 0.024466577855558
16 0.033742489709765
16 0.038967704753216
16 0.047471090917708
16 0.041692882991901
16 0.076989082580126
16 0.041215769118940
16 0.041337678571500
16 0.030220320523408
16 0.046852890392115
16 0.052544230366640
16 0.076901033761798
16 0.074249448843100
16 0.026583820375583
16 0.045501871915527
16 0.036151479529341
16 0.066287671134321
16 0.045602834341664
16 0.068553908991142
16 0.058243043684241
16 0.074678832709972
16 0.087478138454713
16 0.037794355346167
16 0.063816574089656
16 0.070530956326958
16 0.068705839018486
16 0.060308684424220
16 0.067029358699656
16 0.052255418215126
16 0.072444860907445
16 0.044039067391233
16 0.070712312468140
16 0.098963248880896
16 0.061760470435912
16 0.044548410300344
16 0.041612513893569
16 0.031884832116980
16 0.073508710140448
16 0.041625154553983
16 0.077252382764425
16 0.087115080687241
16 0.036294771910335
16 0.035588737886893
16 0.034646107369945
16 0.062263932455240
16 0.062866862704964
16 0.063079285917151
16 0.044167974383410
16 0.069388044210875
16 0.046785750574718
16 0.037361481621200
16 0.091657250527627
16 0.046219458538931
16 0.035473104031637
16 0.040362300340211
16 0.051828748250004
16 0.080012393857708
16 0.065895859737551
16 0.086872933935265
16 0.052874641048531
16 0.035926131407761
16 0.102647302488721
16 0.063654642343706
16 0.046241676041990
16 0.049753698076177
16 0.037298926773153
16 0.040069485031262
16 0.038029877278962
16 0.070208198220803
16 0.078478012247830
16 0.033710538086680
16 0.047266793097832
16 0.068300869660395
16 0.058697010151384
16 0.083680923550537
16 0.034944559998714
16 0.049342834402585
16 0.052697294045378
16 0.043559331926398
16 0.092462547980721
16 0.074333910380717
16 0.055921030911525
16 0.048695170313400
16 0.132995524620285
16 0.086263437927941
16 0.060094734023851
16 0.035274285032760
16 0.033340916962639
16 0.060348357527825
16 0.047173728248383
16 0.029200169440202
16 0.081676902954838
16 0.043782501767028
16 0.055885173171970
16 0.044873991662226
16 0.056943208917190
16 0.060384684572347
16 0.035914847862176
16 0.075268389229003
16 0.088220570979342
16 0.051426691531389
16 0.052318671860612
16 0.040295756688337
16 0.057150062232123
16 0.044530364824783
16 0.033437334420424
16 0.050178535733870
16 0.059403678031036
16 0.056555686929532
16 0.046484195920804
16 0.046951312848062
16 0.095646059490373
16 0.046051747830015
16 0.068941100962993
16 0.061113618980078
16 0.064796336313073
16 0.044262820859629
16 0.038608617312568
16 0.064045900485333
16 0.048214318467687
16 0.050310801419360
16 0.064326721263771
16 0.048555845952819
16 0.082874851659276
16 0.061904412294437
16 0.081294569328109
16 0.065734135024912
16 0.047213904119930
16 0.044570581281847
16 0.060092281642204
16 0.051110041078102
16 0.052511099940883
16 0.040491883863712
16 0.048244558294247
16 0.088037438261632
16 0.038302945039826
16 0.059709599687643
16 0.048036185657680
16 0.051930895633476
16 0.032298995769288
16 0.074288767803362
16 0.041029498459184
16 0.082688998981825
16 0.070306716206016
16 0.093929740705915
16 0.084702252843158
16 0.037962221590749
16 0.063148044451424
16 0.082377118331448
16 0.061955404538207
16 0.099692352960781
16 0.066846262727125
16 0.080576296016326
16 0.032737611332890
16 0.080062754752163
16 0.041940325997875
16 0.061578981208808
16 0.065949919010546
16 0.042391775248781
16 0.081741921864359
16 0.041169337635192
16 0.045142784552421
16 0.031742927584347
16 0.079243488150075
16 0.088028914108483
16 0.052272179846540
16 0.036451475890321
16 0.047950080853427
16 0.051744366816172
16 0.055519867880562
16 0.072402707757099
16 0.050790024318778
16 0.033467567473818
16 0.040678427011586
16 0.053462323407879
16 0.046411607959281
16 0.080172395276081
16 0.056077848547663
16 0.036640095139548
16 0.081499840711386
16 0.074567030101093
16 0.100114246643103
16 0.067376038499973
16 0.045520410250276
16 0.050198348123641
16 0.050461723977863
16 0.101734626259879
16 0.038410122103455
16 0.042910917543048
16 0.066126802810871
16 0.043439632625644
16 0.047961614072529
16 0.081344134530320
16 0.054942778041455
16 0.041803259819919
16 0.057164266261978
16 0.068279462590468
16 0.035605758092814
16 0.045359373539902
16 0.029459170346874
16 0.065153032320558
16 0.076780887924342
16 0.038514065080844
16 0.038104699504797
16 0.049995741841023
16 0.108326769735917
16 0.036144061979550
16 0.057035561180654
16 0.035649270359250
16 0.063601608516708
16 0.055103329054829
16 0.038703138047692
16 0.079737606690554
16 0.046394857859324
16 0.075327048341800
16 0.037633448044796
16 0.046494756167232
16 0.053110094494286
16 0.042897967557116
16 0.079743656104544
16 0.065527319416035
16 0.043742099939398
16 0.071855846871343
16 0.040635284684440
16 0.033279673920600
16 0.074547704193979
16 0.063268586776230
16 0.063095748932929
16 0.047083713786851
16 0.038790955071364
16 0.054835821244057
16 0.119506710148147
16 0.070561000699812
16 0.047873659656431
16 0.059728113607379
16 0.048150937701848
16 0.021471866420117
16 0.056812206031313
16 0.081414237388888
16 0.052171144522916
16 0.056180148635270
16 0.059768377833722
16 0.116952755227485
16 0.056852339567311
16 0.063446333253369
16 0.090148751306302
16 0.073203399826119
16 0.070703177180059
16 0.033199786336796
16 0.089662297707095
16 0.050202786773600
16 0.058893671721619
16 0.074205458274349
16 0.065247489088336
16 0.031218759755748
16 0.087209516598099
16 0.040906969404301
16 0.057029605395809
16 0.062345840268380
16 0.066239259963280
16 0.092991239165338
16 0.036397210646562
16 0.065303964834607
16 0.063220723472158
16 0.064841673589907
16 0.108267785517868
16 0.079048383657039
16 0.108647548981229
16 0.051351410221337
16 0.051275715814723
16 0.057335705255338
16 0.078823952993435
16 0.032183771502310
16 0.022841462927071
16 0.042595036076121
16 0.031967183189544
16 0.044306666674047
16 0.037168687134318
16 0.040314484587350
16 0.048363024638168
16 0.035967065642991
16 0.034393073750294
16 0.041648467383561
16 0.047385369466490
16 0.053547626266479
16 0.046994041669594
16 0.064317322864579
16 0.084645348717919
16 0.092741871780067
16 0.082722758140778
16 0.060679863701071
16 0.062524159522145
16 0.052909721184577
16 0.064699328604736
16 0.062043186469589
16 0.062426186403005
16 0.067201856094893
16 0.047682909641847
16 0.075031440644214
16 0.122152478570730
16 0.050591075656787
16 0.038862807165628
16 0.069706721640092
16 0.047814631771310
16 0.067967771413490
16 0.096354703265486
16 0.059558527629040
16 0.091399718565400
16 0.060476699057572
16 0.053332066513897
16 0.057606451564047
16 0.041241879896326
16 0.039387283706958
16 0.076298200746449
16 0.040047930605208
16 0.052291794916615
16 0.046743352530729
16 0.047437676944496
16 0.040907643867533
16 0.052191782180899
16 0.059172646051888
16 0.092634997306940
16 0.074452741718652
16 0.060219377053077
16 0.061652118567062
16 0.052956443790372
16 0.030191709987589
16 0.046066337302411
16 0.044266851545994
16 0.045361982142646
16 0.086550828659891
16 0.050676848751789
16 0.082724134469428
16 0.042231755442333
16 0.049991524548178
16 0.046479257794350
16 0.038254863279531
16 0.046957851586896
16 0.036218814895502
16 0.084581500877437
16 0.060683330837007
16 0.045032095135305
16 0.025971489337065
16 0.063059053781960
16 0.041531655722110
16 0.057417563444634
16 0.066711049680017
16 0.055368963882152
16 0.038041435817229
16 0.051762907676907
16 0.049335099878706
16 0.055513535247926
16 0.055602841129097
16 0.088134321706047
16 0.043847311969749
16 0.083705716563753
16 0.049560872233592
16 0.064421876017097
16 0.030967878514627
16 0.060242257349457
16 0.066448872334993
16 0.069068403614377
16 0.044929035028156
16 0.044249658507929
16 0.054941934700556
16 0.075723559540373
22 0.416918522824522
22 0.198533734305910
22 0.193732942463570
22 0.208304002725251
22 0.154734055844736
22 0.218576198681464
22 0.204088838452062
22 0.324449983516398
22 0.156675248379248
22 0.234290064795797
22 0.258254058292979
22 0.170357701756757
22 0.167174114260455
22 0.206083230995892
22 0.119493378364925
22 0.214115579135166
22 0.216690256544243
22 0.155130809769895
22 0.216641228295399
22 0.218843441075354
22 0.103109131630249
22 0.098707226027334
22 0.141907414265535
22 0.188102022257817
22 0.217124132465725
22 0.210827119422020
22 0.229482392283756
22 0.250874936520452
22 0.365837117721866
22 0.135732107900413
22 0.185487106500021
22 0.194804027752467
22 0.223114720404183
22 0.210987170427355
22 0.141313148007847
22 0.212074006042082
22 0.302291032178678
22 0.296158211064320
22 0.283131951959772
22 0.134056392381757
22 0.147335232125488
22 0.229076390906133
22 0.204747783440872
22 0.276113635659846
22 0.138042499684461
22 0.183270500251739
22 0.118197597176751
22 0.160971269308710
22 0.206144104342844
22 0.196013759062462
22 0.114840454727763
22 0.166945193266808
22 0.114871468097000
22 0.165102631960579
22 0.198994883203963
22 0.128341180502268
22 0.221273562407105
22 0.174702346757261
22 0.197320918784857
22 0.206955543508133
22 0.177778625556504
22 0.177871377162019
22 0.179699342270144
22 0.199968621685338
22 0.220607645641652
22 0.246474463094183
22 0.117348106964285
22 0.272059183424447
22 0.198910965098419
22 0.280949573437756
22 0.173663026733633
22 0.208979061835607
22 0.145873742025886
22 0.237106019757761
22 0.212169046233867
22 0.352393513271828
22 0.303071243679859
22 0.160895521895543
22 0.095358898855095
22 0.110141670352439
22 0.236298533115403
22 0.188176689082908
22 0.190411532875884
22 0.227835626941721
22 0.129642467323934
22 0.093509170665878
22 0.240967278358575
22 0.217678894013277
22 0.141001563034970
22 0.126342033548059
22 0.214070069604023
22 0.133947678250001
22 0.295852535817939
22 0.220588106070750
22 0.191941865804656
22 0.278101910619473
22 0.146231140796340
22 0.189138969078273
22 0.128280306862384
22 0.227460624930595
22 0.130562627291483
22 0.160201800202407
22 0.226379487526101
22 0.100731945083297
22 0.346857654493558
22 0.340281524838944
22 0.261354209076928
22 0.317902426234537
22 0.156294503275650
22 0.202940530649225
22 0.209354409916087
22 0.113202743186467
22 0.159446389241508
22 0.187424020682888
22 0.212936320165031
22 0.220128270274893
22 0.281229718546312
22 0.150507053305081
22 0.275092060029798
22 0.289408644562791
22 0.124061157555531
22 0.140767506045327
22 0.123693857605945
22 0.183332084671945
22 0.161329618274710
22 0.197845892216590
22 0.119265717038123
22 0.120277503249733
22 0.135159056411706
22 0.125243813558983
22 0.150774899317690
22 0.187944959182683
22 0.216021664614573
22 0.228467300246972
22 0.146511984353210
22 0.243108891754941
22 0.115603199814802
22 0.163557864012454
22 0.297732438697864
22 0.153131995483480
22 0.126263319547899
22 0.246552069209109
22 0.259544587958414
22 0.131254486678932
22 0.116126109210530
22 0.227660495024030
22 0.109903117749644
22 0.152175140586412
22 0.105922871388132
22 0.233427347342070
22 0.162176775430186
22 0.185753516129676
22 0.254113884105771
22 0.182674459787457
22 0.210462768469313
22 0.160901823243934
22 0.158799078977236
22 0.153871563094878
22 0.121621884039505
22 0.243588627282239
22 0.330735242342580
22 0.329134821099144
22 0.125762302450259
22 0.124762387765078
22 0.140980131665709
22 0.200700109385108
22 0.218715153911653
22 0.142202363210628
22 0.173025582601331
22 0.134766726846103
22 0.299606355453625
22 0.294740995838870
22 0.312484374932327
22 0.211500822581654
22 0.168741199197359
22 0.147373347511522
22 0.158404474510545
22 0.152642738257659
22 0.139281457316833
22 0.146090547316198
22 0.215432733303953
22 0.315162076617317
22 0.201416905199181
22 0.185020610556176
22 0.109248981107934
22 0.110069248147171
22 0.256978975220898
22 0.175190674745139
22 0.114798244899237
22 0.178582455226902
22 0.206283899685676
22 0.153525968986044
22 0.116183357641745
22 0.116475573651424
22 0.117326341776862
22 0.223883607493018
22 0.191149103856485
22 0.249767145847327
22 0.111504272832191
22 0.106203802087201
22 0.147192900136254
22 0.175385711133278
22 0.138219878603194
22 0.185000686867564
22 0.192803298281823
22 0.264783684624079
22 0.121670303579180
22 0.147319486219995
22 0.178436452511778
22 0.116004989481423
22 0.181106015969839
22 0.354251491225800
22 0.207854417191403
22 0.190617030970252
22 0.138220078805547
22 0.129824660865704
22 0.171067796276937
22 0.214171721100673
22 0.156421986776103
22 0.125394913367123
22 0.154191097546091
22 0.148622956057650
22 0.430184768454633
22 0.270878884216915
22 0.246752258059893
22 0.146517056455766
22 0.113606488247524
22 0.174808354087217
22 0.149037057850360
22 0.128840603769297
22 0.140671962164520
22 0.107308630899540
22 0.249409968324464
22 0.132408584721759
22 0.176472477117101
22 0.110400503782631
22 0.209778134819373
22 0.156851676567590
22 0.212748161496509
22 0.328303176844763
22 0.227816779501794
22 0.134986658866657
22 0.163760727433403
22 0.164099071920161
22 0.169260574594545
22 0.109641073559859
22 0.101430965231033
22 0.138179250302352
22 0.146543553368286
22 0.166782478178560
22 0.125085612819922
22 0.197758626626093
22 0.229452676913280
22 0.249071599845780
22 0.192557228651212
22 0.140978442631491
22 0.211761277297554
22 0.225343706121518
22 0.167870451080100
22 0.096942094430009
22 0.208160493421654
22 0.085342060097170
22 0.307566744051538
22 0.348123067517630
22 0.106926193416841
22 0.187160236440136
22 0.142990383113164
22 0.195927617096462
22 0.111525801919843
22 0.263341313644827
22 0.171781709957683
22 0.115363727791203
22 0.120019633623821
22 0.222161403757695
22 0.167373431357924
22 0.136909098774054
22 0.120817624643121
22 0.235093499079075
22 0.230850480075196
22 0.157272719593081
22 0.074995553151982
22 0.131728712377275
22 0.118228187555599
22 0.230937393762556
22 0.153097929662394
22 0.244127425720140
22 0.256378452284670
22 0.141583450167819
22 0.224092290189335
22 0.171762514675273
22 0.157716511164861
22 0.187312636101105
22 0.261125280046992
22 0.220975870699629
22 0.157671003757158
22 0.176571282809746
22 0.189344542854481
22 0.150964841791024
22 0.212844539025784
22 0.168836770338456
22 0.156377209017580
22 0.164826032689366
22 0.307841960929575
22 0.155918760819926
22 0.327020257227263
22 0.147824424209100
22 0.224823303924561
22 0.151049974127225
22 0.267037942062002
22 0.131360182722358
22 0.213213958726050
22 0.148329332981477
22 0.198030777297011
22 0.125220196955037
22 0.126929160517306
22 0.211160561036237
22 0.193223581476210
22 0.220583761669381
22 0.203297957546156
22 0.260611814893440
22 0.198463558634648
22 0.117526738552245
22 0.132011200112670
22 0.160563121233638
22 0.134401225416217
22 0.345966276654109
22 0.123004385796997
22 0.181418723824029
22 0.175166784813491
22 0.153278103880073
22 0.148503887702666
22 0.150661716034673
22 0.181368522230628
22 0.162657221420468
22 0.140544161857599
22 0.207909584863023
22 0.183780934392901
22 0.431796079472695
22 0.202959788935282
22 0.127826396798133
22 0.275274472362784
22 0.136755542610476
22 0.279199651245417
22 0.094491644555741
22 0.167034621873194
22 0.145969240620696
22 0.357950939489527
22 0.264742663070364
22 0.123512218391706
22 0.109739812596391
22 0.184535743858561
22 0.135784956890207
22 0.178457367861361
22 0.207424858199812
22 0.369731810456980
22 0.152903467504204
22 0.137117303217131
22 0.166278777093875
22 0.202726163711595
22 0.155440070922943
22 0.162192327896396
22 0.376374945678132
22 0.136855573474245
22 0.114595302311726
22 0.122051659861627
22 0.214635757860476
22 0.124022620644827
22 0.321347671759094
22 0.179059150537745
22 0.151533237758993
22 0.297498109688597
22 0.248137656689638
22 0.248655204803613
22 0.142713267518844
22 0.157122858058703
22 0.231185286080167
22 0.151756393864968
22 0.206304427167567
22 0.215574664504398
22 0.134538771020376
22 0.124724773211430
22 0.180879841451578
22 0.130238625700914
22 0.131050114010556
22 0.164738642571965
22 0.293911261261344
22 0.088307864319144
22 0.150120994932792
22 0.199675240725819
22 0.139451801041408
22 0.164121265963452
22 0.201609078725508
22 0.239806433657337
22 0.163421842794930
22 0.275130181103599
22 0.216203559476408
22 0.121970179030062
22 0.153947048209342
22 0.176954306734904
22 0.298878434654739
22 0.304699457683955
22 0.245640320487285
22 0.126059262813033
22 0.170771761262261
22 0.249106300944588
22 0.278367387856748
22 0.246440339552040
22 0.147623452929544
22 0.175424234775171
22 0.168170883210616
22 0.167903283395854
22 0.371052260571132
22 0.124748012091050
22 0.252042806876029
22 0.181864173683442
22 0.083950822192167
22 0.164470977039194
22 0.188289783801797
22 0.180128362390619
22 0.305655978066575
22 0.123997288954357
22 0.184737533304505
22 0.172837046453590
22 0.163735094540429
22 0.108123478007593
22 0.193217756711312
22 0.190488025696013
22 0.252512693507514
22 0.209240932896152
22 0.129220552130543
22 0.168447318247333
22 0.104807973601795
22 0.091511716188701
22 0.313587081364555
22 0.144530547309406
22 0.285780587581793
22 0.202736377930565
22 0.293977413114212
22 0.192235655121740
22 0.126299030807816
22 0.158782375386001
22 0.276037909462209
22 0.165070911885277
22 0.258111151409454
22 0.139769232748500
22 0.150449044189578
22 0.180471560106144
22 0.170729618354120
22 0.138588174750668
22 0.144565739050426
22 0.160460260392683
22 0.127004558586705
22 0.130384511340148
22 0.124431254355398
22 0.098983364267679
22 0.241584948075878
22 0.100498401399810
22 0.227247083276745
22 0.236162394979374
22 0.239281443636902
22 0.184110415102864
22 0.213608175415001
22 0.223363944218862
22 0.264857307326438
22 0.192778957316507
22 0.137386393117464
22 0.143580189775291
22 0.310899796349172
22 0.243235435003445
22 0.217651193881465
22 0.219020868474617
22 0.263941886621184
22 0.175609977348054
22 0.089916307379797
22 0.189760004541364
22 0.318719653030689
22 0.146323664874469
22 0.098645108095965
22 0.118318053090685
22 0.240690548883517
22 0.258809400003266
22 0.302871368431024
22 0.343402019903676
22 0.205865229363274
22 0.154500823297040
22 0.158731424158070
22 0.140759063441905
22 0.266808475688303
22 0.270454763978219
22 0.161396871848341
22 0.185380779302751
22 0.131313328163913
22 0.190540969130468
22 0.202095706553155
22 0.259111099769644
22 0.100361789456382
22 0.201802429198783
22 0.241949190650825
22 0.203506112592128
22 0.163736254663419
28 0.460466583291081
28 0.477399855160725
28 1.104303549682395
28 0.179058112891863
28 0.436245175407652
28 0.368915704559218
28 0.251022890507737
28 0.558988120353821
28 0.353093949743553
28 0.623233498136086
28 0.361556096914666
28 0.179831319698012
28 0.419591227033989
28 0.446250026408999
28 0.438858121811178
28 0.249746714599850
28 0.550211478722215
28 0.318037767430877
28 0.351109292082635
28 0.559015972190967
28 0.412562344280899
28 0.349352247866895
28 0.259181564942955
28 0.505681363754261
28 0.396372548413677
28 0.318419442916484
28 0.448489716169867
28 0.327840517231377
28 0.481204197751274
28 0.379982971765926
28 0.313231878766335
28 0.391408777772020
28 0.583836825485548
28 0.500394491835021
28 0.810565246633363
28 0.376962910132075
28 0.316978149599316
28 0.353067203495034
28 0.314389710643947
28 0.395039984536493
28 0.348170393408106
28 0.326773902841110
28 0.269394525855874
28 0.495613832079345
28 0.483362981054522
28 0.518637162160510
28 0.310363680920901
28 0.319770637107079
28 0.404338518390377
28 0.538230077379525
28 0.331930299776331
28 0.535517622047801
28 0.585856104237459
28 0.376214665991018
28 0.734269813389971
28 0.332408309917522
28 0.540601755027788
28 0.436730471776733
28 0.586397395619709
28 0.361388943512089
28 0.555551826148548
28 0.379925131509641
28 0.246947957501270
28 0.631005279195517
28 0.502467714331028
28 0.298441812963943
28 0.368622071207719
28 0.534199856314205
28 0.374315583781703
28 0.340327280806224
28 0.628904643841341
28 0.322096737594639
28 0.570787299543146
28 0.480667780638830
28 0.247105546456445
28 0.487725105089987
28 0.270900865845246
28 0.429843437611871
28 0.226939613034880
28 0.722977098018528
28 0.461206510597442
28 0.549585397528090
28 0.519134163379218
28 0.537053032897178
28 0.409260403003431
28 0.610687191199739
28 0.323053572419840
28 0.512525923288263
28 0.783078177073526
28 0.487658683559425
28 0.284082988228791
28 0.491002658117250
28 0.415625550380090
28 0.588132405655465
28 0.289481869412344
28 0.683821562718618
28 0.288830143940055
28 0.506982949625395
28 0.227567491293847
28 0.384674854246718
28 0.482260403713013
28 0.376487611425360
28 0.261337600647048
28 0.406328305420150
28 0.454990078699385
28 0.499757662690387
28 0.429261202661414
28 0.318889986200872
28 0.425013085200234
28 0.271202303439090
28 0.499331331753253
28 0.346392337827367
28 0.729693067741897
28 0.687669916502291
28 0.390652571266547
28 0.413150152701664
28 0.518388363335082
28 0.818381751684309
28 0.191462425354072
28 0.666106533663055
28 0.283065121822243
28 0.585731257013485
28 0.453214884958281
28 0.473143815491113
28 0.674729997714070
28 0.290588753058748
28 0.339859331468973
28 0.287133481585395
28 0.531833421256693
28 0.495601351961897
28 0.313073174072316
28 0.504434625919529
28 0.336456788286878
28 0.783320314965938
28 0.269883390520775
28 0.445183785890653
28 0.496834316388235
28 0.540659972510387
28 0.232031586754228
28 0.396007679972669
28 0.355245025963074
28 0.689121614123121
28 0.331679541928256
28 0.468120042463108
28 0.270909117377232
28 0.793426810475176
28 0.613900524424885
28 0.366953401958104
28 0.694181737472284
28 0.318876712537623
28 0.268531608619353
28 0.397768999380807
28 0.559244803561075
28 0.412952024473782
28 0.290068076718894
28 0.237111661006157
28 0.385588975664492
28 0.553759331713912
28 0.448014781933183
28 0.442854618338905
28 0.647974048439974
28 0.380669505831998
28 0.427548021665946
28 0.599170699755708
28 0.309170445135274
28 0.427675645518841
28 0.478534367144368
28 0.322878800431991
28 0.318607596187168
28 0.321973924969244
28 0.297605947631136
28 0.420108905050188
28 0.443340715088122
28 0.290097878858839
28 0.391489419064483
28 0.332160482931812
28 0.617442902671549
28 0.539346041351072
28 0.556343866195181
28 0.667249537109391
28 0.335891414682127
28 0.350844451879758
28 0.482289271125637
28 0.361900880652746
28 0.431698691532382
28 0.557870320958409
28 0.273946941170881
28 0.394897358172003
28 0.334865899950074
28 0.290773272711234
28 0.286608631715430
28 0.544798080754413
28 0.505841287187077
28 0.299872963143822
28 0.339303532011842
28 0.272964517802359
28 0.414547023367001
28 0.344942163508421
28 0.697728991104650
28 0.381019643428171
28 0.351975087531040
28 0.505519771496752
28 0.324065403557384
28 0.657384083287659
28 0.516266627457818
28 0.336288655505291
28 0.271402600974221
28 0.340255735348165
28 0.406639324567700
28 0.508971122273791
28 0.641693035790906
28 0.366587462364073
28 0.236249983918006
28 0.327397231699979
28 0.544918213220897
28 0.614034237762517
28 0.313642714550209
28 0.272268611542280
28 0.734210511010548
28 0.408206960462444
28 0.430372685953501
28 0.600364925116563
28 0.379016518965528
28 0.295748182308884
28 0.709536733147416
28 0.399988914730330
28 0.315167571749616
28 0.268307111387186
28 0.566359127677357
28 0.348519472913400
28 0.490551752988379
28 0.280474504886038
28 0.308655665889435
28 0.386973737742179
28 0.572709750216901
28 0.524541719745538
28 0.374762182563821
28 0.492442731893453
28 0.298453388027015
28 0.360340323841140
28 0.315167768462500
28 0.584471732838817
28 0.241158475777352
28 0.329759672261618
28 0.369719371778457
28 0.388673568726484
28 0.488139755249334
28 0.450201276281658
28 0.302543352474571
28 0.189361927238270
28 0.394778180951651
28 0.832912044471573
28 0.640558048794274
28 0.326719536492972
28 0.292544064634193
28 0.803496084296696
28 0.410982389095206
28 0.338423069964669
28 0.606855180384421
28 0.343945640185479
28 0.438531868532752
28 0.534860452572937
28 0.583358138720412
28 0.359293788536243
28 0.341017942689120
28 0.436477049698457
28 0.340565038777807
28 0.986759332512291
28 0.609129398538353
28 0.544124788855460
28 0.460783848882993
28 0.367567335806873
28 0.233846385907011
28 0.576216757708432
28 0.400978356363002
28 0.551127683388275
28 0.249646544240472
28 0.453807033408770
28 0.814165652452980
28 0.195292208791773
28 0.307650212832858
28 0.670520717305015
28 0.409895174177525
28 0.442293007596318
28 0.320912626544954
28 0.514566461438005
28 0.375364774890404
28 0.440051632037997
28 0.635688424103528
28 0.576883046873777
28 0.338842924950440
28 0.306341347164461
28 0.456527737277014
28 0.357839852965966
28 0.313199878258696
28 0.411685531621564
28 0.214951452217817
28 0.560380634839399
28 0.495851992364678
28 0.387113040737473
28 0.281088313280705
28 0.294716949911291
28 0.268405148160739
28 0.377335517688916
28 0.509391610640364
28 0.446892615280807
28 0.324388070243165
28 0.432897596336921
28 0.388531172324711
28 0.751471454817787
28 0.353929570772864
28 0.338359145630287
28 0.247869112667513
28 0.280036397736338
28 0.302602927480026
28 0.848384968789731
28 0.243790593783856
28 0.649439525529508
28 0.630088748212746
28 0.266055417416504
28 0.396959787383415
28 0.235134130614715
28 0.417376111269284
28 0.435622636148704
28 0.430307032353144
28 0.359447837527904
28 0.466115281251832
28 0.273106467369389
28 0.373569793088628
28 0.519677321311052
28 0.290923267163044
28 0.630823878965288
28 0.503020043971037
28 0.743177827203271
28 0.731151127037203
28 0.493733508979851
28 0.591998493321232
28 0.224633972530992
28 0.496986691575572
28 0.330667350356206
28 0.535955160692978
28 0.335085367518511
28 0.593930804418946
28 0.344537324874927
28 0.298468807850645
28 0.337379945618165
28 0.324019624192834
28 0.397783088935590
28 0.266940260964543
28 0.538841888723259
28 0.316114245576560
28 0.556531032714583
28 0.163699723300105
28 0.329145885777134
28 0.655985584754802
28 0.816696172290206
28 0.469586567718025
28 0.505531500017153
28 0.547584797146049
28 0.768253378324766
28 0.390114965803923
28 0.398800835709648
28 0.649590965060798
28 0.436009436826446
28 0.857825977567708
28 0.373038867082663
28 0.370177376283654
28 0.229445071329384
28 0.923834448837753
28 0.488721090143073
28 0.334248957437715
28 0.480285730836546
28 0.501482018004916
28 0.251944627545125
28 0.324793081843851
28 0.377706484854511
28 0.290828492376689
28 0.506168522461991
28 0.303503969409287
28 0.430991331439868
28 0.610660272579593
28 0.272393346523474
28 0.313911604049157
28 0.327113739934068
28 0.597118365202125
28 0.358444801757700
28 0.299701244046751
28 0.739392561642709
28 0.305529755136318
28 0.406234529486322
28 0.381976216134878
28 0.481371467993766
28 0.458146988614450
28 0.253674870320200
28 0.331036456481102
28 0.554619119898611
28 0.256842543098128
28 0.487755043242895
28 0.507875435316677
28 0.345591464711700
28 0.592258295669448
28 0.381285576426231
28 0.265370612976691
28 0.556226765767784
28 0.699678928736488
28 0.362417246119062
28 0.620129047319907
28 0.459532565669786
28 0.248969186775226
28 0.299604177522062
28 0.447856266611034
28 0.311561740841523
28 0.570368535245477
28 0.499115374643871
28 0.554053096127924
28 0.639099817005760
28 0.442575952630999
28 0.345248375596622
28 0.472833218644035
28 0.543092908352860
28 0.295637413480374
28 0.369942609825835
28 0.459811759506993
28 0.376724369376221
28 0.520474540093813
28 0.419676969075947
28 0.375524728951584
28 0.357202144424072
28 0.309232890635292
28 0.323816819651066
28 0.388364446532278
28 0.319953572103147
28 0.321343436540930
28 0.268040323821825
28 0.418618696939436
28 0.244265730634138
28 0.333705424637396
28 0.295884114911600
28 0.329411253157459
28 0.601513632433086
28 0.335055126455952
28 0.301878573924808
28 0.561121440915429
28 0.477202579853730
28 0.264326456086889
28 0.402003073071076
28 0.531893840785820
28 0.483410999425400
28 0.427774664237926
28 0.493621722077663
28 0.394489142235239
28 0.493342865407003
28 0.287257712782270
28 0.423229112376282
28 0.349513693195041
28 0.284509433824297
28 0.361593368715068
28 0.238317134601094
28 0.713154575109625
28 0.700936232328246
28 0.443332343144562
28 0.414429240167356
28 0.738907244123843
28 0.373526424744391
28 0.765427941565351
28 0.507731005975655
28 0.358494681989387
28 0.487764978300754
28 0.370025115521724
28 0.497737782120753
28 0.441603826637949
28 0.618093505709307
28 0.423766557717527
28 0.691078925566390
28 0.404932476764673
28 0.341578487830596
28 0.406530149853412
28 0.562706670601909
28 0.438797338449591
28 0.517484623985621
28 0.314563706468726
28 0.616410313275491
28 0.607139510173077
28 0.479921699633154
28 0.423050885899135
28 0.336480310614976
28 0.368931345784895
28 0.545020865473324
28 0.505547723421385
28 0.307375569930967
28 0.224978885985212
28 0.440933941974348
28 0.393735309239427
28 0.259706768457306
28 0.489431283955038
28 0.366224740677278
28 0.663488592433285
28 0.265722289541763
28 0.427417356852402
28 1.129042580283774
34 0.553699692658594
34 0.567336132978424
34 0.909030453995458
34 0.812364838863040
34 0.568651965755094
34 0.933931719915225
34 0.724349347726483
34 1.199267310014526
34 0.695778818304166
34 0.498387451588473
34 0.508620962290539
34 0.757399894441334
34 0.796489519190649
34 1.314250274667050
34 0.790432449662224
34 0.920473499117267
34 0.586437709600443
34 1.615088157008862
34 0.568434953222685
34 1.129566054639411
34 1.325197919489010
34 1.098691307328224
34 0.995923421925502
34 0.856649848876779
34 0.630351138934434
34 0.738445703537889
34 0.764567494732656
34 0.434507178768058
34 0.807112828648440
34 0.780652198072487
34 0.694833318495260
34 0.785071340387817
34 1.085079537320004
34 0.581944833325637
34 0.958011111249625
34 0.885652755436708
34 0.703723315421761
34 1.064520891862018
34 1.086350659393969
34 0.916386280037382
34 0.424920093168637
34 0.800563701329529
34 0.535480197707944
34 0.644089874825687
34 0.600489530735261
34 0.971414977140215
34 0.486343341366847
34 0.410777293485843
34 0.503085974201514
34 1.136814512559845
34 1.147464659853422
34 0.528086628063881
34 0.664825639369434
34 0.779555327965088
34 0.707983695821771
34 0.731499618877848
34 0.627680773312825
34 1.260855868194334
34 1.153114462738718
34 0.460333180743337
34 1.318969817559262
34 1.490616784815693
34 0.477294353291873
34 0.977667345106219
34 0.802881738405721
34 0.948312276502786
34 0.646385168147746
34 0.892041802981479
34 0.539809387991967
34 1.030977499785183
34 0.834589084154930
34 0.910416142967923
34 1.100034662061745
34 0.597719718743454
34 0.582123989578341
34 0.627514004084066
34 0.731997598318582
34 0.829721509605869
34 0.694645297416404
34 0.994834485341340
34 0.483426803485246
34 1.135500042595202
34 0.722261225966514
34 0.848041879926621
34 1.119426651106129
34 0.613751082987488
34 1.366195997478341
34 0.785575670412217
34 0.805833958300752
34 1.120155246409366
34 0.879777107849359
34 0.683027757216892
34 1.350765067816934
34 0.708776324242629
34 0.684807444765008
34 0.589655726315103
34 0.956514885006017
34 1.439802542461803
34 1.232338942189745
34 0.588388329397718
34 1.111308924253578
34 0.605419310345315
34 0.619393335752311
34 1.365376997891232
34 0.387490817056567
34 1.571136195862226
34 0.737379175131890
34 1.112306419155313
34 0.748208727424373
34 1.368608470768703
34 0.412824041305035
34 0.494498836731950
34 1.049437920284781
34 0.596868701033806
34 1.087505741451299
34 1.024280728424150
34 0.985557677589726
34 0.999658869712669
34 0.556572512085429
34 0.863271491449199
34 0.943207097592455
34 0.680654504488856
34 1.237887682491102
34 0.878054319863137
34 1.154918145711460
34 0.899096555434073
34 1.473789263098728
34 0.885003869563017
34 0.778702129524995
34 0.738251033318982
34 0.935895620538808
34 0.431980522861306
34 0.854660385971711
34 1.263737343467279
34 1.278134165565011
34 0.904471227590436
34 0.667866367321127
34 0.791716021439044
34 0.929608144526952
34 0.884557657402760
34 0.560696407256608
34 1.083259105398989
34 0.706707835134763
34 0.574623359644893
34 0.643556923631846
34 1.212033474724239
34 0.939196496545035
34 0.708865222266852
34 1.131179776596921
34 1.032358096297981
34 0.835551791829843
34 0.827249804300343
34 0.778810010239511
34 0.892781506138133
34 0.776485743633113
34 0.586713294870365
34 0.645808348240658
34 1.067500768317295
34 0.625066121325289
34 0.453072395444783
34 0.862294390461395
34 0.419732431323768
34 1.098347607407023
34 1.088477306657120
34 0.779582187237362
34 0.781380211557276
34 0.878260433956533
34 0.686449679460759
34 0.943751163095119
34 1.265686325310165
34 1.221430561031399
34 0.748369157678769
34 1.022715969175194
34 1.161856469196858
34 0.630354556598190
34 1.144283751330669
34 1.312807882868626
34 0.720180604318768
34 0.517727063041035
34 0.729828055653743
34 1.044464746003027
34 0.824230259277549
34 0.619539565390554
34 1.059981348150272
34 0.597593285792577
34 0.947031097950499
34 0.585586585012924
34 1.218030454754808
34 0.634407818126692
34 0.954999305622612
34 0.552286163959829
34 1.049487748324241
34 0.687892194739959
34 1.025476190858892
34 0.880681656144334
34 0.934982136502850
34 1.055848005163882
34 1.071148675737132
34 0.746357996721030
34 1.247655207272337
34 0.392013281282935
34 1.041287064325419
34 1.015211434982229
34 1.684218896086116
34 1.171322734267692
34 0.824815226315738
34 0.601314668035734
34 1.161305559298309
34 1.265814744181164
34 0.891361907020920
34 0.964383720318124
34 0.619470661188043
34 0.958902002934958
34 0.984583196763039
34 0.702527685635808
34 0.579517383937431
34 0.741159374728853
34 0.985910949365434
34 0.918140915237543
34 0.479270645955463
34 1.557217317815188
34 0.656061382312600
34 0.835166831042078
34 0.735043093368939
34 0.601539996136131
34 0.785822415134958
34 1.223684700617487
34 0.809798899351830
34 0.568856018333255
34 0.454116950589343
34 0.657366357727749
34 1.259326693426384
34 0.673443346461852
34 0.457559671420558
34 0.457651367476421
34 0.672859063575471
34 0.521689731908442
34 0.975932065038758
34 0.518443126913382
34 1.017232774484083
34 0.899632918904726
34 1.016660307573259
34 0.662205365330682
34 0.400008200677982
34 1.111689328326630
34 0.913204023259447
34 0.941646473308334
34 0.647540846846333
34 0.553891441044172
34 0.582540099502276
34 0.635237744931673
34 0.809787384639389
34 0.738500385585255
34 0.539083704168792
34 1.249897774111520
34 0.594345938201962
34 0.511686008735800
34 0.998177178812816
34 1.018615763317080
34 0.755241724238367
34 1.040062093889251
34 1.100270024802485
34 0.631126898621094
34 1.249418877026913
34 0.469456052860274
34 1.108822027819844
34 0.771217884686469
34 0.763293514681281
34 0.421396230621950
34 0.910806634421742
34 0.941972111625614
34 0.710786831879812
34 0.816862565366409
34 0.593044008511906
34 0.544611504129255
34 0.967403050384914
34 0.883101474098474
34 0.631717825244660
34 0.714133340138615
34 1.074810423754173
34 1.080879331131675
34 0.793055895367831
34 0.512398212873620
34 1.228146320205902
34 0.879177396431835
34 1.030676631442518
34 0.951503221095191
34 0.710311848003550
34 1.102355950663734
34 1.423710705514302
34 1.081606978744279
34 0.623105270532334
34 0.552301419596310
34 1.073134337094173
34 0.504674212888746
34 0.510929660459611
34 1.004954049715347
34 1.154444550312352
34 0.926178609734066
34 1.719218137952061
34 0.382120395825963
34 1.348402791989253
34 0.897965941613844
34 1.010027436817802
34 0.555485738530124
34 0.918671261664074
34 0.854402453917599
34 0.488378395340695
34 0.658136228444039
34 1.103227384968227
34 1.017604447351851
34 0.897588918495980
34 0.543247029611381
34 0.693324922870864
34 0.711720472310378
34 0.586706130022382
34 1.390475491629414
34 1.116711503277930
34 0.748976542040173
34 1.388329797348700
34 0.964230243284168
34 0.644823714968656
34 0.968189079948089
34 0.425089732020522
34 0.732621464942790
34 0.422198691376031
34 0.591937620051328
34 0.568995871198340
34 0.997425845883308
34 0.753392085839244
34 1.044484239936764
34 1.056757301059111
34 1.131458693006585
34 1.218834382341063
34 0.442505260307084
34 0.888328512552949
34 0.626748808456529
34 0.867490780934530
34 1.165789024539251
34 1.310658070898739
34 0.762661118624221
34 0.740427874520975
34 0.614651929533435
34 0.776219647308882
34 0.723410339621489
34 1.117221534790429
34 0.834722928955342
34 0.643755525626089
34 0.534808338296290
34 0.964389806812198
34 0.982521730882135
34 0.598090367623620
34 0.899431407461843
34 0.472304945229147
34 1.917233597567944
34 0.867970980318620
34 1.485950657513516
34 0.875682921032046
34 0.832375407753616
34 0.976254172534000
34 0.708986779913679
34 0.945372920799151
34 0.644392108640369
34 0.667448711334421
34 0.679793241586817
34 0.590527604458228
34 0.790793025424332
34 0.588913882787346
34 1.033397728249564
34 0.730424399835772
34 1.162174503306336
34 0.385015412760766
34 0.663453992437617
34 0.671640971621191
34 1.213271478387560
34 1.211872426303125
34 1.685193032887582
34 0.933433485690509
34 0.819329834047158
34 0.773001496375458
34 1.115913857397915
34 0.775167766903968
34 0.827340910506036
34 0.788470986713810
34 1.158123430075590
34 1.130157437431598
34 1.682238603952710
34 0.885028239517522
34 0.700204879410251
34 1.018124501242198
34 0.844824798474157
34 0.643991312681705
34 0.878439110830994
34 1.106362376005398
34 1.226955662378368
34 0.814309408931893
34 0.982390439122180
34 0.870864917695360
34 0.559795787078534
34 0.855535910255325
34 0.870223005649230
34 0.710404926995131
34 0.684620902700606
34 1.077218112572939
34 1.020597356723144
34 0.669174317073917
34 0.915510647122279
34 0.816706455537364
34 0.586689975989048
34 0.447618613981035
34 1.146392416466147
34 0.601976597919839
34 1.168298801271751
34 0.765775082470702
34 0.443038173901656
34 0.655760558815756
34 1.052793369453105
34 0.786596491532687
34 0.709681679113044
34 0.750430936181642
34 0.475783121726361
34 1.053268466545087
34 0.759068754532456
34 1.168737232091970
34 0.723262807631870
34 0.926830669427056
34 1.180928633990344
34 0.713600744765237
34 1.327799691847412
34 0.601002871024291
34 1.483810953699886
34 0.549352920938849
34 0.544549851123269
34 2.148198367975662
34 0.462679112884905
34 1.062793104941794
34 0.765871890248496
34 0.889823466620869
34 0.959188165873694
34 0.829517058079997
34 0.577562851743125
34 1.927920133923516
34 0.712028026333527
34 0.964458674026416
34 1.180916339870688
34 0.912771095242395
34 0.836022066619539
34 0.692276767897957
34 1.401185581389449
34 1.323847342237288
34 0.949725433486278
34 1.083486046538804
34 0.541985762614625
34 0.668355450647319
34 1.017762560707595
34 1.699723670759977
34 0.958987204075451
34 0.742828461839801
34 1.782668615591423
34 1.111912604263741
34 0.574722336840918
34 0.714122439460874
34 1.071484569345738
34 0.442030625750981
34 0.729138308323949
34 0.602389827251037
34 0.642939093539793
34 0.586384377001095
34 0.631661128358951
34 0.687393449642451
34 0.931039386942040
34 0.494542962868552
34 0.788943860888881
34 0.632829835425539
34 0.436386941299417
34 0.695228026988113
34 0.540832179348738
34 0.633684092481910
34 0.571553488231434
34 0.616565065037100
34 1.053203477548898
34 1.196911923047655
34 0.604327990192657
34 1.183710535750508
34 0.445736153070209
34 0.741125804167899
34 1.267304372895057
34 0.704960994973469
34 0.490700385946481
34 0.912789176077109
34 0.755335511133610
34 1.134896012332486
34 0.824371527865413
34 1.254645437677297
34 0.610239320706713
34 0.400741513737983
34 0.585475583432119
34 0.652249308730428
34 0.702664949814678
34 0.959348230025556
40 0.885660505838903
40 1.861336448473487
40 0.875209700386055
40 1.740051964750149
40 1.111134838261124
40 1.174350355797573
40 0.737746722099432
40 1.098466723666173
40 1.097279796055478
40 1.276210799732700
40 1.279713782548389
40 1.246761886392255
40 1.351045750830835
40 1.397174844884910
40 1.170988000947726
40 2.068529847562047
40 1.092764593209202
40 1.301792780283389
40 1.649163268224921
40 0.943866028049076
40 1.707438811877118
40 0.974878939364649
40 2.357251401044547
40 1.611447762907368
40 1.197495935925883
40 1.838946449043338
40 2.120301445573896
40 2.007988698623008
40 2.304338626049475
40 0.935546473844007
40 2.472090940342712
40 0.909588076759963
40 1.383655510585974
40 2.288357642503994
40 1.929788505502810
40 0.935917401583943
40 1.357241972822560
40 0.920698082669610
40 1.253342880886462
40 1.481865328145061
40 1.280346341743668
40 1.818405028593727
40 1.720385825388977
40 1.111492781748382
40 2.559799720651693
40 1.441995173419173
40 0.842693932450379
40 0.999854717254950
40 1.103923013489786
40 1.392842718540825
40 1.883224913776708
40 1.131971931132696
40 1.604902050099048
40 2.543845025633876
40 2.624397574936713
40 1.321626342044324
40 1.884320225740595
40 0.800079333115562
40 1.149805438703975
40 1.212363897971377
40 2.152538770300666
40 1.999357000525132
40 1.143431657019081
40 1.017786142710912
40 1.188034109465569
40 1.215987451730734
40 1.424369278773947
40 0.917822436112306
40 1.563503188870019
40 1.232305208115286
40 1.227362984895766
40 1.018521029498267
40 0.972096565432798
40 1.749736273905034
40 1.136274965783656
40 1.304938098187359
40 1.809269224393526
40 0.781445788498640
40 1.584625150175683
40 1.443777212733879
40 1.034039556925755
40 2.927120226961447
40 1.149925541000792
40 1.396128125115645
40 1.183669314424440
40 1.775684628832009
40 1.000956960648169
40 1.439721445573030
40 1.084695358832862
40 1.370362110503979
40 2.088833631787185
40 2.748146398000882
40 1.747494176671426
40 0.953918093050355
40 0.790195121043858
40 1.700430203868621
40 1.110806167016509
40 1.685781402557297
40 0.887895503587993
40 1.081707697046951
40 2.178565571243034
40 1.127772743886663
40 1.768951478738630
40 1.490534348498840
40 1.997408578042266
40 1.457917889026507
40 1.078676420385126
40 1.984872631452399
40 1.074973270132043
40 0.977883459621360
40 0.916245131701167
40 2.363253860958089
40 1.762138043939519
40 0.700512031579601
40 1.242855425513715
40 2.254243091637852
40 1.351033198425467
40 1.632982852863131
40 1.701199616609657
40 1.466632765290637
40 1.073826078114493
40 1.128066945985912
40 1.418239473285771
40 1.722644365119781
40 1.430302456729025
40 1.354067068134038
40 1.220952093896717
40 1.284042502079485
40 1.752697844356790
40 2.463328314738449
40 1.939687704395470
40 1.096978209289934
40 0.828145452665913
40 1.626414470192082
40 0.835054770803138
40 1.463967689796565
40 1.014936669247776
40 1.579520542784882
40 0.668801567980291
40 1.063982940911824
40 1.399678106043664
40 1.002815108364651
40 2.283237320447697
40 0.908944105594845
40 1.841671932313629
40 1.389731416957922
40 0.851192130883101
40 3.200008586927650
40 1.022388404618527
40 1.118219337727723
40 1.338325102614968
40 1.100428950709627
40 1.254850922776273
40 0.819614868905138
40 1.482103640518899
40 1.122413730544961
40 1.432388958588296
40 2.229566836464181
40 1.432932125218947
40 2.480579017743651
40 1.307853989294868
40 1.441450158671151
40 1.206110036579640
40 1.197414427410845
40 1.002672386348351
40 0.789232696758360
40 1.827273386975055
40 1.285097057862931
40 2.158074958474914
40 1.716767012019723
40 1.095541863506080
40 1.635558910127185
40 2.110301482671188
40 0.891414747544104
40 1.539674471449763
40 1.306458366003692
40 1.732642601345615
40 0.981874891761043
40 1.864125401878589
40 1.920946046790602
40 2.690586580915317
40 2.170239635689215
40 2.174970763252141
40 1.175353694144025
40 0.671612191380857
40 1.204523577322208
40 1.097046103218133
40 1.234192147755031
40 1.459698330705942
40 1.007504836446378
40 1.071784575925502
40 0.920836480913731
40 1.852587310179294
40 1.895422091933819
40 0.978575401754666
40 1.762100869125060
40 0.992883995243171
40 1.010084718583762
40 1.021536181670442
40 1.180510282792335
40 2.609102368938393
40 1.905122535334181
40 1.709326552478380
40 2.040868925876993
40 1.511178174033583
40 1.285344458018725
40 1.282767140165522
40 1.214437219728483
40 1.244175241356532
40 1.481581429963223
40 0.818349653083326
40 1.263961567231194
40 2.102827422522244
40 1.253887567691429
40 2.003249785031306
40 2.043900384823475
40 1.354416572620979
40 1.608985044493944
40 1.588270022576724
40 1.317008020581898
40 0.794076285873196
40 0.948701766891494
40 0.578692099797188
40 1.827942813470518
40 0.850512863647152
40 0.944897927608475
40 2.068385728915445
40 1.929060570992707
40 1.859605390914385
40 1.578403044455570
40 1.675299741652887
40 1.589326445004378
40 1.365232162843697
40 1.252450809284925
40 0.788029529954787
40 1.166445900363568
40 1.044348950904530
40 1.593086786017475
40 1.607957585107200
40 1.654428693053889
40 1.521163401714134
40 1.299806267440563
40 2.168788189603168
40 1.493011081181315
40 1.615087959307762
40 1.328229151259825
40 1.411310213745598
40 0.852945794301545
40 1.385972151638887
40 0.667926538523416
40 2.565943837949713
40 0.989521202185154
40 2.852159170086813
40 2.000598160218100
40 1.102219849284197
40 1.003461896302806
40 1.231989159991544
40 0.834127282987568
40 2.169604716664276
40 1.313472520575965
40 2.182163347879974
40 0.946839971671153
40 1.276603028636586
40 2.826292576006114
40 1.465819537182051
40 1.462497391056861
40 1.667648920792931
40 1.738007639845485
40 0.714562954204863
40 2.575523569018653
40 0.972741878894850
40 1.202762832791360
40 2.255661841140550
40 0.874376128329910
40 1.377575911475947
40 1.233429027021062
40 1.333985930952528
40 1.720726583728186
40 1.164857222044935
40 0.848389142823679
40 1.105078277603510
40 1.087728165002463
40 1.108285702866635
40 0.805354616067987
40 1.104465484588118
40 1.196094602815165
40 1.490048721236092
40 1.221434791164728
40 0.904945647581151
40 1.745277529829494
40 1.831695132600999
40 1.394108392118671
40 0.928369584745452
40 1.164478334484953
40 0.901795914250043
40 2.207092611622244
40 1.275644665253175
40 1.000385919939916
40 1.349578296617928
40 1.788061214347112
40 0.909547473203368
40 1.877626082507069
40 1.734630090327023
40 0.955124222947079
40 2.653283118730645
40 1.948650945669278
40 1.457477432950947
40 0.824060932688594
40 1.050104724255327
40 1.104939341294159
40 1.317181615799168
40 1.407437959623543
40 2.945384839078207
40 1.073564455873811
40 1.053363940120297
40 1.835960238511146
40 1.779237836294493
40 0.929936975928495
40 1.701911137330531
40 1.779879346381060
40 1.840280839193259
40 1.475030810957042
40 1.283898181928361
40 1.520589698055922
40 2.858327481015731
40 1.753509799870329
40 1.514566885829070
40 1.154828988981699
40 1.452556202410047
40 1.453087103657071
40 2.080155560562126
40 1.810742389547139
40 1.187577126723116
40 1.225296400141396
40 1.113480768246092
40 1.118820646316806
40 1.539326284287949
40 2.403268246829874
40 2.205211988067580
40 1.791992209825465
40 1.600311731848269
40 1.373985670157919
40 1.591504629934274
40 1.306984833915310
40 1.297354319708595
40 1.666576674337438
40 1.171660001037461
40 1.328141729221823
40 2.138556540454859
40 1.059686982274631
40 1.623036926654988
40 1.188897140543478
40 1.110760308295955
40 1.672180775712865
40 1.597297174445053
40 1.159913124171421
40 1.271534158857813
40 1.257584906603189
40 1.261713898342947
40 1.038025503938332
40 2.425829969098235
40 1.364845777754734
40 0.968494295912167
40 1.860138105876074
40 1.208667526977543
40 3.325614319606994
40 2.118540157557630
40 0.980705476819348
40 1.026466928093384
40 2.070293203623891
40 1.166918812525203
40 1.273030882697980
40 0.793601225847130
40 1.546323662576313
40 1.555721259339527
40 2.479771972481213
40 1.091888093163005
40 1.399374110509726
40 2.644655288166920
40 1.098641172771362
40 0.874509175854135
40 1.563078269840160
40 1.711544769430818
40 0.968193643148018
40 1.038035209325198
40 1.471922360031432
40 1.674046038137273
40 0.963352962660848
40 1.168001163720962
40 0.846525294843499
40 1.106262255710648
40 1.699154255406084
40 2.723451737088414
40 1.120401359056519
40 2.153334183336024
40 0.857731131799239
40 1.329656157631351
40 1.817985677214764
40 1.253122872123983
40 1.506455131959033
40 1.048973487208769
40 1.601407602018092
40 1.298124346147544
40 2.450818121471009
40 1.710816587261235
40 1.769382583214316
40 1.176103599526794
40 0.924238991483797
40 1.112908028457187
40 0.978862378529435
40 1.113060250818283
40 1.899520215907534
40 0.752613310879934
40 1.578797688979183
40 1.051416368108358
40 1.036099144542874
40 0.838634139129555
40 2.099299834407550
40 1.040319767030610
40 0.894206872749086
40 1.265457325103873
40 1.889586311678205
40 2.082338833124339
40 1.353371312580563
40 1.373455401062254
40 2.025412158697588
40 1.642598437427424
40 0.847892374410037
40 1.738182781579706
40 2.316199529747822
40 0.945258777233198
40 1.825623311337899
40 1.002303931912504
40 2.051480996081671
40 2.783682945544056
40 1.046677413557571
40 1.222865494535379
40 1.484845591374908
40 1.213948414417404
40 1.903193474547811
40 0.929306784665661
40 1.582790947167048
40 1.091399321725671
40 1.078485872768479
40 2.422375875932596
40 1.387955367368747
40 0.928974697726844
40 1.586425134729984
40 1.631755303046232
40 1.639564082447711
40 2.199856099345036
40 1.869563919934322
40 1.435798352404624
40 1.112767032360223
40 0.646909282707231
40 3.124008550179661
40 1.015137247736328
40 1.761471899244496
40 1.033860388514071
40 0.964406966018970
40 1.016375556736147
40 1.856562774170151
40 1.054921426622304
40 1.370413339594778
40 1.284999599389005
40 1.211954693294226
40 1.532819471265549
40 1.152763034716993
40 1.346485846928083
40 0.997518571971544
40 2.055099407223037
40 1.725727336709669
40 0.853253431230232
40 2.424175218868840
40 1.267944283269477
40 1.096650318477645
40 1.359878849680463
40 1.983296352493465
40 1.170922229947323
40 1.146162632982810
40 1.306372297051526
40 1.558709440595056
40 1.321586918222541
40 1.137715414795608
40 1.859642078563624
40 1.758607071430376
40 1.508938890653894
40 1.758902425800031
40 1.434131365159255
40 1.964781966557904
40 1.345365363542594
40 2.175202026435306
40 2.808358960558500
40 2.093912400845293
40 1.348801623883194
40 1.370917897640181
40 1.533580544625268
40 0.984880575623345
40 1.120044289406289
40 0.978790944797035
46 2.048145516779907
46 3.403307572779904
46 2.267652082950900
46 1.496133250024550
46 2.271593767340103
46 2.028345440688857
46 2.960362756366987
46 3.310534577122098
46 2.036686639111942
46 1.413665146991680
46 3.630379972497478
46 2.633101249346926
46 1.332545630753435
46 1.962801335397224
46 3.132020758466223
46 1.131614239644078
46 4.916302340884875
46 2.428464225662476
46 2.290101069926972
46 2.153553143006102
46 3.359672880238587
46 1.497003413822789
46 2.024790365873182
46 1.790430758544480
46 1.390802123557763
46 2.107074953181684
46 1.942008867956755
46 3.727633264958757
46 1.218782385421781
46 3.142592966282939
46 1.762801224556972
46 1.946117255180315
46 3.333855163155055
46 1.800549067038646
46 3.515427175822654
46 2.798598675842116
46 2.281693099773216
46 3.368852367436324
46 1.866630324027176
46 3.625945767321322
46 2.049679395353010
46 1.663764159319908
46 2.849414421386726
46 2.175371533227735
46 1.882374340825743
46 1.730223345602091
46 1.303842847866070
46 2.682735205448498
46 2.456086848534344
46 2.229033631334459
46 3.075501790488209
46 1.882053326072121
46 1.567341381305268
46 1.686987630254681
46 1.750794251657391
46 1.221134256833573
46 2.472931821600815
46 2.209848969686848
46 2.020381846153377
46 1.750692835740432
46 2.070313329723378
46 2.612871171383855
46 2.027093866817102
46 3.079669858714843
46 3.398274419594053
46 1.824218076796676
46 2.058390836534699
46 1.800499534245656
46 3.712882052685963
46 2.550636308701292
46 1.956826126756232
46 2.190226187968427
46 1.706216240273347
46 2.646759752900933
46 2.134807096294934
46 2.834302778833912
46 1.463606603506190
46 2.314823041544845
46 1.633090280349133
46 2.989020567325777
46 2.001635004805633
46 2.583183690160486
46 3.138046290448839
46 2.128247360203633
46 2.965676859631097
46 1.720439943813569
46 2.320861358860217
46 1.924728431907136
46 1.983249599518037
46 1.952399557950175
46 1.526347635997484
46 2.253573603251964
46 1.070245117403114
46 1.387183216339174
46 2.343781740661178
46 2.090885117117125
46 3.769571837715246
46 1.959578283737627
46 2.063826720486824
46 3.567194066770931
46 2.103639842571352
46 2.247395343287625
46 2.049261096934233
46 1.379868270592150
46 2.290773416473496
46 2.101250188014354
46 1.386414240895697
46 1.550919007727158
46 4.131614839545271
46 1.835970941394425
46 1.400708963085643
46 3.111087211506599
46 2.211061000950577
46 2.065644903896113
46 1.325610900329520
46 1.852606151153491
46 3.834301836720501
46 1.673401419489111
46 1.646014782364065
46 1.440616847716499
46 1.674819096899860
46 1.251988871736335
46 3.077451666067285
46 2.298632557371576
46 3.634812900602351
46 1.832708018978827
46 2.085353018161060
46 2.932989902016482
46 0.836555477995812
46 2.162327224982466
46 1.536435584913369
46 1.968123487945269
46 2.848109040855221
46 1.983407166395933
46 2.155512977060588
46 3.659638595101883
46 2.787014058588993
46 2.459955856138909
46 2.385761626395943
46 2.779468846718247
46 3.257806584263898
46 3.997412285259743
46 1.435782732064383
46 2.965438765482857
46 3.555105465153175
46 1.958052560694893
46 1.489355565602907
46 1.740143057351681
46 1.436490524242761
46 3.010505603927523
46 1.853568465401789
46 2.422229925126520
46 3.420003569179832
46 2.130356398270758
46 1.863974787072756
46 1.440328995576089
46 3.825688710189080
46 3.431144352173304
46 1.583706998302757
46 3.010914251590615
46 1.964519123961286
46 1.264868640657190
46 1.980549013900083
46 2.353618214293804
46 2.738919519482993
46 2.132939409072682
46 2.604628285385376
46 1.663866106698114
46 1.776830499738669
46 4.283544059319603
46 2.815853463536933
46 1.278446645313243
46 4.122572837514922
46 1.824325851794052
46 1.698317109659745
46 2.264098895836572
46 2.185593606936873
46 1.830370517764846
46 3.339043931802196
46 2.779956759529938
46 2.987621449422596
46 3.633533752594865
46 1.308641703538162
46 1.362449708181906
46 1.296775197864847
46 1.282227402695224
46 1.386583643471190
46 2.195143169700802
46 1.825616814186427
46 2.737356798597208
46 2.154307751890978
46 3.965026657389959
46 1.581062898258861
46 1.114456143203205
46 2.283211708044167
46 1.817047087851878
46 1.810622056113048
46 2.444413490186890
46 2.255254572602248
46 3.050497144403705
46 2.650548879532089
46 2.875815692771001
46 1.425452396728956
46 2.264627502929021
46 3.701705281695568
46 2.715156876621339
46 1.973947770817427
46 3.053235212121201
46 1.913308281971217
46 1.146442230220667
46 3.305127911117280
46 2.140319505066695
46 1.957973120925779
46 2.601345237228671
46 3.285761884793725
46 2.121945440391199
46 1.823463603749971
46 1.776353182780904
46 3.250618385837980
46 2.665193925210052
46 2.689221551676769
46 2.461362523107130
46 2.387445201631574
46 2.984209518146395
46 1.888980983891789
46 2.924558685153984
46 1.669896980293773
46 2.305323621619838
46 2.766023330163880
46 2.898081554890490
46 2.857507028858369
46 1.751190723533587
46 3.057508547796903
46 2.024979608556845
46 2.830622747114116
46 1.698619701529921
46 1.244837389393855
46 2.576774897245731
46 3.254530086724226
46 2.193520129003738
46 1.635126839458949
46 1.562630834948180
46 2.149630966720008
46 2.338160014658541
46 1.239683418022151
46 1.399924086040097
46 3.566610223819521
46 3.083160582536398
46 1.043895543962599
46 1.274249111142483
46 2.548142274688904
46 2.006858847407830
46 3.488993222287442
46 1.280360943733986
46 3.807398668783987
46 2.084702174697816
46 2.111743829301255
46 3.484358441712538
46 4.631052223716949
46 3.457952023367417
46 2.624475092525850
46 3.650858021099045
46 1.901945558067423
46 2.606078837585053
46 3.959119446015106
46 2.725482548587455
46 2.643299233977092
46 2.360126486854262
46 3.691530832999820
46 1.187871685951931
46 2.879024752520202
46 1.823272285802004
46 3.862616647555813
46 1.706785095815411
46 1.380772006658729
46 1.992513827943009
46 2.045137489088691
46 1.648348749427884
46 2.221672076338438
46 2.143858440236239
46 2.721448269492113
46 2.446827354388545
46 2.111966788234753
46 2.747870074193831
46 1.402769224189926
46 1.899272305645074
46 5.176024778869036
46 2.273336394384974
46 2.666193196537011
46 1.503034788976313
46 2.072422083184900
46 2.232628248528751
46 1.193594837369785
46 1.818288710868605
46 2.489276481728344
46 2.080951816189213
46 2.760886823455920
46 1.715401214595459
46 3.241896154056061
46 3.429706528731539
46 1.170263524998149
46 2.120827543669842
46 2.587650144750658
46 2.867830678972204
46 2.262402332294775
46 1.544240674129731
46 2.348592149827736
46 1.697069644466003
46 1.936214039319498
46 2.218944393497542
46 3.350220549383971
46 1.841783175027842
46 2.187910914933069
46 3.865000019302133
46 3.706353750373757
46 1.767607061880385
46 1.005073351219028
46 1.789056600762466
46 1.781480632591678
46 1.596793233819326
46 1.747309088053627
46 2.171827989831744
46 1.581003994355301
46 3.711993117901884
46 1.792502586225457
46 3.386478964663048
46 1.105958591985376
46 1.781789573712671
46 2.212272089328895
46 1.235930682797366
46 2.043808533748051
46 1.718674567608973
46 2.289648265825355
46 1.543707505444095
46 2.877007002754413
46 2.088586853024398
46 1.765661726911972
46 2.327719472036889
46 2.274557598923024
46 2.068828786339999
46 2.861009650803489
46 2.831659894879161
46 1.097020671593874
46 2.245663882927838
46 2.046641088374612
46 1.698085395241330
46 2.533856452933613
46 1.856578516428015
46 1.887937418551389
46 1.687632987743460
46 1.657545371167011
46 3.174049971424838
46 1.681350618901368
46 1.416720774643458
46 1.302260076278159
46 1.897224197445493
46 2.221553940332787
46 1.805868997507610
46 1.734836812262884
46 1.543639396770777
46 1.525680841609541
46 2.336319335399320
46 2.313878339237890
46 2.071608614814325
46 2.298846484085277
46 2.483275847791462
46 2.280578313528487
46 1.533291314864749
46 2.921541188362393
46 3.003753579250970
46 1.334077826045672
46 3.096656033807146
46 1.454994905225749
46 0.796192974916334
46 2.811105064019892
46 1.518132784682290
46 2.504031248099009
46 2.661766234219897
46 2.364685527093461
46 2.576158631170181
46 2.803850215095329
46 1.747849764899517
46 1.644022377100664
46 2.233413479658267
46 1.772870919479645
46 3.532012944201813
46 2.189431220023513
46 2.594702519472562
46 1.507831263301612
46 1.417796470632462
46 1.422641090818979
46 2.534345093160336
46 1.508770506173065
46 3.661729274469863
46 2.370262592725433
46 2.700605232368845
46 1.871974650543233
46 1.913861514389972
46 2.078115738416584
46 1.155458252260590
46 1.095508539013687
46 1.715084780765529
46 2.715472538320494
46 2.330528482048905
46 4.535742342646206
46 4.380406592659627
46 1.715284536300623
46 1.478727532763396
46 1.991771328343092
46 3.573045975951202
46 2.252316454172912
46 1.747990524374777
46 1.586795545605189
46 1.428141561764377
46 2.985878062718554
46 3.427997683547718
46 1.401385160378201
46 4.652161219910218
46 1.298221201463585
46 1.402780928462017
46 1.700532508159310
46 1.343599322309943
46 3.384372422200552
46 1.202570377855741
46 1.702573581605636
46 1.749309051530660
46 1.593330008730521
46 2.278196920052915
46 2.623663370738361
46 2.462276364355676
46 2.345641310784194
46 1.908049335449740
46 1.610859148823783
46 2.320220848069010
46 1.284692646406185
46 1.870145665691476
46 1.230852948356105
46 2.124368655723003
46 2.330457988244858
46 2.622578406442637
46 1.878704788004296
46 2.016181602903797
46 1.267408899441226
46 1.835210185535558
46 2.667652989859410
46 1.674283379127937
46 3.879396401984725
46 2.000092793111001
46 1.704915110645949
46 1.482201507444542
46 3.421451555025566
46 4.280806036663148
46 2.474110752464175
46 2.750792110453638
46 2.134271815373678
46 1.494306658106473
46 1.687460385650623
46 3.556752896995300
46 2.342634892021328
46 2.689080005045006
46 1.467920582569210
46 3.210688163044468
46 2.406463666813957
46 1.476952433557012
46 2.629264184412691
46 2.433865347833735
46 2.580557837221185
46 1.476893115174579
46 2.627154026439643
46 2.157471380297314
46 2.960220793045011
46 2.295966970381754
46 1.325046924168102
46 4.236256275433868
46 2.057218396778637
46 1.674591373605686
46 3.362688354017417
46 1.251188784011233
46 2.689559602579846
46 2.765178552296548
46 0.865109170473586
46 1.409868149440337
46 2.123577479470793
46 1.469244175058351
46 3.923574193433012
46 1.437822717622899
46 2.158876170266007
46 1.650662388140497
46 1.624079843098011
46 1.923789109889135
46 2.839619192871779
46 2.212976008368515
46 1.036517753404601
46 3.859840222443188
46 3.279509293214000
46 2.261515958134088
46 2.025373035271515
46 2.728816188712472
46 4.283395612769822
46 2.827756888219655
