10 0.025012070218677
10 0.011487300106440
10 0.014097468321447
10 0.016345099824470
10 0.022407242218569
10 0.020758293632276
10 0.021745800975457
10 0.014426585212428
10 0.030613292782033
10 0.022677767177824
10 0.021066068264962
10 0.026048059610918
10 0.017246007119350
10 0.012075308548752
10 0.015432111259181
10 0.011404398358295
10 0.011690925406264
10 0.016533224442026
10 0.030127830696216
10 0.013359358947505
10 0.014002033492259
10 0.049268727033511
10 0.015224476950678
10 0.012548944011492
10 0.017178779931657
10 0.015804585467247
10 0.008664651206842
10 0.012757457582556
10 0.019256402784236
10 0.011372012022637
10 0.020973390764676
10 0.014904311147390
10 0.014169314295481
10 0.013228121405272
10 0.010674624480278
10 0.020555613285964
10 0.009220587779221
10 0.013114120133723
10 0.047595293357163
10 0.011570072152990
10 0.032487177320150
10 0.014622161361045
10 0.015120821501311
10 0.015749231710016
10 0.010569484297584
10 0.017787858150699
10 0.019766296003318
10 0.022645345701210
10 0.013281447934369
10 0.015098197378694
10 0.022084951620430
10 0.011132546153092
10 0.025150288823451
10 0.017538172469690
10 0.009227225863559
10 0.026576884627106
10 0.029113828201041
10 0.017396798856698
10 0.031168327789299
10 0.028162992665738
10 0.026941601997704
10 0.019901724992685
10 0.019084761926253
10 0.016319309036774
10 0.018828769954268
10 0.015017571585132
10 0.015184935796189
10 0.021663521345535
10 0.010502857469233
10 0.015564919405130
10 0.016744165908199
10 0.013876276872166
10 0.015785058169908
10 0.010698604215307
10 0.020816370984365
10 0.014887053568345
10 0.018556513743789
10 0.022696769337685
10 0.016153850722531
10 0.014193820773515
10 0.012246478843037
10 0.014751862569428
10 0.013159361898255
10 0.014243018658712
10 0.010293771667343
10 0.010810629880252
10 0.015448210990367
10 0.025829202800516
10 0.009991811118705
10 0.016338317060353
10 0.010030595730657
10 0.024776710894257
10 0.029368534475960
10 0.019720462984289
10 0.022102920423992
10 0.033237072816830
10 0.019109879026810
10 0.011459135722894
10 0.019388496451028
10 0.025893498823277
10 0.013262996662777
10 0.017055362598992
10 0.025001742628283
10 0.012799858268927
10 0.020120549306273
10 0.010692839671587
10 0.024535252648655
10 0.020795483798735
10 0.010549884780033
10 0.015262067920618
10 0.020724929449989
10 0.024854797961457
10 0.021490271547659
10 0.013971351217601
10 0.014465189304502
10 0.017629395296213
10 0.013749859175557
10 0.009659064947923
10 0.022951396551914
10 0.026533277524284
10 0.016775302004737
10 0.011222570097389
10 0.010259291800276
10 0.020013642350661
10 0.017484030802711
10 0.011071097199744
10 0.016343124276234
10 0.013065844466709
10 0.013884508160489
10 0.015618531350056
10 0.012747774094107
10 0.015980917547497
10 0.010650595913729
10 0.026594165335381
10 0.015333622373445
10 0.014898012985557
10 0.013815526032770
10 0.020177581353390
10 0.010829128605638
10 0.012312932685663
10 0.012665227762757
10 0.017897834905071
10 0.022159473783073
10 0.014512602234468
10 0.023220241861411
10 0.019902592960281
10 0.012899011689122
10 0.016655321752699
10 0.019440809337513
10 0.031899696281718
10 0.011069405669056
10 0.028442027245361
10 0.019430212504531
10 0.025279794230162
10 0.014436556903695
10 0.021247614122809
10 0.016309714574015
10 0.025600303438700
10 0.038905227284928
10 0.026384342968174
10 0.013283402076261
10 0.016930944033610
10 0.018010880770933
10 0.014634962645654
10 0.016047690828600
10 0.026879380421783
10 0.014515519344251
10 0.034768654679420
10 0.017601976345364
10 0.013054291054202
10 0.014074735636850
10 0.013108312574488
10 0.020330305262684
10 0.013224284585802
10 0.013526305170800
10 0.017518594379589
10 0.016495445520804
10 0.013024730908361
10 0.014617425307416
10 0.022058881397095
10 0.016748099906589
10 0.010861413628347
10 0.010933865011764
10 0.038222140466891
10 0.031011402088335
10 0.020121373125249
10 0.020935689786017
10 0.008309583381441
10 0.027052201478031
10 0.016894565195228
10 0.009044640159578
10 0.020625207392351
10 0.025444977226722
10 0.010664852253161
10 0.023927514687222
10 0.010429235935279
10 0.019378887327636
10 0.023179348320286
10 0.023111041516635
10 0.027170706393485
10 0.027914207142454
10 0.013605339899379
10 0.008339085937909
10 0.013728327693089
10 0.018784166696241
10 0.013511546756815
10 0.018396509344537
10 0.013524248655170
10 0.010671963065385
10 0.020397210624024
10 0.014752176820190
10 0.015155394235427
10 0.020524363557202
10 0.028747905103773
10 0.019005651524635
10 0.012688500917747
10 0.011322271681735
10 0.018845574232636
10 0.016157981093372
10 0.022152665425806
10 0.019573864955900
10 0.032031562302461
10 0.015897108021936
10 0.016695466575726
10 0.014558853189540
10 0.013352315686118
10 0.017704087033429
10 0.026219657553247
10 0.019705804219087
10 0.018237336451464
10 0.014587811197879
10 0.013804102645953
10 0.019693352847719
10 0.016369826988597
10 0.024196710457340
10 0.018076879791097
10 0.020191268458214
10 0.022219234108110
10 0.013318890259028
10 0.014774856531294
10 0.015732758346109
10 0.010838549218681
10 0.024838624143715
10 0.016790749010517
10 0.023808623936400
10 0.014429682031072
10 0.014901476389626
10 0.017665087785908
10 0.020590171541358
10 0.015081479850417
10 0.013570999534559
10 0.012092887260041
10 0.013503648798290
10 0.011342114968786
10 0.016647875583251
10 0.011990811307709
10 0.012320006704695
10 0.020862184620903
10 0.016615913510028
10 0.013382350922728
10 0.013088892564772
10 0.025963928242807
10 0.013363354748059
10 0.038745038442935
10 0.009565671310062
10 0.015173093371805
10 0.024752486618295
10 0.015733126119566
10 0.021126433012863
10 0.022869013676533
10 0.013094430565978
10 0.009213750974328
10 0.023135789157515
10 0.018129203010929
10 0.022436062036468
10 0.028985260874294
10 0.014345042377462
10 0.011479696985793
10 0.031746366927798
10 0.014150084001785
10 0.021156247074244
10 0.013876315363416
10 0.012319993816200
10 0.017238527443977
10 0.017385634566891
10 0.012231203535240
10 0.018006810928178
10 0.011590752615125
10 0.018194308378630
10 0.017884530306900
10 0.011135230751984
10 0.021928010206643
10 0.016093969457387
10 0.026916509229399
10 0.012476476015107
10 0.017486287857437
10 0.018796667592706
10 0.012466436487789
10 0.017926122980826
10 0.029963715922460
10 0.007881420177022
10 0.034430647002469
10 0.014618976059785
10 0.020680439682410
10 0.010592656189007
10 0.014684637997741
10 0.017464818253511
10 0.033015249390914
10 0.025112244288708
10 0.014955864774963
10 0.026451668156177
10 0.020305320694740
10 0.015630488157124
10 0.013964411661363
10 0.014950349168639
10 0.020827327439743
10 0.011864030304219
10 0.020247684414518
10 0.016048038003811
10 0.021662681447219
10 0.014568883878685
10 0.010042182001013
10 0.017922258014784
10 0.018865688032919
10 0.019814703718896
10 0.027270080426450
10 0.019402502227422
10 0.026775097392946
10 0.013163702620559
10 0.009941587903998
10 0.009525786024860
10 0.020509845962080
10 0.021813136883501
10 0.011690888696368
10 0.019115799885857
10 0.025829592958699
10 0.022193430734256
10 0.018151735135107
10 0.021719110724617
10 0.014063200262273
10 0.034542741610921
10 0.020339905842412
10 0.018313222117680
10 0.015804012147428
10 0.014650449550210
10 0.011582872164146
10 0.015065450616276
10 0.020527472067591
10 0.014448279527673
10 0.021152603644351
10 0.026220010298871
10 0.023596843519049
10 0.012588227426112
10 0.017980057550757
10 0.019732290776904
10 0.009088235233693
10 0.018899336581011
10 0.029661586880077
10 0.021522482682170
10 0.008889521198362
10 0.014513420733831
10 0.016366875254160
10 0.018575772546740
10 0.012633422115052
10 0.012070571587830
10 0.010588391721110
10 0.017260831009892
10 0.012423101910123
10 0.016025116490237
10 0.014505420516245
10 0.025789360957771
10 0.020781774307145
10 0.021788330557700
10 0.016558847079977
10 0.009242596449075
10 0.014012336025593
10 0.022343443260808
10 0.012870486854895
10 0.010274972048884
10 0.021980039776126
10 0.022859432484699
10 0.018895852646551
10 0.025139619145935
10 0.019771639974790
10 0.018950550162731
10 0.017872096354331
10 0.013680321439375
10 0.013547807434337
10 0.017740502330208
10 0.010813131431934
10 0.044200032957357
10 0.022726086649272
10 0.016913681014983
10 0.018785984252352
10 0.015961130414217
10 0.014807065590108
10 0.017293184894049
10 0.019967312139680
10 0.011884747206921
10 0.010661838821236
10 0.019652381053914
10 0.014829086933589
10 0.007571687636980
10 0.021506537555280
10 0.018877275483494
10 0.019043733974150
10 0.023967378928908
10 0.013761858324538
10 0.011172178242693
10 0.013757139468883
10 0.014126363814872
10 0.014575735917839
10 0.016596667299229
10 0.015966488699497
10 0.021970194482300
10 0.015359381276806
10 0.016871717982653
10 0.019118794919912
10 0.012360576551762
10 0.015128661708152
10 0.024026645329920
10 0.013482265927221
10 0.039837408666046
10 0.007497925527513
10 0.011219165532179
10 0.019791063452952
10 0.037049167976233
10 0.025991787202692
10 0.010729857069547
10 0.024460732572321
10 0.011199386864345
10 0.005776286928459
10 0.025246592007955
10 0.024096484542149
10 0.032183045091011
10 0.015488057540749
10 0.017149987388644
10 0.017893801908685
10 0.015533985534362
10 0.013471037003332
10 0.012023972860166
10 0.031199983459499
10 0.010676670290153
10 0.015753784437012
10 0.015786811979346
10 0.020788379079691
10 0.016226463268712
10 0.014674076555829
10 0.026689189701351
10 0.026941955697795
10 0.019634016225538
10 0.020505365960431
10 0.009565392365007
10 0.007569023620694
10 0.013366808673752
10 0.020713721333565
10 0.024047451833977
10 0.013252933398569
10 0.007731941169885
10 0.014205171784416
10 0.015100529238436
10 0.024662860214966
10 0.014473780851319
10 0.019200158446846
10 0.009882272556506
10 0.008567025262230
10 0.024486131030491
10 0.024017499722257
10 0.027127715531324
10 0.015752072279071
10 0.012171277831653
10 0.022602832212549
10 0.028078656074930
10 0.022457729784495
10 0.020002220474307
10 0.024805894637766
10 0.011148268677429
10 0.014622984961485
10 0.011467248923169
10 0.009777945069218
10 0.013506323571644
10 0.021216018405399
10 0.020741897760441
10 0.016015577516477
10 0.017549663460590
10 0.015014561221460
10 0.013500611627822
10 0.013924579600567
10 0.019523460194729
10 0.020577012850601
10 0.012412383040504
10 0.013560448350787
10 0.025337101295774
10 0.026972650847869
10 0.012147306481377
10 0.022604339243892
10 0.012359358380717
10 0.019802428788038
10 0.020559929753967
10 0.015479187625149
16 0.063928183676485
16 0.144709787262530
16 0.075928995298032
16 0.122893604768612
16 0.119747312000065
16 0.131335833250430
16 0.141017643077243
16 0.072355333002131
16 0.060568899183130
16 0.069529815456399
16 0.091290222765645
16 0.128449163856280
16 0.110035159417631
16 0.068281744611794
16 0.103344549354364
16 0.163331036117954
16 0.161018322667608
16 0.120439059134671
16 0.090576006751293
16 0.169123807651413
16 0.080517244467402
16 0.165930147914832
16 0.087341050438688
16 0.086865215794290
16 0.095845090847885
16 0.187187504034977
16 0.144706111047690
16 0.050110088772962
16 0.094773246634186
16 0.073601575824157
16 0.157127834392432
16 0.094532974139401
16 0.091463373432580
16 0.148534275537440
16 0.158614298050498
16 0.054099958196446
16 0.102679047251371
16 0.088880327234193
16 0.071574119834028
16 0.112940309943429
16 0.063824354644809
16 0.084666139309881
16 0.118696343818061
16 0.120700051919296
16 0.088208554365422
16 0.109362058432394
16 0.100389078580793
16 0.063111188707284
16 0.170114635779314
16 0.066477220647189
16 0.060476983237387
16 0.165906320823480
16 0.101963863207725
16 0.103272535229016
16 0.192083278926951
16 0.082345118295050
16 0.065374767245139
16 0.084468354302165
16 0.136214645841817
16 0.199711543450405
16 0.066915363623491
16 0.124230120494455
16 0.065484218071532
16 0.140214989005702
16 0.076965625424565
16 0.145561144673798
16 0.067987197828121
16 0.053220859109046
16 0.068819562184740
16 0.121077119943755
16 0.156594702545055
16 0.101191082450446
16 0.122060374042845
16 0.076636301031362
16 0.073723041701572
16 0.126427221486347
16 0.204528337733164
16 0.115803181170465
16 0.085436375570687
16 0.083642881089398
16 0.073846142483604
16 0.109521661494351
16 0.137711839466582
16 0.144982513716780
16 0.153255983046693
16 0.084965533216745
16 0.119214267469983
16 0.063551639215423
16 0.134055047907209
16 0.129660030371332
16 0.121254393126507
16 0.096579694180943
16 0.072200676328805
16 0.068961156282455
16 0.054174391651747
16 0.171221886567441
16 0.066074198473164
16 0.085179848308792
16 0.093210674701145
16 0.129251676398602
16 0.150494704212440
16 0.072365244202594
16 0.085214908560619
16 0.132577887500746
16 0.089208830655897
16 0.089945526479044
16 0.208215508520409
16 0.114520871693426
16 0.101392779432244
16 0.066947267821591
16 0.085149189216024
16 0.113684179369003
16 0.073224927458236
16 0.073660736862889
16 0.101862220476520
16 0.111918188608160
16 0.120590266957767
16 0.099027639742243
16 0.104699723044212
16 0.061454775577662
16 0.091569897570501
16 0.114816017322960
16 0.093653979226969
16 0.096881552155602
16 0.079289984285044
16 0.066881670914149
16 0.158816786670006
16 0.083933313353793
16 0.184791823178505
16 0.070444166065953
16 0.120107981185747
16 0.077113383976684
16 0.102855733490317
16 0.085593978764161
16 0.157354700625619
16 0.055074854593271
16 0.135503884549860
16 0.157977243632202
16 0.129937931963852
16 0.135925063504190
16 0.090272562391515
16 0.115563290174285
16 0.147008746879755
16 0.084306821479504
16 0.172398153693158
16 0.078685883772833
16 0.063163244570663
16 0.092548714447440
16 0.084228574800035
16 0.127060586633940
16 0.113040383658758
16 0.179177449892004
16 0.077920071941762
16 0.095030288412501
16 0.176649733414234
16 0.058422720618072
16 0.124926937672592
16 0.080303598665120
16 0.137355627798504
16 0.084402032207469
16 0.101826528585376
16 0.089208119924940
16 0.122985190265548
16 0.100328663699700
16 0.086351651680385
16 0.155859229171649
16 0.123411641629440
16 0.067792676013070
16 0.115303768604892
16 0.067124892669340
16 0.123782184123799
16 0.128878797864036
16 0.077311028968937
16 0.180420788542624
16 0.135177740453802
16 0.106986147072016
16 0.105645908403061
16 0.046657364654630
16 0.080340576232604
16 0.065174861281337
16 0.077550179944177
16 0.098638445473212
16 0.061114407883475
16 0.089816753225295
16 0.087163225570236
16 0.143948518202780
16 0.066885393671343
16 0.082394637830557
16 0.098995916563765
16 0.090027956348989
16 0.080517244467402
16 0.165930147914832
16 0.087341050438688
16 0.086865215794290
16 0.095845090847885
16 0.187187504034977
16 0.144706111047690
16 0.050110088772962
16 0.094773246634186
16 0.073601575824157
16 0.103823522907082
16 0.088893338596053
16 0.140291017907240
16 0.097778733852079
16 0.086369568127274
16 0.081397279705858
16 0.112858395779851
16 0.070201367399225
16 0.086591288996206
16 0.124052224943730
16 0.128544622384831
16 0.096650246714059
16 0.118453063257362
16 0.217479326543694
16 0.090467936204299
16 0.102690788669332
16 0.070981272698944
16 0.064388039646911
16 0.119574347835896
16 0.063319544363972
16 0.101792972478399
16 0.104243125455273
16 0.105785558770314
16 0.133650497408416
16 0.112832366325479
16 0.130744154747618
16 0.244737261193935
16 0.061872949788738
16 0.111644200686785
16 0.111867245060679
16 0.120180169291402
16 0.090725243614251
16 0.112773891659907
16 0.123598343910822
16 0.079674920276097
16 0.076172667529508
16 0.087887549057880
16 0.097827854024985
16 0.097249443049268
16 0.119074830296291
16 0.170669819424023
16 0.137659533237050
16 0.068215469835039
16 0.107060526084056
16 0.043015374641830
16 0.083834377265139
16 0.122355678498581
16 0.072771963559284
16 0.206413350248164
16 0.127797490532841
16 0.080340272498205
16 0.112084060813281
16 0.084960028840071
16 0.108796520606092
16 0.087668235635343
16 0.047890525065065
16 0.133473681523927
16 0.093414453300174
16 0.124828663219255
16 0.088334318719849
16 0.084622778136217
16 0.059149855377256
16 0.104482931890326
16 0.074595803456168
16 0.137852741087162
16 0.145687484054472
16 0.087313328633507
16 0.134046457802462
16 0.070301636754569
16 0.080766829042317
16 0.052462753721752
16 0.145087685663069
16 0.141853695001003
16 0.113726165820660
16 0.101709391328131
16 0.107623265325466
16 0.134285626243839
16 0.113980286835464
16 0.134270631810703
16 0.071329503319200
16 0.059387191906056
16 0.064636577889954
16 0.082404316205306
16 0.122611960607719
16 0.107854046271207
16 0.179956582155481
16 0.074394644010420
16 0.092395629243789
16 0.097609672337700
16 0.094874295629671
16 0.105875528946147
16 0.092039542493628
16 0.148030654745530
16 0.065418313735522
16 0.139832111579685
16 0.103334688469759
16 0.116312411019842
16 0.071386175915650
16 0.100541217013780
16 0.067178069640927
16 0.086615148244834
16 0.072527188295377
16 0.166428021729834
16 0.124359583592407
16 0.062904520335857
16 0.147639705029893
16 0.123097210455944
16 0.205491166926120
16 0.096444901123472
16 0.106499150211396
16 0.086054315091256
16 0.072848454513642
16 0.073734202952938
16 0.088825648670795
16 0.161094579233990
16 0.048331674968835
16 0.141214569770361
16 0.061444856281786
16 0.096080582090349
16 0.084950362715722
16 0.097111785456941
16 0.071978915821211
16 0.157964210725258
16 0.118114532215156
16 0.093518113073606
16 0.044487273339982
16 0.088515760509244
16 0.066608285794783
16 0.094938871049124
16 0.075957022782329
16 0.130455704646397
16 0.185587284387623
16 0.101015346124532
16 0.155295575653817
16 0.179891679168469
16 0.058760815559027
16 0.104495704715218
16 0.064550509577921
16 0.145635988284444
16 0.134783938607400
16 0.164934853913102
16 0.063616084883844
16 0.078826095710071
16 0.108039669545354
16 0.161874121432987
16 0.134961020833258
16 0.216744622831421
16 0.074536493506824
16 0.086291641017778
16 0.081327117883964
16 0.066311442933114
16 0.093509806027025
16 0.129210899344458
16 0.075685097223209
16 0.168958874573800
16 0.143464248573488
16 0.053522692706362
16 0.117531947189712
16 0.055553931656745
16 0.050304109881861
16 0.117120479356929
16 0.149347312605571
16 0.107881203485931
16 0.177442127297552
16 0.098164571633404
16 0.229571710569774
16 0.097563947800388
16 0.086259147489138
16 0.097129885338818
16 0.056196837653469
16 0.063969044282566
16 0.112324776197426
16 0.133211291266187
16 0.132280842972153
16 0.113922034777167
16 0.071797395168012
16 0.054144592028939
16 0.046003282506779
16 0.136670423143674
16 0.125710121713476
16 0.120482132476348
16 0.093524360020298
16 0.155048551555556
16 0.078703995279352
16 0.076711087345875
16 0.086406044230055
16 0.148701189084838
16 0.127444459670992
16 0.113032070244231
16 0.112976791032377
16 0.080687218664584
16 0.099872960456056
16 0.060151240057456
16 0.081691611445258
16 0.137381056219325
16 0.087884174417888
16 0.067581399021954
16 0.168250907206902
16 0.078636412603642
16 0.113851855005340
16 0.098368904002254
16 0.053229765147492
16 0.066906841121424
16 0.107451406363043
16 0.116116726445867
16 0.104097803720170
16 0.145738556703067
16 0.130942891813963
16 0.087998607073306
16 0.067563502621792
16 0.093992127079849
16 0.107891677906320
16 0.101376482443332
16 0.120499996510925
16 0.123312815059005
16 0.122866250217683
16 0.104461753879364
16 0.111228556008545
16 0.110957443042033
16 0.124907293769687
16 0.125033160493031
16 0.165904316327719
16 0.156487191072774
16 0.098341249094598
16 0.168110133926735
16 0.102983014216616
16 0.100264992131901
16 0.071165921994849
16 0.090650017050670
16 0.076436208350179
16 0.140197349358979
16 0.088028862293179
16 0.134609252549007
16 0.105546399658681
16 0.078450432742716
16 0.106019275158472
16 0.130144283171797
16 0.184191029154710
16 0.095701412886386
16 0.103449729859259
16 0.136301851813674
16 0.063846072370947
16 0.055523360508415
16 0.129766293260053
16 0.110583711373737
16 0.095466103168325
16 0.148008464059868
16 0.050761673901577
16 0.114608763318494
16 0.176963351356490
16 0.085006399116497
16 0.114069087184904
16 0.103890060735771
16 0.079987948071455
16 0.086647771008944
16 0.116174995527778
16 0.085874396328144
16 0.101395556529739
16 0.136633142610940
16 0.088429686782699
16 0.066647437940778
16 0.098706471362136
16 0.165673749008638
16 0.105337040226906
16 0.065441303923180
16 0.153651934106593
16 0.091118293475593
16 0.099976564664315
16 0.097230866955356
16 0.069479055808253
16 0.121168463860156
16 0.130303920922095
16 0.085259520655536
16 0.198952884578566
16 0.156720062305482
16 0.110733752165259
16 0.133819666202845
16 0.081937424067251
16 0.072657224111342
16 0.055623676655532
16 0.085271364671665
16 0.112812772724735
16 0.085043814866939
16 0.122986919508404
16 0.149401305140184
16 0.119448032623947
16 0.098835964491195
16 0.076117387662515
16 0.202908574301638
16 0.133330276914795
16 0.109592306544198
16 0.068360364432412
16 0.074986302338713
16 0.087624329909185
16 0.105300694331922
16 0.108837614672614
16 0.096939868931036
16 0.144416058882317
16 0.095245770684150
16 0.101722298486484
22 0.335109789371943
22 0.290715217394634
22 0.224453045453882
22 0.418486112309131
22 0.214544965337853
22 0.385262490465197
22 0.503547022433759
22 0.210643163556698
22 0.286804861215610
22 0.287326806204236
22 0.293394823946601
22 0.253865837500433
22 0.287856768413024
22 0.389696819725312
22 0.321162620049543
22 0.304663081018171
22 0.435158422086123
22 0.279739176878431
22 0.271260605270562
22 0.462946162057878
22 0.198677034571545
22 0.308518941341749
22 0.286542138347543
22 0.205018475271755
22 0.246005059216414
22 0.242954101364600
22 0.197670861339481
22 0.420513187873790
22 0.261665218672203
22 0.510322566610584
22 0.230757776446513
22 0.259840364838321
22 0.247904743313857
22 0.450317738137502
22 0.425813065783150
22 0.293979419411370
22 0.266569861003590
22 0.435879980010925
22 0.408792737311023
22 0.557295515094515
22 0.201886237174437
22 0.254799583021800
22 0.293777185362480
22 0.181609264556551
22 0.438541790096474
22 0.333417763144941
22 0.318921700109303
22 0.308251708195399
22 0.180230554803011
22 0.233620772298101
22 0.259123845022017
22 0.259514040545374
22 0.414690831874259
22 0.425291752226394
22 0.306121916683355
22 0.209779875398995
22 0.457268269579290
22 0.218744495027019
22 0.191815965648079
22 0.443541273236664
22 0.202342235508180
22 0.457027436751861
22 0.413942987049572
22 0.225989778220096
22 0.332227398593253
22 0.709265190199651
22 0.307732782107322
22 0.339873465033980
22 0.217613639651207
22 0.262395118033094
22 0.193165025431660
22 0.225529049938396
22 0.245420788187420
22 0.264533274408215
22 0.335121853750567
22 0.199040367577445
22 0.309015747325016
22 0.219374563932445
22 0.301792412539018
22 0.350008122306783
22 0.189804739634483
22 0.229159981886319
22 0.249656313330676
22 0.176262533161851
22 0.179834861493458
22 0.396939951915657
22 0.273139265832122
22 0.555730281943978
22 0.343288879866038
22 0.203657181768948
22 0.201943426419166
22 0.251215843974289
22 0.581714649419371
22 0.376837022173322
22 0.255888211756897
22 0.534915707612295
22 0.241167859917407
22 0.213214430766270
22 0.209992388471461
22 0.303199624922430
22 0.435613321960312
22 0.308005393598584
22 0.422142042498631
22 0.200384553337864
22 0.470982372602088
22 0.159883349552414
22 0.228753137904634
22 0.183505099587933
22 0.173805146959507
22 0.223822734914682
22 0.307214263682877
22 0.347571881150198
22 0.360725987826641
22 0.323365511329362
22 0.429352754197702
22 0.300234248701182
22 0.442079388673909
22 0.279279928500168
22 0.395159400473736
22 0.294017639713080
22 0.160900773225475
22 0.194193911866401
22 0.460639778307050
22 0.498271528663148
22 0.422884136185728
22 0.407917848030332
22 0.186160230636585
22 0.250155456843103
22 0.409471592111345
22 0.202425361769602
22 0.443502338414587
22 0.336444731146483
22 0.267066500117213
22 0.387787404976699
22 0.377867617827277
22 0.212897938131682
22 0.453232212469595
22 0.496320725710052
22 0.352236271841461
22 0.285413929071664
22 0.253489956314471
22 0.229506424504578
22 0.389680792721613
22 0.368223565879217
22 0.568680016523390
22 0.172921018166458
22 0.232845477673868
22 0.378976904864487
22 0.577650456430565
22 0.306706910944495
22 0.322203573296226
22 0.222625855255028
22 0.186128985629967
22 0.260200708867523
22 0.468111975808046
22 0.210383493586659
22 0.351359905524853
22 0.223846529551553
22 0.293031996731497
22 0.430669791119524
22 0.259836288761164
22 0.303347797269373
22 0.434762105633259
22 0.534056172749963
22 0.275732610697314
22 0.518875180221005
22 0.258048512879986
22 0.256057311962468
22 0.606805822315162
22 0.185461403734301
22 0.201237181671639
22 0.241094533119390
22 0.277116373504166
22 0.222317026622162
22 0.354015879133425
22 0.474676164817510
22 0.228117223810410
22 0.350595722319279
22 0.440113561307151
22 0.428796951881973
22 0.610227284172363
22 0.367366387501657
22 0.343127844134125
22 0.350800344132391
22 0.371456766498268
22 0.236500153315108
22 0.536003673863434
22 0.280641207386447
22 0.266598559415126
22 0.217994200163112
22 0.333432925489337
22 0.293898522180543
22 0.409072708453011
22 0.178017372141368
22 0.271631984711957
22 0.212164636767254
22 0.223026680284343
22 0.385347186687828
22 0.238474738252988
22 0.311169442025355
22 0.224908832405559
22 0.360622835019087
22 0.273543598066099
22 0.220987823019240
22 0.545958285204991
22 0.327467718261619
22 0.301202623114884
22 0.428930424664176
22 0.399323549509056
22 0.329835261535039
22 0.266254020343719
22 0.218542816311059
22 0.382439105529347
22 0.162222613080425
22 0.547390806221022
22 0.201369445465801
22 0.576418529335248
22 0.422960148204345
22 0.248131948597721
22 0.239866277458911
22 0.269744401238516
22 0.437914513852164
22 0.394813575848737
22 0.204849855993467
22 0.203968739498376
22 0.192260718003143
22 0.394868433824089
22 0.263133668405615
22 0.290870405711744
22 0.215167981169294
22 0.383231984284259
22 0.430477025206768
22 0.630366882249524
22 0.519815703902314
22 0.228073179728441
22 0.334132447251696
22 0.210594002583814
22 0.336388616075643
22 0.249314165935394
22 0.369185528637649
22 0.380650097664316
22 0.266046732762072
22 0.304333942649555
22 0.280683548935244
22 0.219218057389959
22 0.396915818591967
22 0.181146815452908
22 0.251635666742068
22 0.394100411930912
22 0.250010532261477
22 0.398865720710712
22 0.523484665578214
22 0.302440773487785
22 0.434237040678721
22 0.368019477630718
22 0.193210178218886
22 0.405118988758474
22 0.253341636709327
22 0.175506684607167
22 0.636935804815602
22 0.214378739667927
22 0.359736525721433
22 0.277505456750858
22 0.190484363509905
22 0.233262378251883
22 0.296054588165848
22 0.295764090901984
22 0.335817318940799
22 0.234605840942306
22 0.460429895003571
22 0.292173233861188
22 0.341384134601169
22 0.216914136975035
22 0.354967234670722
22 0.459020765597780
22 0.363124675925630
22 0.270240016167586
22 0.242191357325978
22 0.282859934130490
22 0.215784276487964
22 0.369803359904007
22 0.379305237195073
22 0.237485188007086
22 0.183020697128260
22 0.268068253471693
22 0.244331563117138
22 0.358845397360904
22 0.262586267003530
22 0.467262302086168
22 0.255581313031564
22 0.316352625854014
22 0.233462599882940
22 0.408256679634036
22 0.367533170902133
22 0.424492599096333
22 0.228654922848527
22 0.375310635214745
22 0.348617028514397
22 0.244702539848875
22 0.213634892001809
22 0.408705676232609
22 0.283473904941031
22 0.277971293573496
22 0.444018096549892
22 0.179908833814508
22 0.289118983757660
22 0.136291705050862
22 0.259521373613497
22 0.217433416280393
22 0.286998820104633
22 0.676916072496672
22 0.309152092885820
22 0.311917985687392
22 0.477469770695489
22 0.388357862792429
22 0.358578556435995
22 0.438925355260425
22 0.183744294335513
22 0.199020849776046
22 0.567519991067298
22 0.515819424194566
22 0.438612666212823
22 0.170844068067174
22 0.371319143897599
22 0.215798472396181
22 0.311260328986606
22 0.311823088518288
22 0.275128451635331
22 0.372535465671824
22 0.336893169807460
22 0.419893173715066
22 0.230938242092525
22 0.210847281209183
22 0.290223574491560
22 0.516821022026355
22 0.585243826672454
22 0.223480786485656
22 0.377582969457525
22 0.184617840361255
22 0.375054976306138
22 0.234198513241540
22 0.383103441904616
22 0.218902856800411
22 0.218676910376435
22 0.264722963532477
22 0.390982805675920
22 0.259999533133530
22 0.192871441898010
22 0.287111253688399
22 0.151044313380970
22 0.230872380633152
22 0.290581058518552
22 0.420868228978975
22 0.220964864975653
22 0.237841991964788
22 0.173510387081681
22 0.305663418502435
22 0.134710503931807
22 0.316735671349269
22 0.334823282320436
22 0.405700262554805
22 0.263749379473061
22 0.346330755576580
22 0.461921542487433
22 0.253935899940880
22 0.562661376249186
22 0.438342467653633
22 0.220185940091748
22 0.178690155622345
22 0.152828169186144
22 0.296312689139421
22 0.269581303887870
22 0.267878614413331
22 0.304998732494883
22 0.375857608668356
22 0.752705768568463
22 0.424510421611582
22 0.243517520634997
22 0.415312272381940
22 0.273131253105063
22 0.598470189525672
22 0.446747533096014
22 0.199818694192224
22 0.289549178468734
22 0.421720769511729
22 0.472926129413154
22 0.508611772848951
22 0.311603862930455
22 0.807627548469544
22 0.259947868900556
22 0.434288931458350
22 0.341005962865641
22 0.270647943787280
22 0.189524617993350
22 0.240940827628311
22 0.206566216210389
22 0.264707024551082
22 0.315462942474251
22 0.491908982524765
22 0.189231771782101
22 0.193271490247086
22 0.353439282433357
22 0.471085038883927
22 0.286612286567399
22 0.290611904340459
22 0.251378802982442
22 0.410638790679957
22 0.184319702568387
22 0.268777669793266
22 0.523014914305238
22 0.209679615023118
22 0.198822504715699
22 0.393504874611975
22 0.225254841936890
22 0.185830759029618
22 0.341430002706020
22 0.247924116539290
22 0.201562831000639
22 0.391693817074447
22 0.463560667503229
22 0.246091621132492
22 0.240784039873131
22 0.341035423138019
22 0.475667022221263
22 0.335239897073876
22 0.178451818093520
22 0.214195549466923
22 0.355955349227216
22 0.315127352075085
22 0.292507836003101
22 0.376638001768451
22 0.473508888459572
22 0.177392166657047
22 0.481233943514410
22 0.175576031614104
22 0.290743856878337
22 0.213941222511385
22 0.240709205061429
22 0.188326411122737
22 0.368321125217262
22 0.331428921025581
22 0.451705625828897
22 0.169426613653942
22 0.418070098013243
22 0.376285335912593
22 0.182508244236926
22 0.195459839980879
22 0.208754376885778
22 0.399944087205964
22 0.210273053213862
22 0.265167985780939
22 0.229221942338877
22 0.171292665063441
22 0.229786866056739
22 0.585632414622066
22 0.268984732925598
22 0.187926064201846
22 0.197083317153985
22 0.263900484271004
22 0.321878259779414
22 0.267636415893789
22 0.183056419739330
22 0.445450087302691
22 0.389966407922529
22 0.401305912718378
22 0.332946054620141
22 0.172329411582354
22 0.241440251373695
22 0.298196209304976
22 0.236280663537708
22 0.291624956253589
22 0.302153625940482
22 0.377145728385829
22 0.435776052232414
22 0.346651345978221
22 0.446305603302150
22 0.412902996767468
22 0.365615994410665
22 0.418630800393397
22 0.321246998057336
22 0.361514589392180
22 0.302920249315914
22 0.519430771407480
22 0.363005388947850
22 0.153724521682401
22 0.211943150188611
22 0.405261192480951
22 0.293009898361856
22 0.380292854027999
22 0.225144645756409
22 0.399647766741478
22 0.195712069707583
22 0.319949306500896
22 0.379039287227036
22 0.303470378534903
22 0.326874684033225
22 0.222984351476684
22 0.427112435648124
22 0.183157810625334
22 0.241992348203179
28 0.329862260905887
28 0.579987385589065
28 0.607383201589205
28 0.832148607868357
28 0.613999142315425
28 0.911993357406680
28 1.034494295401513
28 0.552798647684334
28 0.481827642942179
28 0.679913789254416
28 0.908691204295693
28 0.633401217673458
28 0.622751625453739
28 0.968965711841866
28 0.528918271390100
28 0.574996865746000
28 1.409926762356641
28 0.738313784225525
28 0.522233310194385
28 0.667043332262376
28 0.991516470371558
28 0.920398279336247
28 1.177872624524393
28 0.593381460223882
28 0.728926621544804
28 0.572148448337946
28 0.561445681356398
28 0.654796359230819
28 0.965148321463555
28 0.631627033736649
28 1.067748760356537
28 0.874501922570621
28 0.567280424331007
28 0.940209288188434
28 0.768914706028505
28 0.733491325490948
28 0.419761899588188
28 0.564808064754993
28 0.741869021428879
28 0.643519645045560
28 0.772247104926347
28 0.504476028605431
28 0.718515723433825
28 0.651786840840805
28 0.673369614612143
28 0.613485245589774
28 1.056009263602220
28 0.880913897984322
28 0.608575529619247
28 0.798946040468801
28 0.398384818645064
28 0.452400366729437
28 0.355069010738953
28 0.542334055155104
28 0.555059646719744
28 1.021059215839831
28 0.694333548968655
28 0.272541432244953
28 0.721855631570413
28 0.647113962465167
28 0.776232216106673
28 0.596840193644711
28 0.749761695908232
28 0.651023769222859
28 1.003872094733682
28 0.894299318067509
28 0.469449307717752
28 0.732329030454457
28 0.763812815524163
28 0.583128511538141
28 0.736817645110267
28 0.612184156166029
28 0.565891916812979
28 0.557149980788020
28 0.563738187945579
28 0.795355703574421
28 0.537831918070126
28 1.264960110063580
28 0.440163141613791
28 0.891112321995172
28 0.425616673272377
28 0.391378924851354
28 0.351761867549308
28 0.606622747817029
28 0.581318724232226
28 0.408779610586136
28 0.843029451977782
28 0.474874900901363
28 0.636743448610336
28 0.866721027136669
28 0.812353249361000
28 0.458861999046060
28 0.768142037203657
28 0.349617018914004
28 0.925840572588664
28 0.538872241234878
28 0.853190255330215
28 0.286379996966362
28 0.427405743456122
28 0.342826303756984
28 0.633792740535082
28 0.353945278312341
28 0.813124708701743
28 0.763428147916767
28 0.791727647957774
28 0.708064850151425
28 0.500188877344238
28 0.600896841806057
28 0.524373946335634
28 1.437046814008228
28 0.507199618467557
28 0.952491098621659
28 0.693569095758305
28 0.570554267448784
28 0.510963965253259
28 1.281181192053245
28 0.625331322816930
28 0.383570945646884
28 0.555901204815204
28 0.472347434889543
28 0.453409509450613
28 0.414500615671700
28 0.875973585255797
28 1.085789853744533
28 0.675329908384621
28 0.637387216133324
28 0.804223718030191
28 0.738184629993186
28 0.558004089691130
28 0.563289113342837
28 0.602083994275493
28 0.439847537880397
28 0.447924994696253
28 1.319495868315665
28 0.637197844638185
28 1.157436774196162
28 0.682949404562131
28 0.568988981287789
28 0.447326274227677
28 0.573292211528883
28 0.555787751297509
28 0.612626976343594
28 0.675382258807934
28 0.627249525414957
28 0.582903311781580
28 0.629363391913293
28 0.792339844274990
28 0.873531657936224
28 0.419051346291067
28 0.716795109622866
28 0.408452673331438
28 0.764520166430606
28 0.673261784368960
28 0.610961641295908
28 0.463692627938944
28 0.530119116058303
28 0.627187085622358
28 0.499189388892289
28 0.981546047841618
28 0.663057034492723
28 0.452240322099635
28 0.589630242460949
28 1.016373944730564
28 1.293965046745478
28 0.669043334768186
28 0.870249988973971
28 0.507296359028077
28 0.729922497193463
28 1.393405522108798
28 0.440780355204213
28 0.757064816534376
28 0.571254404743233
28 0.676407852067769
28 1.223121088496500
28 0.503641878845794
28 0.348804065523736
28 0.632116208836978
28 0.618462112502821
28 0.401013365297706
28 0.994979835576400
28 0.735062982059116
28 0.599955076602536
28 0.453380574762676
28 0.805625136698958
28 1.163587379255774
28 0.389535537451292
28 0.678596519543859
28 0.773275791119216
28 0.966491973730911
28 0.805599976041619
28 0.344447906629275
28 0.933682575487268
28 0.430126500677207
28 0.504227405221473
28 0.468781349231651
28 0.972105364016938
28 0.432783288773881
28 0.504467356787237
28 0.785080033691713
28 0.475580355156700
28 0.544142034199139
28 0.698204032313126
28 0.490637193068080
28 0.570530183211766
28 0.752473783728759
28 0.949071937170000
28 0.928063985507721
28 1.179922408707479
28 0.614844756256866
28 0.756457004939814
28 1.110394030872236
28 0.589403468427387
28 0.988922207332790
28 0.467097283685106
28 0.602193112023457
28 0.552999390079678
28 0.619260258178591
28 0.416603962778721
28 0.387964255134224
28 0.976451426395251
28 0.674880785496956
28 0.503791116919928
28 0.528970738899174
28 0.895727740035510
28 0.487298088882754
28 0.794500274801986
28 0.889027073696839
28 0.432123595401595
28 0.969154096598635
28 0.524912345478064
28 0.407048570785333
28 0.759179471605623
28 0.514532710436465
28 0.643853262851874
28 0.575006055874461
28 0.471781035936002
28 0.679603954423349
28 0.471785719020416
28 0.952195088465740
28 0.935343816071867
28 0.943737046243893
28 0.950180214278943
28 0.388968389270516
28 0.740453688579168
28 1.156975376308784
28 0.382696168816503
28 0.395520242278129
28 1.225066318941460
28 0.568896017841898
28 0.836379522494747
28 0.490274278459310
28 0.535133551770995
28 0.513351009856075
28 0.516072976992833
28 0.568351236476906
28 0.486359509899257
28 0.959856985855668
28 0.401469411364536
28 0.947488706216668
28 0.803997428541041
28 0.763393121877111
28 0.468423994607049
28 0.778061895929203
28 1.160273900078980
28 0.600181840439205
28 0.616248624542110
28 0.509492485291970
28 0.585954030707312
28 1.174430133395904
28 0.881425973016396
28 0.602809204874903
28 0.922566462945861
28 0.624768282845859
28 0.311893351092125
28 1.002611997111009
28 0.899833411848805
28 1.179063529042505
28 0.730425761630970
28 0.726373503320969
28 0.659615209324999
28 0.493953148870595
28 0.762194177681634
28 0.978687740441282
28 1.390044454285452
28 0.635516928966407
28 0.596577141111953
28 0.923779519429903
28 0.715251745730369
28 0.880409776705315
28 0.791263735700949
28 1.141356128807026
28 1.002064386509069
28 0.673420148348147
28 0.800350905258136
28 0.423296603344874
28 1.611797660706059
28 0.741361071761618
28 0.562458466479757
28 0.961361557541715
28 0.677643240860675
28 0.649089028951900
28 0.887681703060559
28 1.166815741287067
28 1.069614816149134
28 0.693522885973795
28 0.709585243282985
28 0.425280238610523
28 0.323510645482318
28 0.537731924226149
28 0.571466365983722
28 0.541670456515667
28 0.495325186665679
28 0.811647510546678
28 0.715200641450276
28 0.704095328658197
28 0.657489812930274
28 0.617193699821801
28 0.650868475133285
28 1.128035935624736
28 0.785399246086184
28 0.698511055087345
28 0.707032683917998
28 0.500759227688141
28 0.545633577479369
28 0.576632257107667
28 0.473192287572831
28 0.523251087241066
28 0.704027587952438
28 0.989588471041720
28 0.445841172515752
28 0.954106705823111
28 0.757687880908750
28 0.380169452392709
28 0.768424050272739
28 0.543183759687092
28 0.665140263542760
28 0.560564876233358
28 0.642015744384623
28 0.809763290985275
28 0.738238996830194
28 0.725991106869501
28 0.594139613299219
28 0.411165837093804
28 0.375659683967023
28 0.606222009846476
28 1.194024959367905
28 0.807267377669869
28 0.594983182452023
28 0.640793084328698
28 0.385353440366025
28 0.749995810528318
28 0.645601169724543
28 0.598548629281392
28 0.758648099709974
28 0.410903576597371
28 1.134780141622539
28 0.470938188856724
28 0.498942836995726
28 0.624012009465591
28 0.533586208103779
28 0.761241525659898
28 0.933899456141702
28 0.978251008519236
28 0.541103460850451
28 0.925025999039163
28 0.818940309934993
28 0.563581585303206
28 0.411923731561730
28 0.880311889512257
28 0.624453645760799
28 0.559588695226055
28 0.695766547639493
28 0.641560526521673
28 0.910945305659415
28 0.524312430388266
28 0.512629939503721
28 0.894893461450069
28 0.760666909140568
28 0.815702567276817
28 0.686943322277062
28 0.760165666542358
28 0.460102877137170
28 1.188859355886175
28 0.531353592522353
28 0.885354837466182
28 0.632636510501108
28 1.124624670684517
28 0.541177144571526
28 0.817908629973021
28 0.748768637825310
28 0.620803062891251
28 0.621332325197441
28 0.869394186094778
28 0.571407290027655
28 0.491786737565817
28 0.841518199358537
28 0.513037650468792
28 0.801249173656218
28 0.623199173441444
28 0.516630470868411
28 0.490075553970106
28 0.799479694952006
28 0.777573852992068
28 0.638496946363214
28 0.457517858782714
28 1.142891064993624
28 0.560947764960251
28 0.626241262443981
28 0.403775114779799
28 0.741185121101776
28 0.615509890220808
28 0.735947203664854
28 0.673824872928113
28 0.637297665028163
28 0.416300160326828
28 1.351255493522217
28 0.478633980586351
28 0.668114843940001
28 0.603108339186400
28 1.328471825959821
28 0.940083012703414
28 0.443269867356025
28 0.638251849832846
28 0.877216958235396
28 0.868680404613152
28 0.534066694772066
28 0.534696272498114
28 0.427146186821545
28 0.504616193381467
28 1.091629864229802
28 0.645320914077541
28 0.376189448359892
28 0.510737851581604
28 0.558013659502006
28 0.676182872922942
28 0.452966379406556
28 0.586131999075151
28 1.147971476267021
28 0.545119487045573
28 0.697685094502908
28 0.662389593475352
28 0.803688783566856
28 0.445909218732109
28 0.328840389036806
28 0.768014842273050
28 0.654050739145180
28 0.553018132760999
28 0.636040522204822
28 0.666358316314279
28 0.540480941533675
28 0.597819112965033
28 0.809072795892564
28 0.534119865113931
28 0.455103207342169
28 0.632312622921541
28 0.603141505106578
28 0.972319972683412
28 0.754478459435852
28 0.934626631907412
28 0.645322127854230
28 0.455024258784385
28 0.873243750112960
28 0.530016801776712
28 0.909004471833032
28 0.722745838353464
28 0.379956705878206
28 0.954506752494409
28 0.601627495108797
28 0.782669564649887
28 0.746180446708753
28 0.702412124379786
28 0.439359768924916
28 1.039866090113737
28 0.405532440326580
28 0.757219192056807
28 0.400393572733539
28 0.426959995945935
28 1.149228050551152
28 0.894828074185307
28 0.398450402356771
28 0.461963952762529
28 0.580452266723772
28 1.024783679209889
28 0.573510978278898
28 0.527688553751272
28 0.708765088969447
28 0.732823961909923
28 0.406057673328064
28 0.651292327106637
28 1.046039734403215
28 0.561253731301338
28 0.739250210343195
28 0.829057879213243
28 0.912346360865550
28 0.508672293657992
28 0.834262210675229
28 0.405049491085588
28 0.801470464384659
28 0.774580180718593
28 0.886930998863374
34 0.870087788386534
34 1.090173806493599
34 1.085206558495864
34 0.593839560243745
34 1.508524558766688
34 0.969258348722331
34 1.809051542924418
34 0.693375383127318
34 2.025410650566343
34 1.136734209076876
34 1.232969174432894
34 1.659080528128936
34 1.014025942264780
34 0.778946525552721
34 0.870785531037497
34 1.342327566098562
34 0.672156252155192
34 0.854931258949133
34 2.290206413583469
34 0.727867287064235
34 1.400937736253586
34 1.926233654567812
34 1.856946610688531
34 1.744561785052504
34 1.493504439743742
34 1.235156113057265
34 1.838533939652812
34 0.983461365908776
34 1.446157440074285
34 0.764943439011585
34 1.188500459822532
34 1.182809154456598
34 1.915697437545555
34 1.535102861279571
34 1.647484862660177
34 1.151022386525079
34 0.490872303098604
34 0.723722227770268
34 0.972093539165448
34 1.050193239895074
34 1.684252972859502
34 0.946673574588529
34 1.448027689361965
34 1.492739374205851
34 1.609364172935508
34 0.939394762634805
34 1.730768077072082
34 1.731111246594146
34 2.157057426713354
34 1.571258377182474
34 1.012472838437292
34 1.064137513300069
34 1.749861644495877
34 1.152882914100424
34 0.971154306089935
34 0.856150463641197
34 0.736154982232216
34 1.272970998514503
34 0.625708457383665
34 1.114272238909021
34 1.569222891704113
34 0.724206019951127
34 1.600908977922182
34 1.529651014387717
34 1.449312557045634
34 1.460143393218939
34 1.337322024656465
34 0.985596005573268
34 1.784395556027402
34 2.266843176927154
34 1.195534106660429
34 1.020181628464432
34 0.782166641139257
34 1.196066151364197
34 1.227281476407914
34 1.273722135616727
34 1.245611117978444
34 0.702682295745015
34 1.668227048080669
34 1.100741087695005
34 1.355747139226637
34 0.680240826743165
34 0.927368948294711
34 1.521067670452311
34 1.212436271030762
34 0.814351059619182
34 0.859135311235069
34 0.949911572505637
34 1.669538401607263
34 1.298305799898847
34 0.919701609362294
34 1.080677390267378
34 0.878716927962253
34 0.838338221206230
34 1.072793969338248
34 1.625714777426306
34 0.778087041405458
34 1.622205995184082
34 1.182767728667871
34 1.009463440426925
34 1.153488165481920
34 1.289512968797909
34 1.605192795112381
34 1.021140628232721
34 1.369468541801317
34 1.151779537450219
34 0.736092092943792
34 1.151426458522154
34 1.877512855686170
34 1.300179253431139
34 1.642974350678573
34 2.545415727638151
34 2.650184032433459
34 1.263237795153042
34 0.813136797694307
34 1.447332840877301
34 0.617219702355307
34 1.185321849222064
34 0.639266050634800
34 1.648857363522504
34 1.438671993111818
34 0.608403607796289
34 1.063558071897410
34 0.491444317933247
34 0.962836265914902
34 1.292580819220963
34 1.183107001523673
34 1.513318349655792
34 1.575811875039596
34 1.225104108865809
34 1.178796525366071
34 1.210116089452863
34 0.761671056211956
34 1.734628325248011
34 1.237189671277399
34 1.560823059513384
34 1.185794939427352
34 1.271456439773954
34 1.322158935226193
34 1.984761189162515
34 0.563911055299874
34 1.012674240511492
34 0.651793678858524
34 1.162397801889512
34 1.352385326760838
34 1.109917194369731
34 1.375647829754736
34 1.418860405872151
34 0.689313062193064
34 1.513770233690239
34 1.683910461502601
34 1.017050476550933
34 0.962539522765302
34 0.820843035536113
34 1.286574275963492
34 1.707881102045413
34 1.867115049652257
34 0.805921534005076
34 0.918047411940673
34 0.835849079895215
34 1.537377098659438
34 1.513977943603422
34 1.255879517787827
34 0.732359905035824
34 1.146188153066180
34 1.840990178089246
34 1.181852488512611
34 0.976197952583810
34 2.089197389529679
34 2.685024185835752
34 0.852849767459863
34 1.183450705709796
34 1.057190530135279
34 1.300614596400957
34 0.969176021142942
34 0.740703438230313
34 1.912192883127210
34 0.597530064878879
34 1.078498794155847
34 1.122422491317125
34 2.166606556322446
34 1.366054795453036
34 0.535679761140458
34 0.748394646685473
34 0.704023010511365
34 0.907095326380654
34 1.434530131268363
34 2.143575170710863
34 2.161084559939622
34 0.826567893649444
34 1.471541208285761
34 0.608800165534979
34 1.109963785291695
34 1.111531673563091
34 1.610451319528083
34 1.117329124563632
34 1.422019583123751
34 1.642010301299093
34 1.041192851809623
34 1.512755913392282
34 1.450752044550132
34 2.040544133647875
34 1.007230736877951
34 0.668091972596507
34 1.751779209538745
34 1.326479242820432
34 0.900849246986302
34 1.072148182773549
34 1.800502814867836
34 2.232846829083758
34 0.872280360359700
34 1.393567531602522
34 0.816245013913267
34 0.825565667819752
34 1.572640129224169
34 1.192172307607439
34 1.437301526030590
34 1.229290494724669
34 0.848491365246787
34 1.123673630295376
34 0.918565586324847
34 1.370888538062082
34 1.122993165524574
34 0.743572771639763
34 1.188398027715074
34 1.160401095996980
34 1.129436229561493
34 0.903587467089952
34 1.352463675470516
34 1.660926953659702
34 1.379582036309636
34 1.251626042511202
34 1.048160819010056
34 1.301193332527220
34 1.744491850816014
34 1.164605459007906
34 0.621693108532703
34 0.797017717511886
34 1.556769893143758
34 1.338996648385328
34 0.816447681041518
34 1.078363770388565
34 1.549295527427089
34 0.890755460841496
34 2.225620397516717
34 1.854812440734163
34 0.951657054898624
34 1.072633730229139
34 2.034117040404379
34 1.311829591154890
34 1.793598478115627
34 0.839639213115588
34 0.958388046366514
34 1.998945477376400
34 1.395441425573226
34 0.883218438303430
34 1.360680566025956
34 1.318847961054548
34 0.939528179345543
34 0.966374087974527
34 1.303897124649217
34 1.784897492000962
34 2.315843869939377
34 0.805221477912764
34 1.010087124660859
34 1.099987105096332
34 1.359843991262530
34 1.588299479851804
34 1.530239616497401
34 1.533415716036691
34 0.957248876242337
34 0.742102789012728
34 1.268009976938226
34 1.581242023446539
34 0.918137654970167
34 1.888190203714979
34 0.702159253016480
34 0.634636211415539
34 0.875612194245912
34 0.885917894913022
34 0.785809589346066
34 1.136560498935554
34 0.914703817445146
34 0.803646657921220
34 1.346181129944084
34 0.987032108459218
34 1.788139691510215
34 1.216968258043098
34 1.313788380735502
34 1.086493232989956
34 0.799569001396618
34 0.717339921675733
34 1.940325948320360
34 1.407545788844089
34 1.130647122767378
34 0.672631134593759
34 0.968909236091823
34 1.170897593952763
34 1.345845190348783
34 1.009566479542205
34 1.262496081203518
34 1.108829077729666
34 1.303185723129796
34 0.827280093852548
34 1.645904990302990
34 1.187779982653099
34 0.879095474703296
34 0.874678979783715
34 0.859394069616365
34 0.717056876866077
34 1.174366198283244
34 0.856546224173476
34 0.909767997526250
34 1.018207586263265
34 1.618171372261414
34 0.830702642328423
34 0.828773970196107
34 1.008974895743707
34 1.074252491827530
34 1.656630539222004
34 2.468867791219384
34 0.807333418937275
34 1.045625758390455
34 0.843677573728234
34 0.549926911837028
34 0.756786243860804
34 1.922391415052916
34 1.710039286623815
34 0.769964850988723
34 1.458576070091298
34 0.825685964913212
34 1.280720339950419
34 1.306499259822969
34 1.219821129028112
34 2.003738335270698
34 1.697625232642372
34 1.284746243793321
34 0.878008254274427
34 0.565663519987646
34 1.102407603392132
34 1.398304738092130
34 0.777258995102103
34 0.903100263888962
34 1.444824002995031
34 0.913161571233968
34 1.328947700578083
34 1.081984236008940
34 1.314851809120259
34 1.120309366982620
34 1.542112611641858
34 1.137037853113736
34 0.741097013731279
34 0.857260055983659
34 1.398223185757713
34 1.537248003329434
34 0.858355890264812
34 1.767927459776985
34 0.931910557142130
34 0.538975944887491
34 1.708429192288730
34 1.386341156630811
34 0.675339905670978
34 1.373396741925096
34 0.653005955826912
34 0.881865772361019
34 0.889341232219112
34 1.153865728465716
34 0.750415126871167
34 2.300613677202826
34 0.756546941487603
34 2.353635972114867
34 0.875269768267173
34 1.038752074862840
34 0.819649607930839
34 1.364362467129718
34 0.745319090025695
34 1.703640827270341
34 1.144094143617771
34 1.209041345394070
34 0.899765300116881
34 0.876552467021816
34 1.629780162637444
34 1.066327106411034
34 1.016731087984742
34 2.147482282978656
34 0.961687806976791
34 1.417319700460594
34 1.705266867973027
34 2.006338435775075
34 0.726064755387855
34 0.641137824321324
34 0.915644601453740
34 0.967711642326352
34 1.061360027304091
34 1.089159785197074
34 1.025055013617149
34 0.730833505153151
34 0.824964362595203
34 0.538548330912204
34 0.831303656010535
34 1.142375018494360
34 0.720287944280026
34 1.855032293537030
34 1.406743564459888
34 0.982312364655530
34 1.169384614213294
34 1.377389120159299
34 1.102482042677948
34 1.165874229823983
34 1.159239966336435
34 1.284998832869502
34 2.278891061834029
34 0.955362036293010
34 0.924692950370400
34 1.014935839078819
34 1.627065274799909
34 0.960053588850777
34 1.493562580218416
34 1.422568594243709
34 1.138181397595107
34 0.559855123611849
34 1.133371573626786
34 0.872041762556170
34 2.453378654625065
34 1.211883633552150
34 1.162233333030958
34 1.373705251517768
34 1.138135724970398
34 1.249122079280184
34 1.334974937845978
34 0.716240954029002
34 1.115499704500865
34 1.383483465851545
34 1.102966395961110
34 1.047703911754398
34 1.252271494666018
34 1.012349442083996
34 1.242212066966692
34 0.832401166737529
34 1.134327967793323
34 0.881581381965582
34 1.558863614107882
34 0.720828985114619
34 0.678949278241127
34 1.173249094759038
34 1.244125478703600
34 0.847586457194102
34 0.969372399051175
34 1.006805647743398
34 1.612900028600382
34 0.708949929923625
34 1.389546402628106
34 2.022853311535595
34 0.852028617383588
34 0.972390089222824
34 0.666931668423265
34 1.389168139305603
34 1.623471133972171
34 1.147066041863117
34 1.362039138822027
34 1.325968179955217
34 0.815177902976203
34 1.110579443190219
34 1.648629710571047
34 1.290916592202466
34 1.683854948976825
34 0.835555578392390
34 0.908228330131163
34 0.856935013216142
34 1.218868662845403
34 0.848163966069191
34 1.323562138365442
34 0.707583136568339
34 1.895937580929409
34 0.855755931522085
34 1.422752864197884
34 1.204082604654097
34 1.525069915635953
34 1.297880049910640
34 0.992498824800729
34 1.411575076351324
34 1.016998898008284
34 0.732672416522614
34 1.092933572750338
34 0.953984502625792
34 0.527596551351363
34 1.039905120891031
34 1.372470187464012
34 1.133256938635024
34 2.537646809042354
34 1.061221356045729
34 1.250794857242674
34 0.538198291610544
34 1.296739657797291
34 1.591881768329158
34 0.705263795907068
34 1.600284106484309
34 0.834267935505819
34 1.821394700201055
34 1.558408402225965
40 1.757593224709959
40 2.666220004259973
40 1.433685357524672
40 2.362955234467355
40 1.540933082988184
40 3.467548276874991
40 2.082818353340438
40 1.556968338272011
40 2.118888328410080
40 2.081160730460402
40 1.129986194615491
40 1.655695156855863
40 1.949994884826591
40 1.799410126813051
40 2.216776617786618
40 2.008709857155687
40 1.400783621457101
40 1.464550890759531
40 1.479584248366641
40 1.842393223336034
40 2.465057593170146
40 1.400547586292964
40 1.326730897108201
40 2.850807459284399
40 2.138494492889526
40 1.939936451274411
40 1.317586271877968
40 2.216848416662816
40 1.265374959068655
40 2.693640090697341
40 1.726890409995796
40 1.827905203209878
40 2.252435630802006
40 2.519394541248916
40 1.503266327421956
40 2.015474391703984
40 1.299645174147779
40 2.058029587932740
40 2.891873258768978
40 2.298649891460059
40 2.070007086703764
40 3.408800378191444
40 2.152033372318965
40 1.321705064934578
40 1.979672302135194
40 1.827242711187980
40 1.752422019693560
40 2.249337885954983
40 1.940444468501193
40 0.944051150720231
40 2.219317702475427
40 2.070212704118385
40 0.914179622389057
40 2.095650783405512
40 3.410227564408527
40 2.351745555319530
40 2.095632562092392
40 1.130527129979226
40 1.584314083260924
40 1.735571898477605
40 2.230485946086356
40 2.901802838427148
40 0.990901110362163
40 1.611302375351608
40 1.651135521436521
40 1.926999149686800
40 2.175690401117080
40 1.837230472991241
40 2.712018136976708
40 1.337623842432803
40 1.288850836297874
40 1.196531991937308
40 1.748328150988966
40 1.879729460797323
40 1.455438219727929
40 1.467652672167958
40 1.000099532969162
40 1.692366593191798
40 1.205926941428530
40 1.053837943847432
40 2.389559213240404
40 1.318504103983913
40 2.177499336352069
40 2.812857517638118
40 1.711896438796456
40 1.526137411596974
40 1.254614665318108
40 2.861424491512327
40 1.581757959407589
40 1.231675579369714
40 3.595698866131398
40 2.712098353941492
40 1.311708233537816
40 2.516122176101240
40 2.434464395292254
40 2.435307338857131
40 2.355228568963929
40 2.505023987254196
40 2.903522851972586
40 1.931650395204494
40 1.855072484912046
40 2.270699620079968
40 3.810530442834975
40 1.444135488077563
40 2.736036909386202
40 1.343592413971791
40 3.411180355151328
40 1.458570907844211
40 1.559258976196563
40 1.764194937518620
40 2.222215008990484
40 3.065049510939371
40 1.997312481917700
40 1.666917202160505
40 1.701280622773171
40 2.720760923091502
40 2.529223729171793
40 1.312084418816323
40 1.920979453069796
40 1.815765986011591
40 1.101126861808551
40 1.422269476521430
40 3.108476628253147
40 1.669290618124384
40 2.133253624103430
40 1.345835492415352
40 1.767012840494004
40 3.383145649099752
40 1.092788377983851
40 3.304544410644954
40 1.540691179279102
40 1.958441029922113
40 3.860431351130686
40 1.633364009184338
40 2.637564181367106
40 1.505759751500307
40 1.548147402096621
40 1.181346197863355
40 3.570482952260859
40 1.761597250480325
40 2.620252053966469
40 1.196080193388482
40 3.520067828531568
40 1.310813456296820
40 1.696194291557381
40 1.786947429265633
40 2.478829310428393
40 1.949117035112598
40 2.523621448842182
40 2.008556747972960
40 2.105552384319616
40 4.188771956402791
40 1.399416352349428
40 2.313634711770016
40 2.816925411580742
40 1.433296742682723
40 1.334918110169284
40 2.086373856445007
40 2.132367229057406
40 1.132637364131028
40 1.499937353508220
40 1.061602877266290
40 1.783595842304229
40 2.803925801437162
40 1.241528270087368
40 1.614597977301319
40 1.778279420391558
40 2.186020001059681
40 1.525924820254815
40 2.528376049823301
40 1.517855816780738
40 1.447914025521768
40 1.845952902416766
40 2.251390225357918
40 1.705869737003512
40 1.981098120766345
40 2.416626169376590
40 1.814993857002742
40 1.147324725497465
40 1.391099905636136
40 2.342125647721776
40 2.424877548163520
40 2.167174516168884
40 1.890032800001817
40 1.739499644195085
40 2.151739666697170
40 1.372628863230792
40 1.868186822127557
40 2.279267227685168
40 1.737385641751668
40 2.123920699891626
40 1.496474159828868
40 1.768015641336001
40 1.330993315977803
40 2.643188671408868
40 1.251855593424770
40 1.899636568766347
40 2.856221600186059
40 1.533168630768140
40 1.151253831448250
40 1.337386571898133
40 4.118549591468872
40 1.995724231354364
40 1.444445885338019
40 1.424328492261054
40 1.504293851468821
40 2.100140194521135
40 1.679958362856576
40 2.970948016238847
40 2.101495634440462
40 1.587025638523798
40 1.042507958738899
40 1.970261918751748
40 1.483286490593220
40 2.767597784561663
40 1.412833845274016
40 2.595063281786311
40 1.769594919090356
40 1.276220748755497
40 1.362637875354885
40 1.153584471985138
40 1.730583062081777
40 1.392189697623282
40 3.719771536764322
40 2.427115370763515
40 1.569159182826844
40 1.736759270997502
40 1.404416210744885
40 1.164126235051867
40 1.320276685844849
40 2.630791713612473
40 1.954374231845541
40 1.865764948032780
40 1.248816910168273
40 2.144483024798848
40 1.075060996607028
40 1.368007936966468
40 1.385172723133925
40 1.543168580751948
40 1.706488191144972
40 2.353012301340372
40 1.429161657003586
40 2.089788563619088
40 1.890067179714406
40 2.664461280506016
40 1.051450742619617
40 3.144912539503862
40 1.868018257293935
40 2.234081448961451
40 2.041337141100935
40 1.978852988104977
40 2.285750027315617
40 3.257015812727484
40 1.375453566994427
40 1.511931525104249
40 1.434675077786034
40 2.919765834306280
40 2.035888965679844
40 1.335414130394412
40 2.589237429488490
40 4.142748829924772
40 1.723458183856481
40 2.719665707877686
40 2.397784793331516
40 2.584132324027898
40 1.142141861226461
40 3.118177275123962
40 2.001507359213671
40 2.206892116003556
40 1.548072257515418
40 1.910981595769995
40 1.341905412371570
40 1.977673836736257
40 2.225804710619456
40 1.370751778088719
40 4.120614483320677
40 3.222899232890805
40 2.073875305702211
40 1.940261980622502
40 1.636101309803489
40 1.390143809751753
40 4.904058995706440
40 2.425605520146123
40 1.411434432891240
40 2.566784162775634
40 2.578685779035849
40 1.621573861126732
40 1.121399349375597
40 1.850181640061848
40 3.146000355474929
40 2.058616249748383
40 2.563592456888262
40 2.221377695125538
40 1.058091854192510
40 1.463942760000648
40 1.002111677080737
40 2.091536318452196
40 1.194991917606677
40 2.251241013917458
40 2.091028819493097
40 1.475505030923269
40 1.191402118219147
40 2.018090504266510
40 2.432299923446293
40 2.060749347378977
40 2.752601392555949
40 1.553458163692069
40 3.092084054392239
40 2.071704034919165
40 2.027636318182044
40 1.369830858187869
40 2.453477966778646
40 1.770242960363504
40 1.175419993455797
40 1.541705572230244
40 1.735927406415566
40 2.282182974644076
40 1.571825677501314
40 2.013860076678376
40 1.724484355454198
40 1.806442847738587
40 3.418063510564917
40 2.210464247454915
40 2.242983012116762
40 2.281320459869736
40 1.180752977822904
40 1.596875257929144
40 1.381723215531432
40 1.902888923275684
40 1.800861290503944
40 2.221198168458368
40 1.814345061941299
40 2.197471837940869
40 3.401872893853081
40 2.253765041092288
40 1.755786607119397
40 1.417197509024088
40 1.297762147917286
40 2.335821567389392
40 2.178372465947271
40 2.596351084264027
40 1.157323064928422
40 1.931150079491986
40 1.420445884013846
40 1.692737420638572
40 3.735407860287612
40 1.189090486640452
40 1.182339975798444
40 3.199003143406628
40 4.087720887927855
40 1.648287975965406
40 2.199429710061830
40 1.539160071433346
40 2.621919280114380
40 1.382977131334929
40 2.843640964383750
40 1.377962710165523
40 1.625357706665682
40 2.862851993144895
40 1.202977483274143
40 2.761612708647535
40 2.909883246033536
40 2.124089885804812
40 2.967597072824322
40 1.144404882674761
40 2.174312982052628
40 1.039665334707240
40 1.487626648281680
40 1.900723327574664
40 1.968987995638798
40 1.112678659675913
40 2.863560173875838
40 1.430219176735706
40 2.875578582760484
40 1.489208675491037
40 1.959571091611775
40 1.738709048031872
40 2.310362733803343
40 1.807264918820837
40 3.021443641375848
40 2.811076410466478
40 2.665512421809611
40 2.204983335352445
40 1.812124967455285
40 1.347625893675110
40 1.013225614927181
40 1.710925507348205
40 1.342419214797010
40 1.368418745800270
40 1.704228367029673
40 1.791337320163198
40 2.108222033837290
40 1.729743796661245
40 2.183754060867120
40 2.301633065902397
40 1.282528381535974
40 1.613485116353351
40 1.810791085594717
40 1.585540998506614
40 3.092133060683548
40 1.441306478063298
40 2.358164595328743
40 1.396509118535639
40 1.338787400718429
40 1.534878958585468
40 2.412317708781462
40 2.008802231005705
40 1.044649234102366
40 1.339776468587893
40 1.696986822710510
40 4.961971739450611
40 1.653183942455314
40 2.453328097442002
40 1.882718153276514
40 1.395538864418034
40 1.071963223863568
40 1.590569185236920
40 1.246241349672692
40 1.713352535151992
40 2.321305043634865
40 3.078436647257965
40 1.727265373858479
40 2.259066147003324
40 1.241628058807812
40 2.457410632212571
40 1.587598923070663
40 3.735380875946699
40 2.342492695968495
40 2.011551287269581
40 1.488952424932132
40 2.337147352577427
40 2.532245521883487
40 2.448947405272422
40 2.718930553248921
40 2.523771165644638
40 1.088360047492250
40 2.568786430563263
40 1.494803517281157
40 1.882461597700729
40 3.609566277771673
40 1.980993163852050
40 2.730539389159958
40 2.200834932554504
40 1.235337663176628
40 4.022543301655006
40 2.589199830382469
40 2.263729320832264
40 1.904979732439982
40 2.194209058628992
40 3.093976002985710
40 2.316616203918938
40 1.889392602788686
40 2.966560739061897
40 1.580296337954081
40 1.960896432116536
40 3.796351235646483
40 2.302007789458580
40 1.649912990682445
40 3.310701334767568
40 1.806276001044461
40 1.753423262894922
40 1.656183868786878
40 1.684443937856893
40 2.573575110743208
40 2.263265433535957
40 1.970796977384873
40 1.471669966720853
40 1.702671609739253
40 2.094767346199713
40 2.421285395853537
40 1.677562345531942
40 1.896251430567789
40 1.330797948396599
40 3.312961710839385
40 1.225820365507792
40 1.511991345857737
40 1.770226852098506
40 2.185777404584300
40 1.138195109076495
40 1.354982922953639
40 1.271198113476835
40 1.450232907004180
40 2.661414177329604
40 3.872506270082155
40 2.986295725847485
40 3.736263913711682
40 2.643337279934446
40 1.949499997516309
40 2.193549975594729
40 1.105460191335473
40 1.078347835491096
40 2.225777598875778
40 1.666974635163455
40 1.111488720059604
40 1.703610935242725
40 1.394198831614398
40 1.585473066498227
40 1.176673660380103
40 0.964301278547476
40 1.860705105192968
46 3.934682853920783
46 1.735516988394601
46 2.248584759330062
46 3.587656326238258
46 2.618335976860396
46 3.204226308237003
46 3.208358496549953
46 2.276756472071291
46 2.788504220707614
46 3.039796059007177
46 3.208363601542194
46 3.416799879039551
46 3.302399312072322
46 3.790280107779339
46 3.853389742443602
46 2.151408152385226
46 2.872169445910619
46 3.957696033887713
46 4.341012004972298
46 3.598349864423749
46 2.139898521903816
46 3.361840203011878
46 1.993172318203313
46 4.127307724935974
46 2.125888842097018
46 3.160067171989151
46 2.727386732821229
46 2.443963210558838
46 2.961390782246764
46 2.342185959100895
46 4.011206343945052
46 3.081656076811336
46 2.401339694061122
46 2.284816941676793
46 1.478542395956962
46 2.177891310425466
46 2.470350096517360
46 4.317421627714006
46 2.914198771981435
46 2.136313339619526
46 3.234062198109702
46 3.809085312677355
46 2.855422602291664
46 2.124832791915173
46 2.894141410784290
46 2.419161218575845
46 1.908509628365225
46 2.506610963284854
46 3.926319764452177
46 2.353861458620789
46 1.636596909220426
46 1.443176704342358
46 4.110095836615789
46 4.053429387400495
46 2.723638717297330
46 2.058441013001048
46 3.547981644581317
46 1.170849442084582
46 1.865853158787881
46 5.861259209789388
46 2.151660478889223
46 2.981097579310407
46 2.889161192917537
46 2.527098537448738
46 2.191788740643150
46 1.514750174948087
46 5.131722304372230
46 1.793594247184525
46 2.041362986145306
46 3.117006327802387
46 3.613689478778389
46 2.093559804407554
46 3.257198153422487
46 3.947663383783383
46 1.706779179352726
46 3.668045778500943
46 4.931540554260314
46 1.854899092674639
46 3.622542391256543
46 2.246795737834645
46 2.286462717083858
46 3.699959635800569
46 4.401556341382292
46 4.040112030724531
46 1.680284809068922
46 2.538065290347845
46 3.131087569074523
46 1.902636961534409
46 3.336456767979038
46 2.946533494179258
46 4.428626194383036
46 3.352867648242293
46 4.390092967613789
46 2.288815447084626
46 2.885201069449089
46 3.044898021707668
46 1.359155556952351
46 2.813776839931625
46 4.794546553769271
46 1.321090224272739
46 3.217224255743136
46 2.909550301075459
46 2.613731690824202
46 2.379236921372076
46 4.992931641920063
46 2.331448244394229
46 2.018561832388483
46 2.850534125708555
46 1.819444140028780
46 3.037390252077601
46 1.294017045055155
46 3.800999495085946
46 3.817337670963672
46 3.022710724407814
46 1.729500344578870
46 3.994527097663513
46 2.392121353754022
46 2.546939301027759
46 2.851995249050500
46 3.714818383519758
46 2.707749171774406
46 4.709820208796912
46 3.048513395259745
46 3.101200524467597
46 2.518669952822763
46 2.740954316227083
46 3.445801094449398
46 2.704636694550707
46 3.418150379083456
46 2.563362419695236
46 4.299045661347918
46 3.465717116545866
46 2.748110092931555
46 1.597027560995440
46 3.229221118413892
46 2.822571731742680
46 3.123539729305912
46 1.891337951851456
46 4.709710745587662
46 2.938261860858166
46 2.333899691065369
46 2.178768773741354
46 5.856220075736958
46 2.763514125838029
46 3.044683369914089
46 2.100266467401961
46 3.388675834167779
46 2.140007583928910
46 3.465674883307425
46 1.803064000327859
46 1.842366379330742
46 2.352920562295994
46 3.254390187087974
46 2.645990492636124
46 3.229089355428620
46 3.086041687778383
46 3.342216909932405
46 4.894713437260113
46 2.115192643088738
46 1.783310183099272
46 3.062536350776726
46 4.979446858499630
46 1.793841068293261
46 2.635966276652076
46 3.082253499064712
46 5.053764801204431
46 2.945963045490393
46 1.559448087633884
46 3.501841287496192
46 2.725125787104234
46 2.356709651676472
46 2.903912397494314
46 2.884711047899613
46 3.154332662693079
46 3.271951007619068
46 2.888095148905706
46 4.090369464726503
46 1.799661040426266
46 2.320274159145161
46 3.619014395161836
46 6.371883445737898
46 1.793749445622449
46 2.676289935574903
46 2.535278665433465
46 3.045682067841087
46 3.976175886810038
46 2.280380178546694
46 4.303885130895082
46 4.118570592836051
46 2.987331998405734
46 2.646548916772926
46 2.539764238257840
46 1.890992522550874
46 4.311670282300831
46 2.311804978953294
46 3.202812687499401
46 2.250157037730711
46 4.648906586446469
46 2.680316850626911
46 2.590829173248776
46 2.194865159897858
46 2.166523850984522
46 2.455130324586821
46 3.551951339871376
46 2.634326558612706
46 2.717465324952834
46 2.118676922151526
46 1.819966749204768
46 2.383859224843843
46 2.088747948951786
46 4.175595717975452
46 3.969944049667062
46 2.354839366857047
46 3.855926140319481
46 2.767533959156427
46 2.012526772216169
46 2.296621768763695
46 3.426418211383645
46 4.782622240141918
46 2.130042687330341
46 2.470951475200643
46 2.407358396020624
46 3.435471082815628
46 4.270964477043086
46 3.069757085774483
46 2.321876104036177
46 1.344473864884793
46 2.468121771577215
46 4.528657694450595
46 4.612794236915889
46 3.505984484070058
46 3.660190608461034
46 1.924955605113256
46 1.469943421877769
46 2.170529427978057
46 2.773847255973708
46 2.021509239349579
46 1.891745050762176
46 1.757318242131219
46 2.949358675200794
46 3.340244975455035
46 4.285533811887563
46 1.791226066868314
46 2.300755379193379
46 2.676124351833552
46 1.941436031075506
46 2.131594770849549
46 4.466546698129010
46 3.354689696393224
46 2.575188384210291
46 3.184538755759552
46 1.720564719141349
46 2.045201013091188
46 3.239718126553702
46 2.878696438788654
46 1.765834134663284
46 2.338544634034514
46 2.651053679975015
46 1.969265750222733
46 2.457217780955556
46 3.557598371588052
46 2.135630673011025
46 2.710161238214971
46 2.669493085806574
46 1.537167881839054
46 2.346448217226173
46 2.440629965591466
46 3.921571516708634
46 1.513125049776114
46 6.099113047958642
46 2.565875549670775
46 1.822120377015732
46 2.719433595404858
46 2.068114699027808
46 7.038542810672549
46 2.188783188164703
46 2.812231914239943
46 1.857869058814184
46 2.448891522632487
46 2.575340219703392
46 3.286051256086054
46 3.812329697477367
46 3.483917112054056
46 4.917903417938550
46 2.234450925285568
46 3.384037826698830
46 1.586461109219854
46 2.991031732434110
46 2.195405694618799
46 2.045410497700735
46 2.208388005616280
46 3.542933256725437
46 4.583917435816209
46 4.688273417931469
46 2.743912458898169
46 2.143964814776431
46 2.064333502234364
46 1.769065472206622
46 2.205416671387802
46 5.822787090292128
46 2.226504061232204
46 3.363126622992938
46 2.317810876765932
46 3.240098398546312
46 3.000115503221837
46 2.977274678885542
46 2.734055962745066
46 1.847878631441756
46 1.559122409869028
46 2.801572135383371
46 5.245717156546188
46 3.174786154088480
46 2.070250206324668
46 3.657417526037646
46 2.604932510908021
46 1.557048066658103
46 2.695957011507939
46 2.052366744240952
46 1.684059385650545
46 2.455703465832296
46 2.783882078862625
46 1.865991454957104
46 2.396007552190194
46 2.755213031361015
46 2.128499316159911
46 3.302010474130460
46 1.764550380315901
46 1.826962359745963
46 2.744967176718573
46 2.593059010835694
46 2.064741041722536
46 1.595757597528007
46 4.692486621227582
46 2.816882106708196
46 3.240865744467980
46 3.490383926038707
46 2.716432761052747
46 3.865806907675471
46 1.678040309681740
46 1.528575180807893
46 4.213608127821285
46 1.381655168889650
46 2.245144777649894
46 2.345587548437479
46 2.181408163544873
46 1.761282167837719
46 3.232599295491837
46 2.506628341892667
46 1.504656045171763
46 2.930845266916257
46 3.248167910773399
46 2.228304038216817
46 2.428071680007008
46 2.502951999576198
46 4.170313161091511
46 4.270619186897930
46 6.798434585240849
46 1.195492713840297
46 2.523008540212465
46 2.519073227592478
46 1.627959590367075
46 3.876905367816414
46 2.215626599384128
46 2.918266666058015
46 2.434167490747712
46 2.044962279071489
46 2.283529376854043
46 4.750677562441343
46 1.504345207643977
46 2.229045593985980
46 2.375801054671625
46 2.469552817682752
46 2.540226203265376
46 4.633100369356546
46 2.611141572254808
46 2.364289790917359
46 3.358796821667441
46 1.928155169856739
46 2.507856926406625
46 5.115952441793433
46 1.902480577820886
46 1.727829948248855
46 2.276875446180225
46 2.314261427228674
46 1.950119387733269
46 2.857876134406880
46 2.507476835089495
46 2.677640783806408
46 3.712174837677549
46 4.194590860129480
46 2.377531771093126
46 1.735418448966997
46 1.815969631202420
46 3.058162329525186
46 3.457238796127745
46 2.647075934896265
46 2.036269579130879
46 1.717422363480023
46 1.887699382459470
46 3.222994893486251
46 2.266314533392495
46 5.670871531068164
46 2.761901616654598
46 2.631919429293951
46 3.336179106776306
46 1.696473800775350
46 2.276016650533471
46 1.973503243074415
46 5.526700720720781
46 3.793766351405123
46 5.292902410605986
46 2.927251469811068
46 3.912500400942396
46 2.044896624523520
46 3.277382205380155
46 2.716557749672579
46 1.205901349787447
46 3.533107012704559
46 2.441728507102151
46 2.983483849195285
46 2.154805591705895
46 2.487377101552846
46 2.196775505934589
46 2.109126781377292
46 2.842275769064303
46 2.083137983624463
46 2.468706385288731
46 1.836697691701243
46 1.950012074302931
46 2.110436451265998
46 2.394334927114299
46 2.135308690943686
46 1.862408733778429
46 1.300977008359490
46 1.665931513739753
46 4.134688502350764
46 2.297255105512488
46 2.938108788450756
46 2.487244923641133
46 3.941619143051530
46 1.591969018925617
46 2.187106566018801
46 1.783541438070393
46 3.599798558941322
46 4.401097172217638
46 3.691310724119189
46 4.330409269036005
46 2.341692980995172
46 3.564432105223142
46 4.659225268853582
46 2.759406904272827
46 2.596182137097442
46 2.260305723526875
46 2.328301605021464
46 2.809193284181458
46 1.228662602499299
46 2.770417780589216
46 2.902496652129099
46 2.174316142236401
46 2.902928517457708
46 2.986918295837564
46 3.566616724095232
46 2.926719177062105
46 2.405318561375959
46 1.509359336721502
46 3.576630460806234
46 1.668474434577988
46 3.398422548661460
46 3.012788583414602
46 4.301658236361878
46 4.510157466260120
46 4.742070908460009
46 1.880523008999558
46 1.823058249141799
46 5.229538164047668
46 1.048701514509949
46 1.522186622431286
46 2.487872160415966
46 2.226618513269768
46 2.771373719455135
46 2.075269062321107
46 4.869562839728077
46 2.197973423816875
46 3.632839773812746
46 2.126051648947552
46 2.514082389307952
46 3.125847898430924
46 2.494857196849738
46 3.633157328969783
46 2.483791771517207
46 1.923421982519573
46 3.132913099908848
46 1.344846954307098
46 2.415187910029174
46 1.604831764520018
46 2.951371732585038
46 1.877643024208780
46 2.642515901130268
46 3.099702781499427
46 1.889145641334234
