10 0.011120565243722
10 0.009099469567676
10 0.008785102373709
10 0.007652923676861
10 0.010908641782009
10 0.006393846639061
10 0.009014088467440
10 0.011330838790620
10 0.014163688599266
10 0.009687140567581
10 0.010115710435900
10 0.009136856190548
10 0.009283996610949
10 0.009482458747465
10 0.012402570790765
10 0.010916324840374
10 0.017899538729371
10 0.015892861473043
10 0.009700442556513
10 0.009053894696151
10 0.008551445344759
10 0.007775356448106
10 0.008345104225986
10 0.015702664786569
10 0.012076447727365
10 0.008685644009236
10 0.014529438814749
10 0.012968811814976
10 0.015089913727263
10 0.006809534885287
10 0.030249614125425
10 0.014086154666055
10 0.011376018601604
10 0.016121776233415
10 0.011301098149661
10 0.014380264830856
10 0.010193787609373
10 0.009364570643533
10 0.010717828203346
10 0.007675730548355
10 0.006362343543597
10 0.008708421283231
10 0.010809133807173
10 0.010715458697436
10 0.010900721623971
10 0.006504445620847
10 0.011264222777611
10 0.009675692579080
10 0.006366414538065
10 0.013546709746288
10 0.014307918594558
10 0.008797291226139
10 0.013374726901910
10 0.007359023426977
10 0.012608662514759
10 0.014046791132166
10 0.011190124085844
10 0.010935724832253
10 0.007752725386821
10 0.011119753066654
10 0.014715179970585
10 0.010142749113168
10 0.008679430545688
10 0.005122666425742
10 0.006488435290426
10 0.007703521523689
10 0.012532192495648
10 0.017261376995913
10 0.009721816345862
10 0.013171457069410
10 0.008222067284724
10 0.013971358749688
10 0.014552940625205
10 0.019494790218053
10 0.019461047441487
10 0.007250143303349
10 0.009889571357226
10 0.009770719998598
10 0.010832832167291
10 0.009656848575219
10 0.011750819449655
10 0.020070741216536
10 0.007758055398921
10 0.014254020764809
10 0.008549442305066
10 0.011252422970931
10 0.013251470988957
10 0.007422840521084
10 0.012027487949980
10 0.008205037897705
10 0.012096725490722
10 0.008074785687148
10 0.008771269321512
10 0.019661491007528
10 0.018199746418480
10 0.010514731123853
10 0.013835529650328
10 0.007219332061778
10 0.009680781421801
10 0.009601603982597
10 0.009118251423038
10 0.011306872190982
10 0.012149811698926
10 0.007481152722331
10 0.011418514957104
10 0.007896382404541
10 0.010521268894963
10 0.014289385098644
10 0.007622227938699
10 0.005955677012709
10 0.012583674451505
10 0.013196735464403
10 0.007451167531624
10 0.012436839299264
10 0.017334639582250
10 0.012418894127887
10 0.018466379274268
10 0.012438267698441
10 0.012030646194532
10 0.021762577146808
10 0.007201602988895
10 0.008788995345407
10 0.009186695773149
10 0.007446565682364
10 0.011553168704659
10 0.014663684798083
10 0.009760084992014
10 0.017596573614086
10 0.013249050639027
10 0.020804956435044
10 0.009948046922296
10 0.013480034362536
10 0.013994549439185
10 0.008501783007965
10 0.010555270583621
10 0.014502384519110
10 0.020670359627784
10 0.015202514814277
10 0.028793147646161
10 0.007882781943248
10 0.015326455556234
10 0.008961546384861
10 0.010363949512442
10 0.011135835959412
10 0.010816878796214
10 0.008332239566188
10 0.008377902339042
10 0.011321947034444
10 0.010187410843451
10 0.008477444709075
10 0.009869340068069
10 0.013760040794701
10 0.008050058372615
10 0.009778073587957
10 0.007563720178286
10 0.013652032241748
10 0.015830505523803
10 0.006759258597589
10 0.010579695130102
10 0.014549851857370
10 0.006685558643388
10 0.016019870313113
10 0.011097754725103
10 0.014126133395468
10 0.016818406800842
10 0.007795793837925
10 0.015451282485949
10 0.016448085909423
10 0.010195955510894
10 0.009419228236608
10 0.017686455299472
10 0.008851159717824
10 0.014022848822920
10 0.010674114417131
10 0.008358135967920
10 0.007444575571835
10 0.014476287232374
10 0.008785623424709
10 0.006753685629474
10 0.015807423951051
10 0.016833229227926
10 0.007651511213443
10 0.009731344640207
10 0.008870744462830
10 0.014264564854119
10 0.017397010205945
10 0.012114240905594
10 0.019370190694226
10 0.011436381419419
10 0.012003844513620
10 0.005413999444416
10 0.016626626497308
10 0.018806632209713
10 0.011845033041471
10 0.011834669344917
10 0.007237380195788
10 0.019809090248802
10 0.013308645154865
10 0.014297211136044
10 0.010739135768035
10 0.016679169186950
10 0.005872401722295
10 0.012464650101727
10 0.004883811688873
10 0.008717817427845
10 0.025448131692621
10 0.009534319748267
10 0.007082858122331
10 0.008182846889978
10 0.008166431740855
10 0.010361614044338
10 0.013008910237767
10 0.009643947340376
10 0.010639899112846
10 0.016264752120418
10 0.013055388043497
10 0.018688564873003
10 0.011926562809463
10 0.020968213913491
10 0.008847501002455
10 0.013165425461307
10 0.010202813022847
10 0.010720254098088
10 0.017388723310565
10 0.006702755505644
10 0.010336707904768
10 0.007624407590366
10 0.011925334388452
10 0.017769292156140
10 0.011721893432448
10 0.009061602660468
10 0.010493846820954
10 0.012125063803269
10 0.013031731618750
10 0.008304923214508
10 0.020342412247055
10 0.005900945165729
10 0.016384342740242
10 0.015621401750261
10 0.009968162930485
10 0.012280180836427
10 0.013565866355965
10 0.011509438452149
10 0.011753439545837
10 0.009778319405226
10 0.007867904752823
10 0.013615961888279
10 0.013785129208653
10 0.017275852015730
10 0.016553777051589
10 0.007143403163197
10 0.009833254727625
10 0.011772152584223
10 0.009732851247572
10 0.008952126676794
10 0.015588359437949
10 0.007051090502370
10 0.008411225717391
10 0.012271156848820
10 0.017346799111009
10 0.014068556821748
10 0.008051784841553
10 0.024537851691112
10 0.016567412459268
10 0.013427712847157
10 0.008623880331810
10 0.014298829887497
10 0.009539640942813
10 0.006641238190949
10 0.007370464547272
10 0.013899366279777
10 0.013702701292405
10 0.010187416317137
10 0.011790799079192
10 0.017555354710087
10 0.012729522870351
10 0.009465670869944
10 0.018246443671709
10 0.016276156648184
10 0.009699661453008
10 0.016747676684663
10 0.017722193504055
10 0.011112038923904
10 0.018191728641223
10 0.013402223634459
10 0.017523655943896
10 0.016204442061707
10 0.011451061301057
10 0.020148051531721
10 0.010170334721061
10 0.008416444943638
10 0.009829849725177
10 0.011445772047961
10 0.014259848261185
10 0.012036666803203
10 0.006319499775907
10 0.006350593121965
10 0.019976704727455
10 0.023506909685330
10 0.015220982626505
10 0.006831028074787
10 0.014861548949353
10 0.020238120500230
10 0.012249904010529
10 0.016707564158154
10 0.007864166816376
10 0.014877374676463
10 0.012680105849191
10 0.009464727976670
10 0.009557132602888
10 0.012445491332591
10 0.011269800956083
10 0.011131468166827
10 0.013187953590190
10 0.008918918293475
10 0.013707305881905
10 0.010681567681450
10 0.007817071328812
10 0.013647639896811
10 0.024365308030373
10 0.018571483546629
10 0.014063711054163
10 0.014049034301695
10 0.009256902944502
10 0.010287463795130
10 0.009536021281477
10 0.011752638620291
10 0.012530567623479
10 0.015913742897127
10 0.009102741314104
10 0.013457806667537
10 0.010268526725429
10 0.012791049922739
10 0.009681817906732
10 0.020369715749877
10 0.019352773645596
10 0.009510853425195
10 0.009832930728833
10 0.009961968973828
10 0.013404546314184
10 0.005565821031032
10 0.009831072684839
10 0.009279959145769
10 0.013859260557135
10 0.009999924234181
10 0.008933969012167
10 0.014496446954340
10 0.014623417685716
10 0.012802596760291
10 0.017237125269797
10 0.005121941410378
10 0.012714438535465
10 0.006728780029213
10 0.014022816899467
10 0.007526693111799
10 0.010734490758008
10 0.016185189096858
10 0.009799269970901
10 0.013370663604349
10 0.004650294219328
10 0.008977953062986
10 0.007302593796659
10 0.007568204113907
10 0.010892992120304
10 0.008867292358939
10 0.010454081467494
10 0.013997790938111
10 0.013424889677363
10 0.012833999478022
10 0.013596374988676
10 0.011983822049010
10 0.016316817592269
10 0.008678114940460
10 0.007741658646816
10 0.005999142784915
10 0.009471120948585
10 0.022704663744896
10 0.008919022872822
10 0.010985268376751
10 0.009814452000155
10 0.013186359510789
10 0.010857829196791
10 0.012709445348192
10 0.006305235085863
10 0.012222805671682
10 0.012216629253049
10 0.011160706558695
10 0.007814122918767
10 0.025493999767477
10 0.015240562020560
10 0.017933037762970
10 0.009161071939998
10 0.013628404185581
10 0.011960384439618
10 0.008007613354965
10 0.007077265070476
10 0.006453548413443
10 0.018641524456647
10 0.007935571266269
10 0.011678264351976
10 0.007526176948238
10 0.009681604132943
10 0.010060942686257
10 0.009635968611738
10 0.008216434528626
10 0.008319981819459
10 0.011205130575299
10 0.009094267090915
10 0.017134886608427
10 0.008563153399284
10 0.022224088498996
10 0.009287455271595
10 0.006712693073296
10 0.010910540318451
10 0.018200783302800
10 0.007884869649657
10 0.008866038082137
10 0.010754890188298
10 0.011257095872291
10 0.011913765097831
10 0.008531026750804
10 0.015662083695194
10 0.021799606301040
10 0.009381415539063
10 0.006878448469400
10 0.012514980681214
10 0.013885504651665
10 0.009755363132842
10 0.009116537893136
10 0.011371008414715
10 0.017630208693018
10 0.015522681787118
10 0.022039697259570
10 0.015927604124503
10 0.009552170213623
10 0.016320194629799
10 0.007269919356231
10 0.013240579015908
10 0.010102397989439
10 0.013695159937633
10 0.007686300241473
10 0.007160311673906
10 0.013687773560849
10 0.009470155040730
10 0.005689732011093
10 0.006563336208740
10 0.015227086916658
10 0.017987266102969
10 0.008623438850525
10 0.019894935252081
10 0.016511859661382
10 0.008952250089741
10 0.013094639528827
10 0.014421398251587
10 0.012576504572294
10 0.012988776393842
10 0.008527108445627
10 0.007364425364322
10 0.012621001413030
10 0.012118917616995
10 0.015746285975079
10 0.017973137327119
10 0.014085455444191
10 0.006064842588811
10 0.014101438283972
10 0.022476435603163
10 0.008024145382873
10 0.007973083790260
10 0.008880741013956
10 0.016409920471725
10 0.015492373188996
10 0.018433447895209
10 0.012627025124394
10 0.010734369928976
10 0.007930038772387
10 0.010963684353116
10 0.010063240422575
10 0.015886026595666
10 0.008316038561837
10 0.008006181312933
10 0.014820892490302
10 0.010175846545337
10 0.024161469400287
10 0.010827047707946
10 0.015356174745414
10 0.012353253843802
10 0.012680202918085
10 0.008736183738752
10 0.011328016447068
10 0.015718485220849
10 0.012520997202132
10 0.010466953998965
10 0.014901048551283
10 0.009568167405399
10 0.009818921373148
10 0.012630263127103
10 0.010121827908860
10 0.008196832903664
10 0.009306946163442
10 0.010517222131255
16 0.061479055134198
16 0.065455212977223
16 0.115652646796930
16 0.033005223173919
16 0.103482247001929
16 0.071546821495367
16 0.047604031932069
16 0.052045503138138
16 0.140454791034955
16 0.121638485221730
16 0.105411849449014
16 0.046482926851829
16 0.072819372395870
16 0.107413797419884
16 0.051509899764419
16 0.087331731553073
16 0.093577901104939
16 0.079197985319142
16 0.071096985075834
16 0.105654722237569
16 0.061823332915953
16 0.099454329534523
16 0.060693388668663
16 0.053284050666901
16 0.103457200916747
16 0.061511422149855
16 0.113717167637399
16 0.118753417756801
16 0.078546467801650
16 0.065634458118656
16 0.057175743746984
16 0.055661486614259
16 0.058438745924231
16 0.049444498084984
16 0.050123174762182
16 0.041677736030165
16 0.054660753047246
16 0.052702488429051
16 0.060959632363744
16 0.062670579061802
16 0.050035532514843
16 0.084830802753080
16 0.111022292268487
16 0.072120788406079
16 0.061928420137138
16 0.075897391873303
16 0.141465876045792
16 0.057267380072343
16 0.098509424087326
16 0.052916327175039
16 0.058074350707174
16 0.076160510635061
16 0.093857046326396
16 0.097215048202609
16 0.101454218408199
16 0.080117197538075
16 0.057384346892977
16 0.063038652661865
16 0.072850073206555
16 0.076004475611491
16 0.070061570672425
16 0.091325282873099
16 0.039633321569856
16 0.055957840205190
16 0.125032252520806
16 0.099554524803397
16 0.123001194670699
16 0.151064464810759
16 0.083948657909974
16 0.079347052982786
16 0.072906640257636
16 0.117679514948398
16 0.095247700818156
16 0.038191962903424
16 0.058424605659465
16 0.044271856539100
16 0.067674832970475
16 0.102428219100681
16 0.075832210499295
16 0.074714083410815
16 0.137097110251469
16 0.034398239181451
16 0.043285583429212
16 0.105652896756446
16 0.074998657588716
16 0.110050077888980
16 0.146184945625383
16 0.068711070287799
16 0.041599611729586
16 0.077049261830661
16 0.129947058557042
16 0.091706891996124
16 0.123203241692494
16 0.159941835096364
16 0.117609493534665
16 0.070248611045213
16 0.071867986671687
16 0.065493166757982
16 0.045114949884219
16 0.106099761001793
16 0.087205184628748
16 0.050320190051050
16 0.052149218348361
16 0.061132843627630
16 0.052870505137869
16 0.080469028306516
16 0.131469300977944
16 0.045476509537926
16 0.064368931673455
16 0.072446896891825
16 0.090897969133412
16 0.043644221077897
16 0.057169582056895
16 0.039149669208021
16 0.045576765748931
16 0.092239774534076
16 0.104803849022057
16 0.061619905074175
16 0.082102479249131
16 0.061078327498494
16 0.063169691246998
16 0.047147923205109
16 0.045709507393717
16 0.085180394689888
16 0.050905488916395
16 0.049954577930283
16 0.077763147614826
16 0.073710958889653
16 0.063243382296470
16 0.091006774096017
16 0.075288347398695
16 0.073295991601393
16 0.083437971265676
16 0.087562321773603
16 0.086579532499322
16 0.121546883950882
16 0.086503718829427
16 0.122206899468807
16 0.051655938876822
16 0.052634853825653
16 0.052890258023579
16 0.127031701380764
16 0.067499722188055
16 0.080360425542091
16 0.060468917537128
16 0.065125402314615
16 0.067170304853626
16 0.075100988506899
16 0.030112905882386
16 0.072842051739568
16 0.063452035169204
16 0.087576322686262
16 0.114681844218618
16 0.119371561392885
16 0.043228756969693
16 0.086575270907559
16 0.072519484325437
16 0.060448885475104
16 0.060475927305243
16 0.065793526219789
16 0.110544480346348
16 0.092001876448921
16 0.050379964851086
16 0.102949460139990
16 0.116552791388081
16 0.092526435870703
16 0.083570133846599
16 0.085715793460158
16 0.079893672272417
16 0.142583715944122
16 0.046205134090297
16 0.082385849713586
16 0.111846955188101
16 0.058751108203805
16 0.055518385361783
16 0.053938290767278
16 0.093640820017456
16 0.104899141458585
16 0.062538741190292
16 0.131967637422132
16 0.041842873070882
16 0.060850398892812
16 0.074194286962494
16 0.072317986904401
16 0.077228799757549
16 0.052456810640482
16 0.088686310879344
16 0.110338354862945
16 0.042038163012135
16 0.061552988672390
16 0.097551531347889
16 0.053375757596712
16 0.055060615303865
16 0.075171405489787
16 0.095074985942776
16 0.086832875089372
16 0.048432066502551
16 0.069421286743424
16 0.074556342837976
16 0.085693986294235
16 0.042408492475171
16 0.058889098127611
16 0.072170243190948
16 0.079597340317913
16 0.107865032925080
16 0.070554590466832
16 0.088185018168309
16 0.107447218194673
16 0.099581385180607
16 0.072813357429983
16 0.084526729792479
16 0.105847365684190
16 0.094092131732095
16 0.052977536578168
16 0.060337408464189
16 0.075243581356071
16 0.065954200239121
16 0.075433043518199
16 0.107568050348185
16 0.131606644250300
16 0.070992387384196
16 0.092001777579955
16 0.093554252047356
16 0.067096916000544
16 0.119998990777456
16 0.145249955836090
16 0.052195066417490
16 0.077706369838759
16 0.040455027970162
16 0.077540935862887
16 0.044911020278756
16 0.075598495362735
16 0.061879153918476
16 0.054543682591310
16 0.061320126530220
16 0.080331880441217
16 0.100346498051062
16 0.040312340301730
16 0.110571995813016
16 0.106439764597170
16 0.050261106343351
16 0.061204692746290
16 0.085077175671009
16 0.079179863211317
16 0.052363392000873
16 0.056688753502680
16 0.055879045925216
16 0.111996410969456
16 0.122639698054463
16 0.078374250706053
16 0.120426026861370
16 0.054226085324715
16 0.068718690104826
16 0.146882124637735
16 0.065526386451291
16 0.063441063825440
16 0.063127915902793
16 0.090579396581979
16 0.059653857447840
16 0.099976315616736
16 0.053969408813337
16 0.080482110486310
16 0.067981767162260
16 0.066428880022597
16 0.198187533140499
16 0.084272299229408
16 0.092245812495467
16 0.135608655834584
16 0.092815410278034
16 0.068906905902260
16 0.113392219688545
16 0.134530539204810
16 0.131935821953601
16 0.089062900875975
16 0.108694303280415
16 0.090572437792531
16 0.086367627268818
16 0.070106778444531
16 0.095908033164694
16 0.051997059475017
16 0.115496022236551
16 0.097335209691886
16 0.100078480661676
16 0.053305587709948
16 0.050686278372524
16 0.085954825767414
16 0.071910134365892
16 0.114239179585548
16 0.061294808270803
16 0.075755960010886
16 0.068393600767053
16 0.043335936763776
16 0.081508498372463
16 0.036786051491742
16 0.036212759847083
16 0.102507923630480
16 0.106300348016868
16 0.052156305740287
16 0.121991551513089
16 0.086664561292621
16 0.073873832420197
16 0.083945567848723
16 0.088528297265403
16 0.096261612050132
16 0.033557545398245
16 0.038667327540920
16 0.114214754271714
16 0.065416585605895
16 0.165104258403847
16 0.063503425527848
16 0.053038832664797
16 0.058863508582587
16 0.058602863676681
16 0.084671967335512
16 0.054434771381879
16 0.061201006652429
16 0.044372051421343
16 0.055135771969718
16 0.077627554695870
16 0.052792428326769
16 0.074883501184740
16 0.055078593267361
16 0.096020343763896
16 0.056568829243198
16 0.094832237604181
16 0.097803020803320
16 0.083577249834718
16 0.053378894218521
16 0.037931156034464
16 0.070257910646598
16 0.056503508183799
16 0.106144173173430
16 0.070009623266757
16 0.067452700189313
16 0.043236271262090
16 0.035621663724451
16 0.058366298297205
16 0.063150112481388
16 0.082993679393797
16 0.060224433004583
16 0.097223000606431
16 0.068687184322460
16 0.063389596090131
16 0.054928524044046
16 0.062551988870689
16 0.032886610382837
16 0.101224728090500
16 0.082606601230420
16 0.083170340215532
16 0.108919184864156
16 0.163134372154099
16 0.058479300255247
16 0.058483274670156
16 0.078092366157096
16 0.070416640256445
16 0.059644765989378
16 0.093471704242572
16 0.056913196750689
16 0.080865058831023
16 0.070421246441667
16 0.098854749933337
16 0.092330790822466
16 0.087095303810295
16 0.096910227167597
16 0.087752221817388
16 0.111707349511933
16 0.052605934274195
16 0.114900597666614
16 0.061304014982167
16 0.078696855601783
16 0.074438386181794
16 0.093070617564757
16 0.143578168503198
16 0.114961826237828
16 0.105893326854685
16 0.054763825246202
16 0.071706830040607
16 0.109683672222170
16 0.043074471355839
16 0.059652162532268
16 0.046171912080177
16 0.080805179593987
16 0.112748721955190
16 0.073059603157931
16 0.076912950223222
16 0.084529196290484
16 0.055109603977421
16 0.045597617412154
16 0.086339592885655
16 0.046385269280830
16 0.049085190276708
16 0.049081278310861
16 0.070994356564511
16 0.073973699608092
16 0.137771859557634
16 0.049123226211081
16 0.099235747029584
16 0.082397617400318
16 0.065486355803693
16 0.063662275909373
16 0.047602154739700
16 0.071242073495058
16 0.077372854602887
16 0.078943347971352
16 0.081983575340865
16 0.114174743238711
16 0.044604799030940
16 0.071518434995766
16 0.056804664225254
16 0.078313501978642
16 0.056377187423030
16 0.056066804231846
16 0.072862987499559
16 0.120698991478756
16 0.050466854288456
16 0.094043737323400
16 0.060052420419856
16 0.064732209371209
16 0.056277381417321
16 0.084167617016589
16 0.077450758963548
16 0.058686729258970
16 0.049595664456155
16 0.072236731570639
16 0.076020816979392
16 0.080943430535014
16 0.060637271916207
16 0.087709517125240
16 0.054690241769126
16 0.080858387419942
16 0.038891825403147
16 0.069180280336858
16 0.073496313263896
16 0.100800028083974
16 0.076490166213395
16 0.070861974436502
16 0.134655948539816
16 0.074299051138224
16 0.110659630033443
16 0.088650966114615
16 0.111299050206255
16 0.052161670061802
16 0.086492198960108
16 0.118739208898337
16 0.072356400477354
16 0.056022810349158
16 0.090352259254976
16 0.089354422478455
16 0.120652960988947
16 0.058188006898551
16 0.135444256011780
16 0.054350203050907
16 0.119285620751068
16 0.069183930804181
16 0.144948167904538
16 0.051514704910119
16 0.073695296746188
16 0.044685421592011
16 0.055109696762692
16 0.087539348195563
16 0.099602088781101
16 0.115998595349263
16 0.097671181197927
16 0.044647323042808
16 0.075891934002248
16 0.091583892183841
16 0.125083849409240
16 0.072262544238607
16 0.083232884906112
16 0.135632790388996
16 0.113599367463187
16 0.060549579376652
16 0.080793453649303
16 0.078184028072569
16 0.098214363860831
16 0.048118348891943
16 0.049738870479522
16 0.059578475575995
16 0.065014476265666
16 0.082517350652414
16 0.073902483937441
16 0.097263010579240
16 0.060485345598669
16 0.083892832654717
16 0.066535154456582
16 0.089281074724437
16 0.089308419821960
16 0.142560710061585
16 0.065915173991895
16 0.066451176901185
16 0.041601407010239
16 0.047700830396234
16 0.086697078052309
16 0.055637346807417
16 0.036580194743932
16 0.121659715357116
16 0.086009829411199
16 0.081129365550078
16 0.091636378079352
16 0.073314545436822
22 0.285675208041922
22 0.277483450641054
22 0.248725115103875
22 0.303965156191011
22 0.194267381592339
22 0.328481285605396
22 0.277284249580473
22 0.363990354953238
22 0.214444956856027
22 0.185688751418012
22 0.222580081108592
22 0.165397267850515
22 0.325584166037842
22 0.262683966611406
22 0.146936728541056
22 0.199352422010277
22 0.222438888965101
22 0.314951501395594
22 0.276451907325926
22 0.588122095937704
22 0.318792001777756
22 0.345122206727950
22 0.262995865487375
22 0.201092812954110
22 0.284059082424089
22 0.398701926860389
22 0.181197647569399
22 0.388907307789853
22 0.317263141272769
22 0.310178282490115
22 0.293063732174106
22 0.536661422467677
22 0.298086886976562
22 0.195570219447682
22 0.167232896075320
22 0.247447716529293
22 0.166099181427272
22 0.245884929679195
22 0.366695003800249
22 0.255537354577215
22 0.363691939125057
22 0.208336240630482
22 0.427937538276305
22 0.203854579765582
22 0.251561069567895
22 0.189274047117252
22 0.437906676597910
22 0.333111241638020
22 0.156856957194862
22 0.265789852903517
22 0.215022799846810
22 0.199298424937206
22 0.219197141907811
22 0.202519207481886
22 0.349144582219379
22 0.512308203355999
22 0.306525574840951
22 0.223825294894203
22 0.170569689716446
22 0.323639972346242
22 0.157419328421022
22 0.179942877604739
22 0.232388528356758
22 0.315252766742236
22 0.258456522933235
22 0.197738832476980
22 0.204939719938764
22 0.240308371387991
22 0.495299449485829
22 0.204502517958784
22 0.201443019808707
22 0.301503331835027
22 0.291374110239277
22 0.160146559779358
22 0.234841795998501
22 0.271571155882735
22 0.190386079959282
22 0.302977682502556
22 0.192939888370846
22 0.201310303959911
22 0.190917691522919
22 0.446712123428161
22 0.232211531799110
22 0.201533900694718
22 0.383065851432888
22 0.340163938597435
22 0.377042479517715
22 0.472551404640664
22 0.182246225880008
22 0.297805736981388
22 0.239143694115300
22 0.209276757610562
22 0.384479149259687
22 0.244894943847192
22 0.211288167304428
22 0.292741016320879
22 0.380790263094246
22 0.304412490089321
22 0.201389972892805
22 0.313391345265684
22 0.134453062786584
22 0.225695875535521
22 0.281167766238405
22 0.238099087786728
22 0.223881286724454
22 0.320368600425326
22 0.329073544887057
22 0.345418690844669
22 0.246145189969136
22 0.291202626086822
22 0.214950041007189
22 0.268548621825359
22 0.152258713646718
22 0.146563794131453
22 0.238509766045572
22 0.269160047743352
22 0.269141287047022
22 0.187196156727205
22 0.225191180209849
22 0.447742307174985
22 0.284063497253967
22 0.495460372575451
22 0.166483813812896
22 0.391066139466000
22 0.170862070987425
22 0.320169460856742
22 0.315416508975193
22 0.223151136127022
22 0.325613983983826
22 0.276269623000829
22 0.157654957670548
22 0.460195306496462
22 0.368758764357565
22 0.461044532721396
22 0.428984355831470
22 0.237670219682662
22 0.320872546215854
22 0.350025937592518
22 0.171156076125800
22 0.213782915811974
22 0.194454991982049
22 0.207931169882101
22 0.164261961538840
22 0.200894108141751
22 0.280927200399716
22 0.208113999214682
22 0.263143586600108
22 0.257070125889046
22 0.423817508660639
22 0.265130433636700
22 0.278926831655649
22 0.241540153011080
22 0.675699242037172
22 0.358497769310610
22 0.475412596025251
22 0.193718055647044
22 0.204126932616899
22 0.224061728912165
22 0.310043090669830
22 0.425818403349800
22 0.287417401967144
22 0.214559720454574
22 0.195317923983199
22 0.134952068289951
22 0.252136331821670
22 0.409172268022517
22 0.243686677112797
22 0.355705354793985
22 0.154557882524561
22 0.293043482049484
22 0.195692499799473
22 0.179058989528071
22 0.338221523189926
22 0.347709891756948
22 0.314816121798513
22 0.268337807100276
22 0.449374146163809
22 0.243953982927432
22 0.402418731681778
22 0.364573268032711
22 0.259279457370205
22 0.221042048831128
22 0.241082856200011
22 0.187207715737622
22 0.323585868550629
22 0.436125118361939
22 0.574398575425701
22 0.374294092759249
22 0.257026765030545
22 0.208084117589631
22 0.302588035461803
22 0.406529318132385
22 0.382200721582952
22 0.195411068235034
22 0.352174747415896
22 0.153617414843440
22 0.258108788488626
22 0.239963537708713
22 0.215210229086895
22 0.266961468297340
22 0.303884555736330
22 0.180641852231585
22 0.198270650421043
22 0.255033335837532
22 0.423019479307127
22 0.244256391879468
22 0.156750727628514
22 0.502837208203059
22 0.426776937556624
22 0.226638412085780
22 0.380451220599219
22 0.277147136750101
22 0.426053270409654
22 0.400506172721450
22 0.203646808598592
22 0.258640942795755
22 0.219500963561546
22 0.587606554340807
22 0.304656633742690
22 0.682984902514327
22 0.516785427000329
22 0.335581839716840
22 0.157607665385013
22 0.161583887022815
22 0.265470025849869
22 0.239190605827621
22 0.316016824180774
22 0.202642235024564
22 0.297039962928340
22 0.605429352530967
22 0.275354824696261
22 0.276326415871976
22 0.243308648008902
22 0.157010358136970
22 0.461747189137559
22 0.221194093851462
22 0.176269128371374
22 0.445717599476978
22 0.274974657926859
22 0.230347208473930
22 0.213183760873858
22 0.324692366533128
22 0.457989824136038
22 0.182827612857524
22 0.316030447903325
22 0.382641323852942
22 0.206105710336171
22 0.220183643168415
22 0.243005166056829
22 0.136292671581190
22 0.400370872651569
22 0.218315340337505
22 0.224845453698691
22 0.310626691148043
22 0.415622929627502
22 0.376171260869391
22 0.315247514355527
22 0.179369348132985
22 0.162275970542684
22 0.306606034111717
22 0.213581034921795
22 0.195510902394352
22 0.142614483536768
22 0.273125126061281
22 0.328133221949448
22 0.140146561702325
22 0.398941858431576
22 0.232758724095831
22 0.177405679914404
22 0.447698986629026
22 0.210114354556069
22 0.208016013219417
22 0.618661207444867
22 0.186194187522775
22 0.332557456057998
22 0.264229679480140
22 0.407301624094787
22 0.351614672412958
22 0.393947925653618
22 0.326878650217720
22 0.227275790838848
22 0.152820881594765
22 0.249303059274456
22 0.235484674715984
22 0.315623583984650
22 0.194065393569824
22 0.392071971479647
22 0.248914043093313
22 0.268164937691526
22 0.312094477031351
22 0.194271175215342
22 0.291293915058829
22 0.398373865262579
22 0.269035325391466
22 0.190140633164958
22 0.178339402016747
22 0.273525780395846
22 0.208021214736770
22 0.176180162075884
22 0.183175619482620
22 0.425178817971199
22 0.262685026220308
22 0.296894893977234
22 0.192594456423655
22 0.271524717129659
22 0.592074802879326
22 0.193793765352845
22 0.198384226855609
22 0.191864050129439
22 0.156116015345559
22 0.265603999082021
22 0.217915653291396
22 0.374706827207525
22 0.167546408680030
22 0.251627261413180
22 0.151956892838791
22 0.198276824717522
22 0.276758966516546
22 0.178011097529677
22 0.138878653556703
22 0.165841087315888
22 0.369828397781129
22 0.177876359929255
22 0.244060815946209
22 0.313169985920358
22 0.176811142558913
22 0.191448474060249
22 0.239188686251901
22 0.293946933695088
22 0.194342020072406
22 0.435757090069652
22 0.364210141224347
22 0.387918668348292
22 0.305359065034190
22 0.302449287724546
22 0.290858244969314
22 0.428072480032252
22 0.352881246710917
22 0.178610475437054
22 0.432647894673566
22 0.352251236294181
22 0.199438056695583
22 0.236042667554484
22 0.214236577489103
22 0.332373142290420
22 0.295270567281933
22 0.151928230488656
22 0.600372670802837
22 0.362658540524643
22 0.208664766694327
22 0.495894337453843
22 0.205104466199905
22 0.140688974474723
22 0.301106581120062
22 0.340712286336166
22 0.286571152684148
22 0.533751979754860
22 0.354242568286510
22 0.371338714692760
22 0.391508188733438
22 0.122197962438584
22 0.366593367410355
22 0.518570640987289
22 0.494974768110925
22 0.164945798779556
22 0.191712442556050
22 0.247090116924789
22 0.308940328225151
22 0.212844452658569
22 0.264339384368626
22 0.206866652101839
22 0.130749425270878
22 0.227917599875215
22 0.214622823845001
22 0.341496267425134
22 0.329191596124328
22 0.193939782884341
22 0.250755639416174
22 0.276520617372713
22 0.121615921882665
22 0.207598224703371
22 0.190441364349229
22 0.163735594483931
22 0.298600148944935
22 0.382573385799613
22 0.390485636266500
22 0.434137862667654
22 0.247579577147821
22 0.252190257700346
22 0.158058630174828
22 0.264364866014741
22 0.337893695206916
22 0.550235272196761
22 0.181250252529905
22 0.222465236117131
22 0.302360308665771
22 0.317428645382462
22 0.477935971177809
22 0.110108170805756
22 0.304978706666581
22 0.382795837600773
22 0.214029493652301
22 0.157997791628341
22 0.170034314934422
22 0.252614069866896
22 0.163953914960034
22 0.553905087655817
22 0.232410566236116
22 0.405079713156014
22 0.246380133539308
22 0.143740775747736
22 0.271784305428152
22 0.236572017723717
22 0.166618205152462
22 0.159652066984699
22 0.277197650910674
22 0.292669592100075
22 0.287304941168035
22 0.347349211336819
22 0.201850741834622
22 0.256459637478575
22 0.203292869759785
22 0.395476209107223
22 0.494705135496728
22 0.215507874531462
22 0.237149835035874
22 0.449543890157773
22 0.305492077615472
22 0.399054649513036
22 0.172674421119938
22 0.159783725844112
22 0.307469174661884
22 0.295707861167113
22 0.237942106482242
22 0.418483274119811
22 0.300643415840691
22 0.191996439729865
22 0.542715496007011
22 0.260553809397621
22 0.258908488631172
22 0.361230597855041
22 0.279858958405281
22 0.167193921397333
22 0.341301702804184
22 0.300204181683189
22 0.348194369076114
22 0.277048867044649
22 0.386364669814754
22 0.211777220035574
22 0.182590406907053
22 0.215071137325396
22 0.201335172517948
22 0.326595791768463
22 0.268503218123105
22 0.160320768242619
22 0.224746853756230
22 0.242234714720265
22 0.303051140890131
22 0.192468259588851
22 0.137554603463289
22 0.280083559958963
22 0.265463538520808
22 0.184470408261255
22 0.127990260080725
22 0.342963332330419
22 0.263998952132314
22 0.404081057007812
22 0.256260464005786
22 0.221680095140672
22 0.272080456663491
22 0.169053113038756
22 0.206189398208629
22 0.337862155525129
22 0.375396331299752
22 0.136028618867431
22 0.177839065373111
22 0.700200947556868
22 0.357632175671384
22 0.347423240548171
22 0.321784142084744
22 0.322434968053407
22 0.338502886042848
22 0.281186871083897
22 0.356557292529163
22 0.335780910418661
22 0.345511256075478
22 0.395895789501408
22 0.218162375523939
22 0.287937956135373
22 0.271058747598170
22 0.424823205531687
22 0.405881848271147
22 0.211043803337936
22 0.287982375814821
22 0.270616157135104
22 0.361992937779512
22 0.364165307977796
22 0.392900036150059
22 0.320907291397254
22 0.306884380092431
28 0.774175467107738
28 0.914921284492626
28 0.644844164725547
28 0.530159110701097
28 1.168920057154780
28 0.513805605816416
28 0.535470577568679
28 0.678882630739178
28 0.998864439467192
28 0.853742999982982
28 0.716708052474500
28 0.816947355962488
28 0.660315207734148
28 0.780994237270795
28 0.693172900275909
28 0.518699137504552
28 0.389133424235953
28 0.804459477389299
28 1.716184590936670
28 0.675661588511180
28 0.429440087509121
28 1.004615469057840
28 0.743569339333187
28 0.517129541800132
28 0.534281407274436
28 0.614712312295685
28 0.622683984058727
28 0.528393466585551
28 0.588717934626645
28 0.435316214677925
28 0.328130772576184
28 0.495096528397402
28 0.575269422684002
28 1.289541753151637
28 1.310714935209023
28 0.577867003678339
28 0.878606875578504
28 0.882780830547725
28 0.986634248547704
28 0.405077341893351
28 0.536961694803747
28 0.737335106219997
28 1.348671616331067
28 0.443920224839407
28 0.499448174870571
28 0.881510259313369
28 0.745624222733392
28 0.568599051188311
28 0.498989356001186
28 0.713217286939017
28 0.600792305564620
28 0.397045110703033
28 0.699708667477294
28 1.225230421675813
28 0.470098837031453
28 0.893194406239492
28 0.531270995857049
28 0.514694920900225
28 0.715497090814577
28 0.562208176328700
28 0.483623007591946
28 0.678716989625634
28 0.774167678765264
28 1.151683045401396
28 0.755721414734421
28 1.309251010821197
28 0.895282899367070
28 0.994961854925228
28 1.021195538981511
28 0.568782215045803
28 1.575331487559371
28 0.589575744423799
28 0.722675629835147
28 0.761591753219991
28 0.619815376018954
28 1.037307090335073
28 0.552288900289748
28 0.604576179555688
28 0.770591913310880
28 1.096022033207775
28 0.585129501404085
28 0.695532024619379
28 0.654022373799900
28 0.795076901107070
28 0.553296206691757
28 0.500334442089637
28 0.795621808831114
28 0.797545505040668
28 0.613753482373435
28 0.639068314868903
28 1.886928539350889
28 1.059512955987126
28 1.133583772752646
28 0.725868223122092
28 0.777653462576789
28 0.691526069696629
28 1.258877298125691
28 0.755349091833414
28 0.737548710432045
28 1.117310133642146
28 0.731713528174740
28 0.708646563163706
28 0.583253892478985
28 0.603682022827697
28 0.795523793994752
28 0.858471260472427
28 0.395077830740795
28 0.930293244743306
28 0.975073994989648
28 0.788126186461733
28 0.699461066822942
28 1.488069722586689
28 0.679455356899198
28 0.825707381111060
28 0.850124068982933
28 0.743531331110170
28 0.744983874724995
28 0.481364276587194
28 0.628445553894693
28 0.447818450304939
28 0.538360191473883
28 0.701140738798306
28 0.650242949576699
28 0.333398164518423
28 0.593294191514184
28 0.715316668422767
28 0.699291847684627
28 0.601728221183672
28 0.458796085992403
28 0.706017431678215
28 1.021658399031941
28 0.568044646745307
28 0.669966766346620
28 0.521715778754653
28 1.436639601922817
28 1.186191778623976
28 0.465682296535034
28 0.952037355795246
28 0.352367265798157
28 0.747903584710726
28 1.057474484002529
28 0.767125525312099
28 0.493040467109966
28 0.771050320989450
28 1.061199971822421
28 1.228584590255219
28 0.569017186735465
28 0.790863276626128
28 0.881143981180190
28 1.370547831225962
28 0.710026131600348
28 0.871034362069941
28 0.824721404071570
28 0.605822443402424
28 1.159619765337100
28 0.755899954813370
28 0.861219650378855
28 0.559531400407562
28 0.681919905094699
28 1.034931726296974
28 1.142702723754914
28 1.460917626133522
28 0.555977680552145
28 1.067129312883790
28 0.444322074182882
28 1.205498959019976
28 0.688070600473095
28 1.237163362349710
28 0.581632845873266
28 1.213411210223621
28 0.649875196621870
28 1.110274561880210
28 0.417808840776807
28 0.861087736852692
28 0.539874180227199
28 1.045402433716647
28 1.012203551701620
28 0.953104437983453
28 0.652523327994706
28 0.929008827096926
28 0.953230586773204
28 0.443141078267749
28 0.758587642699456
28 0.587469124302360
28 0.835346480197384
28 1.020215767904963
28 0.903949522733284
28 0.875272647370201
28 0.745634602716948
28 0.807521849472002
28 0.564691642907225
28 0.656207562139901
28 1.145563809770313
28 0.599665750973955
28 0.997014810327822
28 0.428613711394717
28 0.782158920350915
28 0.339989852106499
28 0.700605948961076
28 0.742625437344991
28 0.497089666958035
28 0.408123265809334
28 0.722936899614989
28 0.520959191676363
28 0.603653283310037
28 0.431980168744936
28 0.979808581176999
28 0.607540593236350
28 0.878454467020041
28 0.846839369913915
28 0.781431390049888
28 0.547894137478471
28 0.371347149515665
28 1.423427319919402
28 0.486585767194843
28 0.814286497087969
28 0.773047886542900
28 0.679148312451416
28 0.878270557066472
28 0.727117948932197
28 0.508497046763617
28 0.566602128405542
28 0.586779058782436
28 0.906239636351971
28 0.486311869724061
28 1.116863427092743
28 0.817055554724949
28 0.855875388096806
28 1.174423230551866
28 0.504692086741270
28 0.790736350049966
28 0.435571059991289
28 0.643976684935433
28 0.876239124614273
28 0.382349742942534
28 1.169581213902688
28 0.612559820089039
28 0.542762882714354
28 0.409009141210736
28 0.892460585303057
28 0.518320155665142
28 1.153348638150651
28 0.801690387727326
28 0.887044489353311
28 0.477961995494101
28 1.168838509909085
28 0.601493046014214
28 0.540918363136371
28 0.498375771444929
28 0.792650883819907
28 0.584014915206193
28 0.705860825747048
28 1.542380869839207
28 0.670019836115002
28 0.540970538460487
28 0.826882198301283
28 0.846607321426260
28 0.520996621875887
28 0.840251805173066
28 0.914278633574649
28 0.709840567826315
28 0.552628766722589
28 0.596459987174179
28 0.617877474033276
28 1.205327278081174
28 0.681428438624683
28 0.898894985034522
28 0.913877769908503
28 0.682706978963155
28 0.672359663191696
28 0.496631840536907
28 0.894871223081432
28 0.702312771787581
28 1.226048721795018
28 0.756999402209872
28 0.514468495932503
28 0.808174415041481
28 1.103341848913585
28 0.506183617834553
28 0.793639874168963
28 0.565472707563902
28 0.831884027433509
28 0.500187601494118
28 0.654531407193953
28 0.562929027464858
28 0.895482733405812
28 1.190688478499554
28 0.753950557804180
28 0.745051952396352
28 0.592238128942646
28 0.966279229078677
28 0.822763109958700
28 1.252610947427384
28 0.849775371671862
28 1.036024631676846
28 0.779645629554599
28 0.418959707690765
28 0.798732312740214
28 1.609924703689940
28 1.142101598918097
28 0.503461370549272
28 0.734574697473620
28 0.620115564724365
28 0.816448674136427
28 1.229977915545511
28 0.522767373517573
28 1.181730778838608
28 0.609046235347882
28 0.555468809044631
28 0.741390104113594
28 0.734254002093568
28 0.982359878679299
28 0.863726691516806
28 0.443842518956600
28 0.628814418647583
28 1.136950733415728
28 1.246040964738931
28 1.049401839765842
28 0.974216115371929
28 0.711893022186057
28 0.837489635538093
28 0.588406886602853
28 0.772022596974361
28 1.046275554313867
28 0.547156227869972
28 0.680572012891285
28 0.478721361902349
28 0.681660946387421
28 0.648915167251555
28 0.669620786279276
28 1.206117819253884
28 0.677406773882215
28 0.637372496986963
28 0.826704802889383
28 1.094354265509400
28 0.356059631168125
28 0.838831213057655
28 1.012442671969368
28 0.551264345076731
28 1.199625119018049
28 0.489947854607814
28 0.755510372406862
28 0.353802640581629
28 0.565185346128507
28 0.838324068908537
28 0.635294459214323
28 0.684775680614114
28 0.625327568943640
28 1.032370074633580
28 0.593528166755364
28 0.638180207029981
28 0.534505618486575
28 0.418658401197187
28 0.572215232318634
28 1.108599778717577
28 1.177366590338599
28 0.346286212248963
28 0.562324133263917
28 0.637746807683285
28 1.040690841665868
28 0.950279359665624
28 1.156419296397333
28 0.713767020905228
28 0.670342610794214
28 0.845356599697197
28 0.660031104854995
28 0.450064483442503
28 0.540262435537461
28 0.851819923563597
28 0.594897664764211
28 1.537634736360553
28 0.979394504600219
28 1.230615371403360
28 0.840993666083268
28 0.451091151372196
28 0.887497383158858
28 0.479693426043784
28 0.429560073029830
28 0.682370780485168
28 0.918593076784290
28 1.119572736807572
28 0.596758791663654
28 0.874387827245887
28 0.570714477137463
28 0.480039488106629
28 0.675865234374595
28 0.437371400127313
28 0.504850679845019
28 0.590048856600596
28 0.910915647899139
28 0.521612316842901
28 0.768490130690255
28 0.762490318614932
28 0.612090936709808
28 0.532204863916886
28 0.558708290826018
28 0.745478956339791
28 1.656783385665492
28 1.217696555362906
28 0.820939220455752
28 1.134153979562774
28 0.494606936744068
28 0.468095309932336
28 0.732986328441689
28 1.520376329829056
28 0.684432400478256
28 0.964288339548561
28 1.324444580378305
28 0.572672773771768
28 0.647806765320324
28 0.764505817047695
28 0.772629560439052
28 0.546434487994284
28 0.907357507752351
28 0.763520255026832
28 0.720453801511658
28 0.474438207617904
28 0.772476686504848
28 0.712883909734631
28 0.739555477950124
28 0.812948180495229
28 0.890139162687257
28 0.789432314897168
28 0.557693543917775
28 0.391226704559246
28 0.440515719596439
28 0.502213635237785
28 0.385988968233428
28 0.653437862865943
28 0.323912952436429
28 0.670313882484810
28 0.581383275875373
28 0.440712182097596
28 0.645788337461046
28 0.474069691570321
28 0.486400347780085
28 1.125824932944589
28 0.639443749151177
28 0.642715127870909
28 0.738899625868463
28 0.938916379453900
28 0.505887401157422
28 0.492895991784586
28 0.340404159471961
28 0.616295660611827
28 0.708543990306879
28 0.713790110051806
28 0.861862607774685
28 1.019926535566612
28 0.482777156538197
28 0.971887611902656
28 1.127811586741618
28 0.643860661471699
28 0.686720522825643
28 0.520503126024516
28 0.754648290160156
28 1.204979847020113
28 0.974551179877333
28 1.222083218167358
28 0.887310957933380
28 1.180679237734316
28 0.450333313440837
28 0.526800824358733
28 0.480648861416813
28 0.797395575417936
28 0.682804587168625
28 0.678585146348645
28 0.677239549318708
28 0.634249654310867
28 0.626502332486762
28 0.576142779638288
28 0.433132816074748
28 0.533731514683750
28 1.115693295177826
28 0.990077816238640
28 0.422058548229275
28 0.478382232590810
28 0.535726159955471
28 0.393286614488599
28 0.762567008543557
28 0.571373917808819
28 1.249013045677106
28 0.618187821297948
28 1.206781142229827
28 0.633079492553618
28 0.690377487087361
28 0.993562290241705
28 0.384866560865500
28 0.814858210595966
28 1.215222640792139
28 0.687620736259904
28 0.870422898618899
28 0.622570900275211
28 0.590222652144003
28 0.974070609087479
28 1.241956732812225
28 0.820396525484369
28 0.810168445443716
28 0.546808590767966
28 0.600729882450631
34 1.229261650591400
34 1.397007741326751
34 1.714715789491073
34 1.475539073366751
34 1.655140879989090
34 2.046984880043529
34 1.248536990150355
34 1.848792822569233
34 1.462894253458395
34 1.655352612014666
34 0.717951131983571
34 1.028805183766554
34 1.710201117102478
34 1.548166516253896
34 1.585138179207478
34 1.984311575913416
34 1.885806395381819
34 0.785279039878926
34 2.363267754929875
34 2.338881057957678
34 1.450379878038128
34 1.814400674011865
34 1.510891496395192
34 1.435190374064216
34 1.350497132013884
34 2.130618033341446
34 1.362081972009104
34 1.694204357727288
34 0.849572407400641
34 1.290296144777409
34 1.245662890047003
34 1.928585707805022
34 1.523687262674916
34 1.106939368085615
34 2.853863892520095
34 1.680843978155590
34 1.724326594038230
34 1.381013542383581
34 1.588502372261926
34 1.894699744120068
34 1.713403314410463
34 1.339788192104827
34 2.101585478971280
34 1.323194869913116
34 0.958202290667997
34 1.128007052239492
34 2.551734741332670
34 2.988701138119393
34 1.154923951750365
34 2.337651073851177
34 2.082345713908583
34 2.042819220163735
34 1.222929547424195
34 3.150537282894122
34 1.971881711937251
34 1.288223170617671
34 1.805894627129070
34 2.644551544927869
34 1.127270198017794
34 1.368125365575317
34 2.291057703588463
34 2.743669017398811
34 1.602471667104977
34 1.489749390453672
34 1.460643432329383
34 1.711705101791838
34 2.306780391659819
34 1.134266524222079
34 1.391814691575009
34 1.277069667926843
34 1.653919232396064
34 1.500674291436455
34 2.066250799757959
34 2.711560901606314
34 1.579922599101360
34 1.467311274452727
34 1.255650558596037
34 1.865456802867571
34 0.993471438741256
34 1.538531959612676
34 2.036829550230804
34 1.338981923460947
34 1.494817644364114
34 1.737988204844213
34 0.742621966812128
34 1.408735591227069
34 1.204056614599099
34 1.737161788368159
34 1.798111972727845
34 1.547114186234555
34 2.415381333686404
34 1.555816497611147
34 1.963323743224667
34 1.200439100433995
34 1.073804453725032
34 2.204996987920132
34 1.256604287237442
34 1.108212900969636
34 1.858338485183436
34 2.019306628446713
34 2.445121401070531
34 2.445034661545441
34 1.860914951341636
34 1.762077354363054
34 2.234345494709597
34 1.073914598916945
34 1.650120232936078
34 2.101547052581255
34 2.094298078135027
34 1.527253940324522
34 1.320917722027154
34 0.946685246114123
34 1.675927484575500
34 2.155543573191255
34 1.783131405620778
34 1.923188382848728
34 1.031977989741671
34 2.114750041371787
34 1.544854214078124
34 1.452691700766314
34 2.264631659738169
34 2.112127762548699
34 1.300129308863467
34 1.443100032189258
34 2.200267045696866
34 0.919345533556118
34 1.850629909323844
34 2.560393859382895
34 1.601081823427415
34 1.415789318217770
34 1.138039605901313
34 1.399310377429980
34 1.475892638800418
34 1.879753471192889
34 1.597506055225414
34 2.417911492965197
34 1.657973641064980
34 1.434744948028406
34 1.637911770997754
34 2.133381730914671
34 2.298928262049527
34 0.972443058732685
34 0.976336385822363
34 1.017046260120317
34 1.223243276599642
34 1.556500754536914
34 1.090027029728438
34 1.266254537070327
34 1.865073793004218
34 1.935442398120530
34 1.268189930575046
34 1.155877100727576
34 1.701553421185781
34 1.131772379786844
34 1.369542476630421
34 1.960837261347935
34 1.679049820592001
34 2.615730843407113
34 1.869815474440380
34 1.250778753388124
34 1.155196634899538
34 1.683559452398126
34 1.993853143661258
34 1.261193950647833
34 2.133125635364171
34 2.765329417280107
34 2.508837540872258
34 1.899013035064840
34 2.381885356464565
34 1.061776738940984
34 1.788533841830598
34 0.719583106514722
34 2.194914661946179
34 1.743077438029271
34 2.217787211203718
34 1.269154773646938
34 2.131986013903766
34 1.147174098078214
34 1.225720917455760
34 1.616557429218573
34 1.932350128225981
34 2.094988269318933
34 2.039955848165577
34 0.917027506729058
34 2.919988604836040
34 1.603419942945303
34 1.566346156021304
34 1.833147990695825
34 1.616338605564427
34 1.724107808213065
34 0.805845286532178
34 2.076318669009646
34 1.652809823198140
34 1.128001662150260
34 1.043270662270764
34 2.988146989483239
34 0.921547520401313
34 1.003067676973004
34 2.643741265406525
34 2.321164014185196
34 1.264783484233280
34 1.275593867562393
34 2.462869323460195
34 1.296822341031159
34 3.053649020343592
34 0.855159492817972
34 1.448430568772799
34 1.361787145968794
34 1.440835804423142
34 1.427696134428299
34 1.630173236061155
34 2.355936521535575
34 0.907822564094075
34 1.361206334064916
34 1.099299146277118
34 1.492910042667635
34 1.711622124403918
34 2.178787541270681
34 1.270650811347528
34 0.940548068961104
34 1.521865164681739
34 1.928725940530155
34 2.239348018591288
34 2.741833078401137
34 2.260384309751158
34 1.091502586128053
34 1.509372951632490
34 1.157103581721096
34 1.642254113302367
34 2.002053291112079
34 1.981659855307961
34 2.001013567292941
34 1.051169509227275
34 1.746340405003813
34 1.542584257814052
34 1.351244428403792
34 2.411061385244280
34 1.794910307843666
34 2.681551836232973
34 1.543531374689647
34 1.874181850126844
34 1.679375284381819
34 1.035692520943408
34 1.567102487972812
34 2.196990023832781
34 1.368370940752304
34 1.474105583324816
34 0.879835199878983
34 1.592015045385852
34 2.200676394952883
34 2.030398797728216
34 1.975061224788488
34 1.429126401711871
34 2.512890061856405
34 1.366536147516097
34 1.151809065380368
34 2.461027037674617
34 2.022770445597187
34 1.053834880751102
34 1.433782311157266
34 0.931530736079133
34 0.873965426196659
34 0.807894656361126
34 1.241289301323022
34 2.630063930767832
34 1.597510480958885
34 1.751667280672437
34 1.768576987613179
34 1.130212783733430
34 1.239721720967034
34 2.064654672723093
34 1.697673916799938
34 2.200693125652978
34 1.075107350490419
34 1.085978245207969
34 1.852982008716272
34 1.734398651531800
34 1.824650237807997
34 1.324402109732623
34 2.513858182084576
34 1.874064405614104
34 1.030124176680502
34 2.090561922494595
34 2.231875932427157
34 1.661595322292778
34 1.154113131486016
34 1.593415728000656
34 1.064787850529346
34 2.031892104292474
34 1.314063155099173
34 2.184370113486556
34 1.991391360527847
34 1.450428985438513
34 1.508703150576706
34 2.110998859898638
34 1.689135795083114
34 1.265550172024030
34 1.431951975968767
34 1.215657893229356
34 1.139948164564990
34 1.668776623093302
34 1.892350766916899
34 1.338032199891584
34 2.346820523914737
34 1.083296572071740
34 1.427712861388283
34 3.381814572543280
34 1.626502538829229
34 0.719082428701604
34 1.542576701936597
34 2.042424705706259
34 1.344098938204714
34 0.907674090266597
34 1.762417646662871
34 1.376083611788992
34 1.365461344547987
34 1.151666928290574
34 1.961052175114862
34 1.664073510430237
34 1.448615553186062
34 1.012336971587923
34 1.594468963746457
34 2.921047453988018
34 0.728736034579355
34 0.813395215419456
34 1.047795667538759
34 2.009712977663363
34 1.743362480032761
34 1.914461872221264
34 1.626403689986955
34 1.206342708924583
34 2.306620572145250
34 1.576195089126104
34 1.016761241344111
34 2.512651454664788
34 1.919755503789212
34 0.832683553634150
34 1.213814490448940
34 1.959289678832508
34 2.045761804503242
34 1.853139685853530
34 1.038333319022735
34 1.513685936911244
34 1.785536271581779
34 1.603328392433435
34 1.502554599049149
34 1.748512518602666
34 3.297374446733885
34 0.968234997773712
34 1.028393823618981
34 2.396380122560418
34 1.451969845857161
34 1.064490548967824
34 1.059059962717274
34 2.466111478727214
34 1.552981445572364
34 1.861906474120861
34 2.358361064001163
34 1.697707445455857
34 1.552339734189703
34 1.405144935820879
34 2.189160491755395
34 1.042756568692097
34 1.441945597066176
34 0.923565584944138
34 2.093247267058985
34 1.662616126540335
34 1.040560566196418
34 2.596985341070068
34 1.963371015474863
34 1.582726743126267
34 0.916292541286756
34 1.620986331790719
34 3.676949216672566
34 2.845294971746881
34 1.724536129359679
34 1.306213512046022
34 1.399245505066368
34 1.598569289268227
34 1.184646125933663
34 0.838768655286701
34 1.526703645645984
34 1.281423455507022
34 1.568159791843632
34 1.632520068126687
34 1.140579915430448
34 0.923169146051388
34 1.429051687617399
34 1.100353033217837
34 3.090069598494055
34 1.733856757150344
34 0.985920714059203
34 1.605758969233331
34 1.349368981101692
34 1.496262652764164
34 1.227063434274555
34 1.076791519881541
34 2.048644598411584
34 1.125433443182303
34 1.225227777002655
34 1.277385998894599
34 1.562332438601899
34 2.310540525594205
34 2.183679454031007
34 0.971518592891816
34 1.266842395831200
34 1.286209789245567
34 1.272658304017107
34 1.913432330144471
34 1.341635578033674
34 1.292340340398914
34 1.443756856035093
34 1.206133077070211
34 1.677324761831676
34 1.932253706709641
34 1.117464602056791
34 1.756289834546105
34 1.191475826363660
34 1.293942871668764
34 1.711388558216626
34 2.446413802326457
34 1.967142184033258
34 1.097215800344731
34 1.216091733290132
34 1.574631438032328
34 2.164832281619563
34 1.762178593723478
34 1.678001293613155
34 1.368730067018096
34 1.465218515092213
34 2.236574931141345
34 1.487070900789390
34 3.169582979141991
34 2.753025253475002
34 1.913842706214443
34 1.094695267434130
34 2.589133513449153
34 1.188764505104007
34 1.696917588588945
34 0.996010027960211
34 1.022923180919383
34 1.311474283787646
34 1.358327286870226
34 1.261455603777729
34 1.689010464446639
34 1.530990246606329
34 1.892972972909456
34 1.123499723690009
34 0.981119503328958
34 1.823910251168185
34 1.064975883297840
34 1.424082263687715
34 1.633003764049026
34 0.731952553468586
34 1.205078294227866
34 1.968509807821241
34 1.898173484652487
34 1.383331210695519
34 1.217048683369337
34 1.667964531509103
34 0.727404843613946
34 0.903137205468082
34 1.157046235983161
34 1.079955976323630
34 1.913483240337890
34 2.000988463170279
34 2.062002000066064
34 1.289517883400113
34 2.469013278430806
34 2.155280185145459
34 2.420768399339464
34 1.549251656950417
34 2.228930358571712
34 2.036712243730964
34 1.804525372388284
34 1.304314724487960
34 1.670158033553115
34 1.173320199727261
34 1.857207852361057
34 1.689088236273576
34 1.307283434387118
34 1.033635462429322
34 2.730625729093945
34 1.041049028010415
34 2.812370195424096
34 2.324685907106928
34 2.397923917595326
34 1.169828292302140
34 1.128390940948397
34 1.138941694388425
34 1.264986998090684
34 1.191133564773138
34 1.298064471952862
34 1.328726714065607
34 1.400997248812998
34 1.820103706424457
34 2.210071770171812
34 0.919486686939585
34 1.726599837478318
34 0.948427491425432
40 3.100388384098119
40 2.544948987978982
40 3.546909188173105
40 4.081938270689651
40 2.643867722179596
40 2.097318006806175
40 3.324473009691202
40 3.513748817768220
40 4.111116795487626
40 3.184691025563970
40 1.424099815977198
40 1.975408866545865
40 4.610741287427754
40 4.594263434915025
40 1.909196834610423
40 3.058838064817564
40 3.034130956390332
40 2.202031687690109
40 1.769718110136693
40 2.512579521661550
40 1.945248475224236
40 3.374982205902317
40 2.564559592420058
40 4.927996654773557
40 5.304948493564710
40 2.981191615500640
40 3.487401615422052
40 1.701289039623326
40 1.958893469853053
40 2.484549529658928
40 3.132434825592426
40 2.845518856426459
40 3.459678233713392
40 3.818438237938269
40 2.169237030072289
40 3.433452549447570
40 2.585772365948360
40 2.815833203440706
40 3.593020582489711
40 4.912047933255554
40 1.726531299160539
40 2.445008762629655
40 2.541351273594339
40 2.706037741545018
40 3.935808700810728
40 2.776081271185939
40 2.500761830783268
40 1.877853726264098
40 1.858697964233098
40 3.550225658621468
40 2.644255951861950
40 2.888773638563171
40 5.577434353652032
40 2.617688527358498
40 1.827689928239712
40 2.084398684380970
40 2.741671186071040
40 3.168257209754834
40 5.022471469130128
40 3.904537339690736
40 2.823674939128338
40 3.531538103845689
40 1.926238251463841
40 7.089198818798753
40 4.174522480457108
40 2.495032154649701
40 3.761798636629464
40 2.455291534836897
40 3.888114960665284
40 3.231753778841211
40 2.554507784109934
40 3.029622331344322
40 1.434706202149124
40 3.388195196541171
40 2.959822989650572
40 2.068110717451275
40 2.270489022713467
40 4.512991974487171
40 3.468758484406608
40 3.064245922663960
40 3.013560249205787
40 3.282880947285486
40 3.246031522231567
40 2.782144079037568
40 3.180757206356720
40 1.553582393000873
40 3.059967931232816
40 2.716828779470933
40 2.744740577204356
40 4.347775855152213
40 3.278316951881781
40 2.685427828820816
40 1.858731274564979
40 2.848769042924013
40 2.189158719099442
40 3.072704981047348
40 3.481730045555713
40 4.216114988941552
40 3.815178424587225
40 4.555807543462068
40 2.256402833074095
40 4.533353137108309
40 3.042541990039861
40 2.822645328317920
40 2.495610129131208
40 2.379267141558215
40 2.339200318128091
40 2.170884832998719
40 4.233908138450172
40 4.034977583043153
40 2.529939175982447
40 5.240451614561698
40 2.655119337025756
40 2.078318826352115
40 2.218281854159882
40 2.186367837623983
40 2.632315331867385
40 2.923558545141821
40 3.435543541437537
40 2.121650820717055
40 2.857235300256885
40 2.851743945780509
40 3.079846585533894
40 3.612801687123273
40 3.206654930159236
40 5.430121545557809
40 1.969805603747378
40 3.024550633333253
40 2.144882332676819
40 1.905334047194332
40 2.244946791849779
40 4.776204741525579
40 3.220631376888253
40 1.954631627124895
40 1.377632982359282
40 2.991392036452607
40 3.632883745659370
40 4.251012438493914
40 2.236703211118973
40 3.111335428077837
40 2.465051748144106
40 3.124782754773907
40 3.392385046267734
40 4.583779953376419
40 2.069277687667741
40 1.940893342772453
40 2.547083308271390
40 1.988999991438626
40 2.276099436656628
40 3.153289873219695
40 6.623448374446193
40 1.705698895780811
40 3.195352487615487
40 2.134583900726410
40 7.144668376924162
40 1.713531017745426
40 2.188798723884982
40 1.591813638134248
40 2.595759572954396
40 2.462809316802360
40 3.195917705905896
40 2.420198300982993
40 2.296031853794913
40 4.244605722989771
40 4.255729500092885
40 4.831833387783777
40 4.337753549303555
40 4.589553184462684
40 3.041292890470762
40 1.198542780431737
40 4.696804313083430
40 2.773620583871713
40 3.341950845744475
40 2.573357904110324
40 2.185819757660091
40 1.684679730784719
40 4.027330196507918
40 3.813503810085109
40 2.315246522286580
40 1.801274652047647
40 2.673719548656802
40 3.192999806293424
40 3.662862308910176
40 4.220201581022895
40 2.698269222481182
40 2.603973251874516
40 2.447539380321317
40 3.923265651595242
40 3.283382295430309
40 1.876310392221400
40 3.160312711642281
40 1.605968360227511
40 2.523715469580889
40 2.646369384633443
40 4.825833559472471
40 2.093822430325039
40 3.003307884707374
40 3.874961172660093
40 5.762649464291285
40 3.267514094730078
40 2.373642220609254
40 1.782364941901185
40 5.021354444091646
40 3.572422799795234
40 1.971947632223729
40 2.036113208147182
40 2.468234884291629
40 5.729380922760372
40 3.301371235474514
40 3.045055858896825
40 2.933584951944194
40 2.043413705088755
40 3.185096065713521
40 2.875042128406926
40 2.545785457600601
40 4.680442869062675
40 3.362546014257969
40 4.058570443956663
40 3.676789468710729
40 2.783439029333495
40 3.109237025573091
40 3.002644783160441
40 3.485744634891166
40 2.174410358587290
40 2.211189071758895
40 3.190200174630784
40 2.104132339950894
40 2.440589244418730
40 3.599242288364493
40 2.406591521149930
40 3.675263121569702
40 4.119810022221579
40 2.681633020094150
40 4.271268692744604
40 2.707971907725891
40 3.290155261424200
40 3.706035028571449
40 2.084418975996808
40 3.247850716929386
40 3.684486596377690
40 3.406945108971273
40 2.365712259122200
40 1.884894890822903
40 6.225580868951345
40 3.071541437725888
40 2.832641739954261
40 2.566445292310208
40 3.975427290338336
40 2.699400719698742
40 3.694316081606583
40 4.852772005088410
40 2.912199220751662
40 2.326988651488358
40 5.106693351408543
40 6.216258370548372
40 2.573102962317758
40 4.863062289049853
40 1.647190481328311
40 3.133397091301664
40 3.131071706946099
40 4.913567616440339
40 4.364384241019511
40 1.596469673974807
40 2.795956015959003
40 5.330304007260406
40 2.724498615411227
40 2.019647620379066
40 4.225074476960868
40 4.040020463046011
40 1.951598013570132
40 3.006094386108071
40 1.975557213382988
40 3.102468515336277
40 3.333913884545952
40 3.787101791027261
40 1.855792828407291
40 4.119052957571395
40 2.454798761061934
40 3.366665773171684
40 2.338485098593097
40 1.894611350626344
40 2.303955862955915
40 2.315423361955439
40 2.669318646398690
40 2.955035793620365
40 2.240385196383214
40 4.241989052859164
40 2.928852417930289
40 1.995342112074812
40 5.642120001193749
40 2.934826431044413
40 1.715057324774927
40 2.791347812928455
40 1.491020335005125
40 2.282614410399415
40 4.783174712803801
40 4.077964705761111
40 2.696444791396237
40 2.558672217077259
40 2.285861601075888
40 2.306654359664117
40 4.327040035513804
40 3.180067478292036
40 1.923575231314270
40 3.411618310005077
40 2.842065852076257
40 1.759414538380171
40 3.484261160424836
40 2.516146641452387
40 2.142170498463428
40 1.821340628931956
40 2.382945341701658
40 2.948224205412330
40 4.144525871749911
40 4.223631821763865
40 2.074948152619678
40 2.525990591434487
40 2.933422659449453
40 3.178468649622304
40 2.126450675660630
40 2.333287312905226
40 3.382992212151418
40 2.570238304623064
40 4.317185755735879
40 5.715740955494464
40 2.034747526719659
40 1.578578678675905
40 5.468574223649696
40 2.353836329400898
40 3.341704876514374
40 2.574038366196662
40 4.894248640841244
40 4.258834083957401
40 5.520222379186135
40 3.341924199485449
40 3.815638217040945
40 2.110126485144463
40 3.539941842709373
40 4.117393481421066
40 3.914771865092614
40 4.593268042754632
40 2.940578669379889
40 1.857212207362028
40 3.043203703209327
40 1.981412853947793
40 1.943433739918646
40 3.439080372824666
40 2.504329590186987
40 4.384131469204307
40 2.687603304769350
40 2.388391800463932
40 4.510282734596782
40 2.435646147698790
40 4.527110017540979
40 4.186824827961571
40 3.073188193128687
40 4.049907202017652
40 4.126558900008053
40 4.400555081376837
40 2.610498661500897
40 3.219706594992528
40 3.653463846463595
40 4.450666174663908
40 2.761961376680917
40 4.085263156660895
40 1.870445553759312
40 4.637462997932803
40 3.583572768190379
40 1.838131158500014
40 1.736059430948518
40 1.628297814723711
40 3.892027240079470
40 3.886954546576156
40 3.773185298877143
40 2.483091304171787
40 4.195047922537948
40 5.371407785598372
40 2.532087321750918
40 1.863650743399198
40 2.952778044571328
40 5.841937487342632
40 4.070006391148475
40 1.809035018954418
40 4.345446047222064
40 2.310409453783166
40 4.266777124663264
40 1.457426356070127
40 2.834139423152630
40 2.804426802935078
40 2.563385215434618
40 2.299749939795651
40 1.604650403531864
40 2.142702251377986
40 2.004956256517108
40 5.531473195952225
40 2.758507201678880
40 2.730928314260844
40 2.988319458417131
40 3.388207512331135
40 4.861071424107166
40 1.690712745094592
40 2.250635032699243
40 4.058644379313492
40 4.125396828922725
40 2.205909121847968
40 3.409526698267193
40 1.681063041563231
40 1.875831921862565
40 3.872893576854597
40 2.173800530836663
40 1.581864717210989
40 4.849472580749833
40 6.166422598482400
40 2.453059858948942
40 2.456041790875711
40 2.199157905806586
40 3.307853629541846
40 6.052807800486399
40 3.440258565166980
40 3.887725251998420
40 3.935146511582979
40 2.999366783960257
40 3.562569288404770
40 2.269597313582113
40 2.071837864727820
40 2.557634590759097
40 1.241180987894706
40 2.187193825966428
40 2.293058606119104
40 1.640844097957201
40 2.882763577927339
40 4.532351472834558
40 3.285182230994799
40 2.780757786971465
40 3.706257465571229
40 3.431609813104854
40 3.612741350017993
40 2.322863493068260
40 2.761218947713806
40 1.697454665251591
40 2.869485139355406
40 1.940150294590543
40 4.148147575664717
40 1.894010325489473
40 2.127023077718976
40 4.777496696597630
40 1.982396278603586
40 2.722247488030773
40 2.737157465021863
40 2.263439539325332
40 3.646004151200351
40 3.165148751104116
40 1.908443761365465
40 4.108072936794455
40 3.413022578467304
40 2.655398687333118
40 2.258653603128479
40 2.557057927584376
40 2.116499385106628
40 2.368300317839295
40 3.359067262353726
40 2.135148807285608
40 3.867144166511606
40 2.495470126108251
40 3.695359931251894
40 3.731617860290839
40 3.767393860124945
40 2.342141689555440
40 2.476219501704463
40 2.121807464278376
40 3.189198505134568
40 2.720751546591247
40 4.124372416999010
40 2.815474519849529
40 2.044745880696921
40 1.806382234024417
40 4.984463447072969
40 2.025263076159567
40 3.970667853651218
40 2.936595895917584
40 1.914788384342948
40 3.267247715487340
40 3.275822543869849
40 3.891999459633066
40 2.338879581363745
40 6.314209129275753
40 4.109003566165169
40 2.857567802594728
40 1.821701162896058
40 2.960911654502574
40 2.596559829429935
40 2.360456956863862
40 2.792208019780530
40 5.475326831903384
40 3.456055332632070
40 2.838324015704580
40 4.038586466059469
40 3.050163334605072
40 2.210587349901372
40 3.434346663798859
46 3.820543653765956
46 3.856449048297479
46 5.377641185290632
46 2.927311570170271
46 10.355510273221316
46 4.928778054133587
46 9.828889366325019
46 4.309571681820254
46 6.476351049851067
46 6.356447647962408
46 5.709700408832151
46 2.989801874162805
46 5.806363000658610
46 3.246664869284095
46 5.695141888765450
46 7.652053454972950
46 5.000627749555586
46 7.380272093861616
46 4.132593052233640
46 3.726048660471720
46 4.044053410931704
46 3.506751364501969
46 3.671186966797998
46 5.926864107761515
46 9.781658443583463
46 6.447292120630025
46 5.096876245133592
46 7.596753792186978
46 7.545278791201801
46 5.900078470289293
46 4.624871430628398
46 7.211865376011437
46 4.192261184023206
46 3.229547113131511
46 3.637991970684168
46 5.624742490773814
46 3.245844257805119
46 3.503219564420494
46 4.910001067126554
46 4.866213979756123
46 4.626119983756615
46 5.014776243291593
46 5.257502625257539
46 5.004031409955441
46 3.964662967448985
46 5.773271065369702
46 4.174758245271658
46 4.624665438876292
46 6.271044031725729
46 7.286113390549595
46 5.680644022537823
46 5.377612158765845
46 6.500146564767149
46 5.615937922396460
46 4.782821460150231
46 4.446827956513955
46 4.478571518664090
46 6.496814524197656
46 3.874396339867203
46 3.544661744070047
46 6.116466819454659
46 5.324851693662318
46 5.740881501042109
46 4.817195349803941
46 7.685885207700814
46 5.672676746761420
46 8.078247596187108
46 7.181657322967809
46 6.339174375299389
46 7.378975175282018
46 8.037394779887713
46 6.219510570646313
46 8.702403673153611
46 6.054446212889082
46 6.997611890139181
46 6.794302837035852
46 4.591058236187194
46 7.112120305297773
46 7.319136228093530
46 3.899521994262590
46 5.667142410335249
46 4.906222054156204
46 9.509341212600832
46 4.433614070133613
46 3.629030380617336
46 3.066171464158901
46 13.202006127966571
46 5.996523109622034
46 7.419822590136361
46 4.372483295419980
46 3.316017411941526
46 4.290798637125819
46 3.510362060328128
46 2.898235906614880
46 5.323212543911418
46 6.429585121660986
46 3.869214788728526
46 6.598920386537984
46 8.581322658288714
46 5.441562297230762
46 3.281402903969473
46 5.083888312676546
46 6.826086313980723
46 5.372918797454705
46 4.026645539223610
46 3.568117827569584
46 6.115832285237314
46 5.052984044918182
46 4.890343363906213
46 5.571164131212663
46 4.441514657117819
46 6.984051614046708
46 5.870410925556919
46 4.169394833452375
46 4.703690089479887
46 4.871044098686872
46 5.549224843060112
46 10.556426648130499
46 12.641927153340550
46 9.668401039765619
46 6.533280982824956
46 3.137810333852362
46 6.881548819407726
46 5.660537455539355
46 3.840531152029373
46 6.886501819752522
46 7.760330015183120
46 6.949457097041114
46 4.097668772437012
46 4.616212746508917
46 8.587705702766705
46 9.848589073202863
46 3.370791409708644
46 5.982996454740022
46 3.864959500527967
46 2.989665810159653
46 8.745076571788742
46 9.540291754690367
46 5.825385351171580
46 2.761922865926139
46 4.965183965733702
46 4.328377647330360
46 2.943648376648357
46 4.107154647540735
46 9.217576112951978
46 8.359797108672025
46 8.279804957223242
46 6.359422064523566
46 7.192357275479743
46 4.412900729479983
46 6.826241389272747
46 2.652771261615102
46 4.167058556141091
46 2.757324839323448
46 7.384874668401971
46 8.622821116259244
46 5.459043230115679
46 7.752820624579183
46 6.869206900558083
46 6.834930750019742
46 6.825279612129872
46 4.868222992171801
46 4.967048266590333
46 4.916628142270238
46 6.214021257955693
46 5.220900099065968
46 5.948373087895608
46 5.477864184047480
46 6.365669571328108
46 6.013987967524991
46 5.376667204058216
46 5.142799854304726
46 7.420340579042228
46 8.309093597066429
46 4.724025958766344
46 5.089028582709047
46 5.654643233879757
46 6.573068320039724
46 3.055036170852471
46 3.975836556170638
46 7.460633475432545
46 3.507548181945131
46 5.588795879640728
46 4.772275844024760
46 4.476536095888180
46 4.394166133401273
46 4.610486714329761
46 2.866314378111719
46 2.961524920543005
46 5.177259812998897
46 6.875815274335243
46 7.327818460518889
46 9.531571530888431
46 5.791641045428271
46 6.972112404999199
46 6.166147943106384
46 3.660710098234764
46 2.970765961412420
46 3.162903117852126
46 9.974211568193972
46 7.772091297180426
46 3.311066229279116
46 3.785991271054716
46 4.574546807652510
46 8.355525359715473
46 6.076214425583903
46 6.898119001515449
46 2.798818965604579
46 5.199609911437950
46 6.939255016964102
46 3.563784532192835
46 3.473616873172238
46 5.082347194107800
46 6.886745981019637
46 3.938824884389276
46 4.797589718335166
46 3.456404049048293
46 6.308222991022383
46 3.646228897793443
46 3.923187821988293
46 3.484569769466798
46 3.145313068557647
46 5.494312422123022
46 7.909201101207100
46 4.058570798288325
46 3.478446941210681
46 4.821007796547025
46 5.476708175210509
46 4.028093779342888
46 7.231859798569218
46 8.576749000022424
46 5.548174631854075
46 8.037163121311185
46 4.321875323082265
46 9.656635859117994
46 5.128928682073495
46 4.789055695269418
46 5.646146272524975
46 5.158118004961467
46 4.849253879028625
46 8.947838647677886
46 4.593958722105446
46 4.371077623811201
46 5.017294991941577
46 5.104494510984019
46 5.638809850484163
46 5.000852436022439
46 2.639702149652123
46 4.260443123757589
46 5.646858573919237
46 5.298446895293146
46 5.637104337365567
46 4.136740854246822
46 5.831797021105255
46 5.988877459957256
46 10.062328164679652
46 3.154768725946588
46 5.767002076040648
46 2.773591835296137
46 4.182809129980025
46 8.391331325982593
46 5.699148081987143
46 4.090251607210788
46 6.489615999195685
46 7.585510751299630
46 3.790321669962413
46 4.153838387725756
46 4.070601808938297
46 8.026605146017802
46 6.729381216356746
46 4.901654406717897
46 2.919114392930173
46 3.233999974123423
46 5.264014811611255
46 8.757189221384612
46 4.938716840113232
46 8.078839466302821
46 7.804650733262720
46 8.134155586131614
46 4.101119762337071
46 4.920656207720948
46 3.681571686840554
46 4.596894707580280
46 7.357668300311595
46 4.622166449811343
46 10.100658393758831
46 3.183278581017756
46 7.536763599882413
46 6.607936560640651
46 4.641161203667005
46 8.218178744773031
46 7.300818248851077
46 4.317820793068320
46 5.727701361353485
46 6.022023252658244
46 4.674578455394087
46 4.087442208703273
46 3.257341515780783
46 4.623174504329670
46 6.439081535366352
46 3.741676556497799
46 5.955774252202075
46 5.138790036964702
46 7.239282428340100
46 6.943289710009153
46 4.540602846144777
46 3.930097132091427
46 3.143860223889680
46 4.437152330924006
46 4.917499470396496
46 4.146770574416971
46 5.507647366433166
46 4.357934002631520
46 5.430178274688248
46 5.431612396655668
46 4.324448731891998
46 9.972987333073100
46 3.464507289982310
46 3.843163618855131
46 4.814776581249943
46 7.394594379376367
46 5.459518572538261
46 5.427092637924262
46 4.039101502180483
46 4.539616144289860
46 5.717113615941596
46 8.011813546210849
46 7.397424471290141
46 3.673302830229513
46 4.110021078822246
46 4.934413289575089
46 5.218110559812951
46 4.759126567207606
46 6.858885819209912
46 4.634992925567891
46 11.481306239448202
46 4.911408500605432
46 3.803255144436063
46 10.995444020567401
46 6.238917379685258
46 3.396286188378957
46 5.303347450714694
46 9.311493835650266
46 5.676427909313976
46 9.584519005076547
46 6.562182946437346
46 4.517420545365409
46 5.334095006009799
46 4.737264318836767
46 6.353539764881564
46 4.927263768541512
46 6.412508818468217
46 4.076485832475734
46 5.416277011955735
46 5.540828850336391
46 4.249647799480647
46 5.959229128848222
46 4.146505594258493
46 4.347715318957142
46 4.070620284875041
46 4.400102907320907
46 5.271845837488554
46 5.669827386706561
46 3.504068145071921
46 5.384920539991146
46 3.613041010325258
46 5.056055593889312
46 6.767380502115438
46 5.030475402203260
46 4.721373518318187
46 8.935964002061162
46 6.247520415705040
46 8.848599189126352
46 9.610920673571348
46 6.294702548523052
46 5.226611981242753
46 4.132675958666781
46 5.363318167167804
46 8.248411417806809
46 6.138153550377066
46 5.222584461016957
46 6.075565138749244
46 5.810205114444955
46 6.293354563090618
46 6.159239392997932
46 6.993357076756333
46 4.334404925782795
46 5.773733128244094
46 5.445794342141822
46 4.855432206774241
46 7.323061683530076
46 3.400699367592323
46 6.346877756302183
46 5.533940944924497
46 8.208603157615595
46 5.111945808221629
46 4.373174171240451
46 5.717661819284206
46 5.841522715918340
46 3.864807285367383
46 6.579551736257876
46 5.820764667909019
46 9.451158728760358
46 7.427665287111766
46 9.645539942792563
46 5.338303508314583
46 6.293764684974540
46 4.119291285164940
46 4.542633932649048
46 5.570342648258458
46 4.358149426387426
46 3.932932660997419
46 8.246790271550864
46 7.218015928252644
46 8.328739573889493
46 6.924236117900798
46 6.556541182893688
46 9.732726690710493
46 5.800419545727049
46 6.888490363250579
46 7.651290991571772
46 6.182155059507797
46 5.592429408138806
46 8.803336718738597
46 6.794146377192715
46 7.964889526871739
46 5.136974442738200
46 4.033896506177271
46 4.124412922411296
46 10.569311475721083
46 8.116474482751276
46 4.442106078376026
46 3.659459561840862
46 7.233970589072229
46 4.268431383937098
46 3.807990002053761
46 6.843267246332306
46 7.391268284479329
46 3.865707827274278
46 3.611005976955762
46 6.406972796943594
46 2.937867841352181
46 5.858957705441636
46 6.254689212737726
46 5.058190145714686
46 5.890313917437687
46 6.893508477326600
46 5.218550147782730
46 5.012391002576931
46 6.324932743212026
46 5.327619689137236
46 4.396179114487698
46 5.538365916240263
46 6.039155528060639
46 7.045341745578294
46 5.919078598118508
46 3.819649420567005
46 5.846031450851262
46 4.977807220990739
46 5.235247310003202
46 4.247731791025595
46 6.135035878657295
46 6.232945095134293
46 6.174273256885613
46 3.384151774650641
46 5.721976862565000
46 3.653283525454719
46 5.850777570277336
46 10.403389270981478
46 8.475902704961154
46 6.988185405811577
46 4.113520536554668
46 4.401450467700798
46 4.512271015786569
46 7.812181449684087
46 5.576766026726073
46 4.010238483988730
46 8.948881138558193
46 6.621923883627399
46 10.272498960294079
46 6.573778811725293
46 6.372422215595431
46 5.443821426373376
46 5.801516742425893
46 8.524896446050430
46 7.172334904204282
46 7.089378051883962
46 5.465480823270893
46 9.211036909086964
46 7.689046181644660
46 6.759493969380509
46 3.302530026139177
46 4.165290906341364
46 6.904879393653086
46 5.355131192236962
46 4.177654017529789
46 6.479306664168288
46 11.411409167720677
46 7.143494969869933
46 4.293014118109562
