10 0.027324774209755
10 0.054426761992004
10 0.036535749257924
10 0.018053768458545
10 0.030411176247886
10 0.047444047321388
10 0.020788070925585
10 0.018257161570714
10 0.027130788587280
10 0.019647370605268
10 0.028175956869830
10 0.027615694495670
10 0.026392758997270
10 0.014713930656420
10 0.020545954510443
10 0.021468006489132
10 0.035819403520742
10 0.027872883447372
10 0.032610431935782
10 0.019924903578646
10 0.036554687251991
10 0.028587201850045
10 0.027646886092335
10 0.029366253379120
10 0.017532455513784
10 0.016390652858691
10 0.026108596483168
10 0.021384036649832
10 0.020059615778312
10 0.028040580127083
10 0.024312316540501
10 0.041768312143633
10 0.030154524487849
10 0.022537601763538
10 0.028857162138727
10 0.027756331629011
10 0.026433576840311
10 0.021762461333283
10 0.038884498793069
10 0.022314592716789
10 0.016759282234556
10 0.019483121274213
10 0.017971319964955
10 0.026558545063040
10 0.032078039889548
10 0.023140612790083
10 0.023884533342697
10 0.014516489905300
10 0.022076077686413
10 0.033587524413892
10 0.027366480788901
10 0.025910536342767
10 0.021055504957188
10 0.015814084002116
10 0.019060568237284
10 0.017898390348087
10 0.017237484511283
10 0.046483340498586
10 0.045484465925207
10 0.040084019022519
10 0.034706883515626
10 0.021874244275933
10 0.024767293831222
10 0.019887555281344
10 0.024294474928813
10 0.047262580801226
10 0.031497116579651
10 0.024703345225305
10 0.053023778928371
10 0.036337919478959
10 0.019713288487465
10 0.020607172328754
10 0.035036826341781
10 0.012958227068169
10 0.034168198676233
10 0.028954216050423
10 0.048224486189515
10 0.027183729002118
10 0.040012887682211
10 0.027776185621135
10 0.030242433554973
10 0.025240193065763
10 0.018529786159238
10 0.029920697933200
10 0.024294679140290
10 0.019837451166072
10 0.023459070677681
10 0.037619517622461
10 0.027483258684819
10 0.023816655533160
10 0.027972348025463
10 0.028264953336983
10 0.014450183144101
10 0.035830397322679
10 0.019801666878336
10 0.026608529640019
10 0.027347878817228
10 0.025367237881340
10 0.022785343115965
10 0.032006994077854
10 0.019546197795059
10 0.038392242321188
10 0.035080533324321
10 0.019727705533528
10 0.013296840449585
10 0.044946958087214
10 0.032844824538220
10 0.020215726396558
10 0.035745128706380
10 0.025699541706733
10 0.015849317043915
10 0.013253733819521
10 0.024920042628969
10 0.018072151848639
10 0.016343778168075
10 0.027592347838018
10 0.028756756994467
10 0.021254654787311
10 0.041347507800885
10 0.033069980611939
10 0.021104531911388
10 0.032585372050094
10 0.016298295239800
10 0.035829836792391
10 0.029559970134144
10 0.027450440599491
10 0.045206401885861
10 0.017728552225826
10 0.024147411859269
10 0.015367632107116
10 0.027239215607834
10 0.015192118844737
10 0.046974211819347
10 0.016398864572944
10 0.019766815592799
10 0.015094850125880
10 0.029969255907935
10 0.020123063676089
10 0.032192258705570
10 0.035194355803540
10 0.023729635452701
10 0.028087699759229
10 0.056496392750508
10 0.037729980178563
10 0.039402492171016
10 0.016231490125281
10 0.022344549434924
10 0.039013183397022
10 0.023882035052478
10 0.022279307908639
10 0.012437909347452
10 0.019049069961190
10 0.031990608495027
10 0.023045571817673
10 0.024714814604940
10 0.027535216317672
10 0.024380605985236
10 0.034739077921588
10 0.019417674534325
10 0.037714276265223
10 0.016781301551486
10 0.039724008286730
10 0.029890923925174
10 0.018947963597302
10 0.037791795314052
10 0.031452406439916
10 0.012370008785683
10 0.017383052171499
10 0.035464619907258
10 0.021819937175094
10 0.019348438660265
10 0.015940535645970
10 0.040985667218142
10 0.023325647179432
10 0.038572975052876
10 0.020459494319719
10 0.020316464125913
10 0.018376507036501
10 0.040452182832182
10 0.036988763028644
10 0.020410162700385
10 0.019769038494819
10 0.026686009505906
10 0.018412578057942
10 0.037964819084287
10 0.024428503095098
10 0.016342519965280
10 0.025919847692597
10 0.016284255710425
10 0.029035261328105
10 0.018531905070456
10 0.018554318102134
10 0.044223435701913
10 0.046615341260204
10 0.027266962825772
10 0.032590442993521
10 0.030818928263083
10 0.037141110731778
10 0.038583389345283
10 0.011165279386386
10 0.036458713455103
10 0.034225498625149
10 0.029915064472323
10 0.018820022639455
10 0.021094104700248
10 0.021274676870622
10 0.021316034647868
10 0.028338339753048
10 0.026376908550738
10 0.022492727348359
10 0.018981480402987
10 0.022731673744962
10 0.023660957421261
10 0.032779787366301
10 0.044647410993905
10 0.032293197731089
10 0.024158029056188
10 0.045373092860580
10 0.017181567874363
10 0.027756307601447
10 0.022384070867673
10 0.052034451992240
10 0.027670344218775
10 0.057498679110801
10 0.033401289748874
10 0.020717505303966
10 0.018179091582780
10 0.023667292271945
10 0.022168552087511
10 0.023991003506235
10 0.022165594264748
10 0.023199305774761
10 0.028855633283715
10 0.017521011897269
10 0.025557934460673
10 0.032280273578789
10 0.015717157102360
10 0.034676067429978
10 0.026624067244679
10 0.025301794323146
10 0.016870320843692
10 0.046370561528443
10 0.020483527918859
10 0.027676558779281
10 0.020219414499228
10 0.027237481364738
10 0.032613178029121
10 0.046768465631291
10 0.042472493034149
10 0.045917573924233
10 0.023098368448635
10 0.037481834514180
10 0.026469086212274
10 0.032549023443734
10 0.021748316694422
10 0.018262163266154
10 0.055161476983608
10 0.019231148323681
10 0.023613874268639
10 0.026366270492616
10 0.015884711675385
10 0.021636698792638
10 0.020067444356959
10 0.016385443147483
10 0.026653547325602
10 0.027246931166005
10 0.048994281456164
10 0.028000173190674
10 0.029113634863825
10 0.012596566289135
10 0.035302685316663
10 0.046328654087146
10 0.021233354955804
10 0.035454960604716
10 0.017418636484151
10 0.042867961354702
10 0.022765412052421
10 0.027323367461249
10 0.028742867920310
10 0.030425079568344
10 0.037491708021214
10 0.019243493787120
10 0.023031524534628
10 0.025732123513695
10 0.042719004210074
10 0.028299018603426
10 0.037345544041216
10 0.025344957537991
10 0.022470513447817
10 0.026565919473537
10 0.022915437256765
10 0.032731488596066
10 0.018778513193349
10 0.022423229485112
10 0.013271820992541
10 0.043478440027907
10 0.027890583632164
10 0.019104268925640
10 0.029730748832542
10 0.020689581148533
10 0.062681449842271
10 0.031459057722376
10 0.019859328675548
10 0.035916056062511
10 0.019847333547905
10 0.031972728854514
10 0.039444721293875
10 0.021796632833967
10 0.041044677189117
10 0.041294149982906
10 0.020836530246687
10 0.015869228904396
10 0.025403793643099
10 0.018057249842584
10 0.030749796921930
10 0.034657606982181
10 0.023684038628366
10 0.019471476932771
10 0.019664258646531
10 0.017916374844192
10 0.026284057632104
10 0.022834581156811
10 0.027872093036566
10 0.023936904808512
10 0.024617891456801
10 0.021370754254970
10 0.022207117996213
10 0.038665335205521
10 0.023454561893288
10 0.024426702472416
10 0.030116538886670
10 0.024447816704092
10 0.028415859781405
10 0.045833212250685
10 0.017346191371899
10 0.027811324466265
10 0.025611683707837
10 0.048725840077564
10 0.039868170851342
10 0.034683257696327
10 0.026628725475271
10 0.018185262484329
10 0.024049842518289
10 0.027777105434211
10 0.039088581731197
10 0.027472869744051
10 0.047783159163413
10 0.034372070221969
10 0.027285208944759
10 0.029062147244165
10 0.024929422885587
10 0.035521447374758
10 0.035356498342635
10 0.027168594151885
10 0.021307800709387
10 0.025362444330364
10 0.019954859453657
10 0.016513809993777
10 0.048407149812223
10 0.018922223812812
10 0.048763959882376
10 0.017217967065296
10 0.020055428781279
10 0.018103811300931
10 0.023414842977514
10 0.027242380518098
10 0.016086721906881
10 0.022073216981747
10 0.030172202441410
10 0.017865638665936
10 0.037667984372943
10 0.023895916176667
10 0.015999569646895
10 0.034095232501003
10 0.019800570501163
10 0.019361718551876
10 0.020328632001919
10 0.021436746001478
10 0.040643601489497
10 0.013258839225379
10 0.035152463837956
10 0.035337669461144
10 0.030913137000407
10 0.020527678760601
10 0.016870851518155
10 0.023703617227709
10 0.029615780934372
10 0.032798441248599
10 0.030516215971715
10 0.024579932230453
10 0.020184372497722
10 0.025684729698910
10 0.026726016059392
10 0.017573947573329
10 0.013124982545090
10 0.021675578208176
10 0.034962628785150
10 0.036310216159277
10 0.047934923440580
10 0.030625914225849
10 0.032265168481238
10 0.035288627056389
10 0.022448839769633
10 0.019326910165262
10 0.017083959580991
10 0.023290568406422
10 0.023646176117625
10 0.028509949544003
10 0.038330723988151
10 0.019874045987371
10 0.016987883379397
10 0.023404635038130
10 0.022451575454799
10 0.015342409871635
10 0.024702616885304
10 0.019176897177323
10 0.021779853102371
10 0.034403030789317
10 0.019820732011872
10 0.017081442967639
10 0.030786804439234
10 0.021579992976002
10 0.036398248791089
10 0.036077084127826
10 0.033693115874605
10 0.019867823863864
10 0.037013654242309
10 0.034389568543654
10 0.024415774017960
10 0.038632887093184
10 0.042244030811453
10 0.032884109954462
10 0.021747260741000
10 0.021623364846766
10 0.030799703510069
10 0.019053882778603
10 0.027614404420634
10 0.032002880005143
10 0.026250147037929
10 0.039065392108766
10 0.051625440725947
10 0.029221094169455
10 0.029574484950896
10 0.034478566726413
10 0.031084052202511
10 0.028638415952412
10 0.025489587850217
10 0.030769443250118
10 0.030771614802929
10 0.018478058964347
10 0.018211064692794
10 0.021289291490229
10 0.013720587100858
10 0.010774462884152
10 0.019978903121976
10 0.016693138512522
10 0.028796160108485
10 0.042574442232902
10 0.053927174437015
10 0.028080811883627
10 0.024988152689339
10 0.011856902116548
10 0.018696629533458
10 0.023686650147677
10 0.016762492504798
10 0.027196138212435
10 0.034907518425025
10 0.017939967154892
10 0.024755510121378
10 0.026126251263072
10 0.024812257509021
10 0.021798394110517
10 0.039744616540407
10 0.018545014904113
10 0.011051107944327
10 0.021389244840897
10 0.022526121170195
10 0.017880033699865
10 0.019320150781174
10 0.071977336079802
10 0.016173339242865
10 0.026116173210694
10 0.030777719932061
10 0.022136327851780
10 0.017273443285451
10 0.038819311450645
10 0.036822219481287
10 0.024433944733181
10 0.040079735466476
10 0.030957915047745
10 0.017733752761519
10 0.022486815454737
10 0.023246481334174
10 0.018221704750955
10 0.033278241407570
10 0.036088398294015
10 0.023075915583081
10 0.012291594808055
10 0.036416980562628
10 0.037854731080100
16 0.154511402855198
16 0.192991553911397
16 0.168365148451702
16 0.168310930218002
16 0.260597910003291
16 0.218317450999311
16 0.179892591084989
16 0.133892466346287
16 0.160218442854880
16 0.293062367077876
16 0.107740384999804
16 0.168083605367979
16 0.069086830330091
16 0.239447736260469
16 0.157496784801478
16 0.147752705197847
16 0.210352661081473
16 0.144188799910751
16 0.080095422597358
16 0.352072041546331
16 0.180405973259042
16 0.144012075067470
16 0.094090445506046
16 0.127077210271957
16 0.355330941590485
16 0.195670582109381
16 0.178140837408343
16 0.216237715306891
16 0.133096124565497
16 0.108454404280038
16 0.256196502713795
16 0.172966102492389
16 0.179477761647374
16 0.209610623261759
16 0.317971764739461
16 0.195755819864135
16 0.161657871303741
16 0.248400593776346
16 0.245692455584352
16 0.228849561655065
16 0.155830126609050
16 0.136809757027004
16 0.260824068356719
16 0.117086704973147
16 0.180898583743583
16 0.272354175973265
16 0.163994441638859
16 0.164563158983006
16 0.171764441386932
16 0.121639027723710
16 0.138757282453179
16 0.257025773735179
16 0.198124574329208
16 0.275080504525506
16 0.129799313564280
16 0.241430979693276
16 0.150028869952119
16 0.263591079314785
16 0.114269711974614
16 0.210429918444379
16 0.142860692810085
16 0.227794211727155
16 0.120509979222068
16 0.170171336990056
16 0.178486081178921
16 0.202886086677822
16 0.240713723368388
16 0.170333039222515
16 0.136881297698893
16 0.248394818991919
16 0.178017258630886
16 0.203367179479335
16 0.144050028687602
16 0.183219090348221
16 0.174665411843186
16 0.308946723583100
16 0.238871557238926
16 0.154038201428532
16 0.195178805375394
16 0.209502497443978
16 0.225718844897588
16 0.208257548943667
16 0.207778929308676
16 0.130866564174857
16 0.243162889668799
16 0.125158411853128
16 0.100163370266943
16 0.138897275417168
16 0.239036685395156
16 0.233501890471942
16 0.152481529624682
16 0.320342904403993
16 0.239807287523239
16 0.178126391862240
16 0.112881401054883
16 0.180946138665390
16 0.256815380073328
16 0.130053562535028
16 0.158006849044788
16 0.164129463850849
16 0.175002341824497
16 0.156432527588055
16 0.107659919955076
16 0.203445985533688
16 0.154311190175477
16 0.195238407391220
16 0.245080088819136
16 0.183298703210327
16 0.132110985211309
16 0.182428575839130
16 0.205538839002571
16 0.140653314953670
16 0.214920085292856
16 0.248740854578151
16 0.214082971228429
16 0.173084004703749
16 0.236775314895567
16 0.133818814297700
16 0.251794749745067
16 0.184104784525909
16 0.163962330356125
16 0.157147710873668
16 0.194115758654563
16 0.097575135024117
16 0.147102832394130
16 0.195693984008546
16 0.157872867968558
16 0.192461950292646
16 0.187232118312763
16 0.198898981699469
16 0.134463026239084
16 0.368371854290302
16 0.262555416880874
16 0.214216714725251
16 0.149429990957760
16 0.167575268484446
16 0.318907564973834
16 0.088439109422877
16 0.255978909787096
16 0.118743550169235
16 0.179267575089385
16 0.271241045162093
16 0.236793917345082
16 0.129347382055905
16 0.105000328855186
16 0.190338392034441
16 0.143130853849395
16 0.147096036240152
16 0.113012808064349
16 0.174079125073969
16 0.109609622943671
16 0.133573424116545
16 0.114578909942674
16 0.096988151988572
16 0.176893409883708
16 0.239623157954986
16 0.131527840058946
16 0.246115874606971
16 0.160340526027686
16 0.171225906472252
16 0.129387360048595
16 0.320363605289462
16 0.290313976311748
16 0.272281495138857
16 0.164483979770889
16 0.106942925822374
16 0.187263290645433
16 0.199168725565568
16 0.106662680354870
16 0.235376018604606
16 0.188421380355578
16 0.145162290280672
16 0.125958753619224
16 0.136175588870506
16 0.165215200089128
16 0.197195592397126
16 0.351629650504617
16 0.173956165232624
16 0.134728191885651
16 0.287250016301504
16 0.174708838809928
16 0.225587583478718
16 0.172299329627251
16 0.264287696845540
16 0.294852468190721
16 0.182905472783767
16 0.124871622731413
16 0.095721349283575
16 0.178153025375034
16 0.172178682747120
16 0.118178660584368
16 0.132031088133370
16 0.334508574170060
16 0.118389538057092
16 0.233122832080149
16 0.188864013006929
16 0.294407382862656
16 0.125629548990478
16 0.138060797550455
16 0.151849481649379
16 0.241275651768826
16 0.143448546985113
16 0.137592948093147
16 0.130544787812238
16 0.101639274891694
16 0.205530241387688
16 0.208694139983787
16 0.186069159185690
16 0.131142853292626
16 0.229547338806861
16 0.170541474431171
16 0.199773387691859
16 0.104309817403405
16 0.350744792738872
16 0.101123913978901
16 0.191885340423768
16 0.108756787205083
16 0.321491105185548
16 0.300423716487642
16 0.219082653364844
16 0.242424410602471
16 0.120849936405098
16 0.121564800044337
16 0.126222757359017
16 0.187392832274018
16 0.118760706738555
16 0.163212670380071
16 0.162279268343692
16 0.199355576008141
16 0.133536736315665
16 0.237109390517912
16 0.090947597699939
16 0.233468366885001
16 0.197887801279224
16 0.157264020511352
16 0.114508587144233
16 0.116237028801729
16 0.112339917952047
16 0.100854657796978
16 0.187689917322432
16 0.192703556452543
16 0.194722039524220
16 0.198199178736282
16 0.151774021428906
16 0.151421258922192
16 0.217096452388678
16 0.139772856146889
16 0.155020930743805
16 0.142519071544547
16 0.155175596596650
16 0.121599653368150
16 0.123201423346016
16 0.134696103342906
16 0.164942403978208
16 0.358418717303676
16 0.179957615867697
16 0.160849925894844
16 0.088505499732043
16 0.201466927470176
16 0.204733800794113
16 0.225893587203551
16 0.133131929414053
16 0.143459474073905
16 0.133828379683299
16 0.098549671751315
16 0.159990481767072
16 0.280822906131732
16 0.083950944559852
16 0.236347516547826
16 0.173473707274842
16 0.185793178877828
16 0.144186411541557
16 0.115378046556815
16 0.220690453798975
16 0.148965004009350
16 0.110725215099400
16 0.123712046918912
16 0.193335475806700
16 0.202065260988011
16 0.165643937125556
16 0.147781022991419
16 0.150686088358376
16 0.140382525942912
16 0.164997610158344
16 0.079670050318899
16 0.142521517287279
16 0.104690360255451
16 0.142940173779686
16 0.207091284656761
16 0.278264072662241
16 0.139525325940590
16 0.182043513054679
16 0.289983705545738
16 0.205632745281869
16 0.152359127460562
16 0.300731690822898
16 0.203297300004498
16 0.152925630425308
16 0.229063178052372
16 0.158612852216436
16 0.182462590587395
16 0.141242088766323
16 0.271969560963879
16 0.209878902265666
16 0.127759775976111
16 0.187250204456317
16 0.120334886989945
16 0.279021745438549
16 0.123277747615896
16 0.174821087169689
16 0.233812670739105
16 0.104507655939838
16 0.238465185320321
16 0.144134075815784
16 0.175906626149386
16 0.199632459672642
16 0.128775189151881
16 0.191135400847917
16 0.268483915808206
16 0.152777921176110
16 0.157478592462864
16 0.098346813946402
16 0.162702923362264
16 0.225449370133744
16 0.209242228613591
16 0.160104262472463
16 0.141693355142089
16 0.344548693477384
16 0.129893390097288
16 0.185061730450312
16 0.192521740705724
16 0.139472475063819
16 0.173982180821978
16 0.138383736376406
16 0.125575441287972
16 0.157921446137595
16 0.202850562340839
16 0.209816968084388
16 0.125099833543092
16 0.239926104062682
16 0.184862745898032
16 0.193549074608397
16 0.141665104827015
16 0.311255924892313
16 0.152234507958247
16 0.112659156275760
16 0.223451926595156
16 0.080922547011324
16 0.189906844031603
16 0.084036099464460
16 0.177845952566659
16 0.139153338666131
16 0.157427465080739
16 0.149308205546023
16 0.112216326313533
16 0.336860249669653
16 0.323869010871778
16 0.272690530642178
16 0.173948173519016
16 0.208313716291253
16 0.218665369368350
16 0.335895785045743
16 0.289569486519829
16 0.151755547563544
16 0.186528138433143
16 0.156316762362189
16 0.160760980756324
16 0.106778991903285
16 0.164515999010339
16 0.179597712377975
16 0.164606799468536
16 0.185917906071035
16 0.143314559269294
16 0.218566564085202
16 0.167729358892919
16 0.348163670369307
16 0.143195121454656
16 0.201392856500155
16 0.100392313099858
16 0.341455047360029
16 0.146011520233982
16 0.202228225509508
16 0.273094215490815
16 0.207028139350135
16 0.135844684574987
16 0.196056693440056
16 0.148477649680202
16 0.190217961452938
16 0.186748186672141
16 0.348205035803000
16 0.171641000148058
16 0.129818910927191
16 0.082851226831058
16 0.223213550095984
16 0.274926586550697
16 0.310675789840673
16 0.238094622017941
16 0.247275722188723
16 0.261755295398937
16 0.161369681820893
16 0.151729300360598
16 0.211719407080821
16 0.200138879952174
16 0.204669400810680
16 0.169714096821671
16 0.203679818281577
16 0.156834463489094
16 0.107909805878526
16 0.117978131286337
16 0.117165184050535
16 0.293741989348923
16 0.239342349175959
16 0.098210833613063
16 0.231163181982736
16 0.191843960164150
16 0.159683533353534
16 0.143852187179390
16 0.195508145189433
16 0.190969231593916
16 0.230161182745044
16 0.140636122407742
16 0.177417049209132
16 0.095554063903591
16 0.090708564416028
16 0.209868485582294
16 0.295280045834384
16 0.144660039599407
16 0.210958113997812
16 0.246106321248333
16 0.261583316588674
16 0.254319003325024
16 0.154308924499719
16 0.435203127232621
16 0.199809127545337
16 0.194605759190109
16 0.161136399627506
16 0.158389881350968
16 0.179552670562180
16 0.111322157855368
16 0.163162666865082
16 0.183317539612321
16 0.207933225166398
16 0.192457525809058
16 0.132799190506762
16 0.231859895107519
16 0.182697053249204
16 0.156920498422701
16 0.169864092735460
16 0.187493561265846
16 0.208366776510786
16 0.154180854575272
16 0.172710581378542
16 0.111421814970873
16 0.146982091227601
16 0.345249007120622
16 0.134254767958512
16 0.344013029264299
16 0.194099165405191
16 0.245776647203986
16 0.172645449790003
16 0.152146665730691
16 0.119622455941818
16 0.087290683970930
16 0.112884638263330
16 0.109867827037014
16 0.169936777433423
16 0.224949747922184
16 0.171350187061911
16 0.124717459032908
16 0.256416287650075
16 0.275699141500430
16 0.140430161660279
16 0.257771038050597
16 0.286940030010925
16 0.178038645785730
16 0.104813409426473
16 0.152251721091279
16 0.245049981115702
16 0.210454331773262
16 0.274337175869315
16 0.124745525915743
16 0.141317167334486
16 0.225929860403119
16 0.144840267563974
16 0.117083161303705
16 0.133882155399973
16 0.382646639781118
16 0.208148948065663
16 0.099654786326186
16 0.188573638923809
16 0.159666097015616
16 0.202322322563617
16 0.115576255813808
16 0.317380890140736
16 0.307101245592551
16 0.113654981836337
16 0.134879276936573
16 0.191949462568638
16 0.217378498567992
16 0.284473644303606
22 0.776117603732291
22 0.334765269938762
22 0.754700668709572
22 0.623181698282912
22 0.599362033644026
22 0.735208871656628
22 0.557467436400644
22 0.489227442602202
22 0.354549521194975
22 0.509969028021241
22 0.740499411968048
22 0.471037120034840
22 0.461488000578098
22 0.490850670557516
22 0.587952152379470
22 0.490348474288159
22 0.762371656648927
22 0.816851191940972
22 0.775535697311376
22 0.569583445558045
22 0.432272161372935
22 0.469925985993576
22 0.581901923360960
22 0.519500051744961
22 0.430130450881476
22 0.816331769408627
22 0.827102357140613
22 0.441128632427170
22 0.579994426534605
22 0.776612338380557
22 0.692255208613286
22 0.897114676204339
22 0.675885273364258
22 0.691726508419672
22 0.558155707145788
22 1.306116459136528
22 0.360425474945214
22 0.437237988904708
22 0.715150593063052
22 0.636837488248366
22 0.577064882410645
22 1.442586857030328
22 0.774470457399237
22 0.574279018736788
22 0.516119273839903
22 0.604511101693083
22 0.649674208953707
22 0.880040535238295
22 0.529777230819276
22 0.832743933714863
22 0.533896120667028
22 0.872703216686600
22 0.533873883324567
22 0.683831953449640
22 0.444608597927884
22 0.583238217827046
22 0.630695032536877
22 0.393170064943200
22 0.806318648746742
22 0.809039453863053
22 1.235367967653527
22 0.484004586524666
22 0.383870915223821
22 0.782387876311282
22 0.466553762471655
22 0.512172077349324
22 0.502946489887949
22 0.680840876879685
22 0.536066988098985
22 0.895952319242561
22 0.308815095744918
22 0.684000309633304
22 0.495008882141970
22 0.406984024908568
22 0.567315705158393
22 0.722986885106908
22 0.528197762057754
22 1.312204393388048
22 0.986855632834760
22 1.207979870657993
22 0.628832569735492
22 0.686395960289590
22 0.483458595253541
22 0.683421702598189
22 0.460953479119726
22 0.627486202516579
22 1.441553973899854
22 0.435941457098052
22 0.444904474437621
22 0.533392183322355
22 0.570077020032933
22 0.548306359977256
22 0.494890146499363
22 0.533422714910322
22 0.881480817437312
22 0.456465914552300
22 0.765433532848154
22 0.531419062474515
22 0.487998440072516
22 0.600450977789649
22 0.998691764281836
22 0.705173600302579
22 0.655417493455304
22 0.846963487556067
22 0.589454657118629
22 1.256054550815694
22 0.843136367871892
22 0.613289059295403
22 0.537039917783428
22 1.062847742594812
22 0.552070978098850
22 0.674891544112010
22 0.406155555222913
22 0.737120623147477
22 0.434566675586710
22 0.660782761706560
22 0.352687686685933
22 0.651704507490616
22 1.196991504197937
22 0.558803196375747
22 0.698966307895100
22 0.869219101731068
22 0.404307490040945
22 0.692289276430284
22 1.221053941543432
22 0.399590625194987
22 0.832316006305676
22 0.470684275349578
22 0.799668809105562
22 1.230843105875301
22 0.827345845943997
22 0.617327342352745
22 0.970284877420545
22 1.001865422163453
22 0.836934404560103
22 0.524206464916484
22 0.692839266960560
22 0.785864453095257
22 0.710075875421516
22 0.501917211177529
22 0.596459078476557
22 1.223792953220501
22 0.653905468790399
22 0.573406162978201
22 0.778234712209561
22 0.590475301005484
22 0.752711066196623
22 0.492939736688867
22 0.884743053319294
22 0.601096490958889
22 0.695090609139179
22 1.201323803809451
22 0.505433520447729
22 0.880045130095306
22 0.834483638197327
22 0.332229264700856
22 0.446991925386493
22 0.542762608659072
22 0.549531223298474
22 0.391760019752132
22 0.485534700590895
22 0.599588382901980
22 0.754303509365005
22 0.694590275841350
22 0.519026163654641
22 0.441038199379588
22 0.724675257677358
22 0.612067826846802
22 0.537883089430853
22 0.660615984707099
22 0.904209503879231
22 0.626950798890678
22 0.754351901123167
22 0.421069245304448
22 1.692526555832669
22 0.701701232371490
22 0.948278419180074
22 0.398811291609103
22 0.389208034388917
22 0.712428175751474
22 0.790654211726459
22 0.455829268916603
22 0.408780111664757
22 0.822211203200674
22 0.905341252198623
22 0.931051396145690
22 0.687015191377205
22 1.076965796079850
22 0.466195546499034
22 0.431343739454267
22 1.146169252014288
22 0.681445943024080
22 0.583186950283558
22 0.475765287301356
22 0.431270019894240
22 0.682243180201095
22 0.598320718802168
22 0.869418918771236
22 0.564527721873837
22 0.660071691655875
22 0.706249375977950
22 0.392285669354307
22 1.000794221577602
22 0.627262574660217
22 0.916921342838557
22 0.555622259029280
22 0.493191508776784
22 0.810150876004020
22 0.592879951587831
22 0.426646319630790
22 0.458005643944561
22 0.757075782547698
22 0.410456382395386
22 0.579828131059931
22 1.434799112866455
22 0.684158174259577
22 0.892462428727061
22 0.387696475912329
22 0.897530253272631
22 0.265711525250448
22 0.358558073922190
22 0.753567160150688
22 0.525200039648389
22 0.698541735204958
22 0.424504592436170
22 0.713286004515061
22 0.815565492081163
22 0.790701931745502
22 0.666926569558066
22 0.715913391207832
22 0.522065028654105
22 0.694499012905141
22 0.431081806933110
22 0.811094074459382
22 0.662068838527322
22 0.460391180007614
22 0.627336765853558
22 0.399664849301574
22 0.778548719033278
22 0.640004979172747
22 0.670542544347892
22 0.531204075927118
22 0.730621017217013
22 0.551509328659181
22 0.447649835930386
22 0.621373506595128
22 0.428621816953828
22 0.571142954897095
22 0.604175898918217
22 0.566487106347811
22 0.318508587392168
22 0.397207253116288
22 0.752524038925702
22 0.556518484863388
22 0.391915525081114
22 0.712000149480473
22 0.624970171283243
22 0.400851302048637
22 0.679694497797706
22 0.620065132095420
22 0.684462284995450
22 0.723750034369080
22 0.940968506788947
22 0.621405693844649
22 0.880044816688472
22 0.655897159828203
22 1.183693692993719
22 0.659167735993385
22 0.402373641642946
22 0.872420536330218
22 0.474038921553734
22 0.406401053127264
22 0.479350358996241
22 0.697263647656020
22 0.423498461097430
22 0.512904044628566
22 0.884610405437753
22 0.393605936502994
22 0.549334163025614
22 0.812677909885594
22 0.667365512943654
22 0.620383490748370
22 0.487401586936939
22 0.621331642572148
22 1.240713823339903
22 0.514567594544743
22 0.538961390751387
22 0.622360284014909
22 0.442848159614612
22 0.786400692967804
22 0.597417153165173
22 0.468526992976929
22 0.702843504673867
22 0.414777858296144
22 0.677013568974332
22 0.541779625923968
22 0.446264199910495
22 1.129291367854531
22 0.788989712602457
22 0.711902692597687
22 0.687886289366740
22 0.773529920183225
22 1.055433387289737
22 0.523425194805601
22 0.885530598912899
22 0.639164281139722
22 0.530102548550316
22 1.399338606647755
22 0.630889259160460
22 0.437990202744688
22 0.772911091990470
22 0.611646200180887
22 0.722330457422276
22 0.644160856630926
22 0.505711075181125
22 0.507673392605472
22 0.375299418436191
22 0.519259405183864
22 1.017624235897434
22 0.423446730080084
22 0.496541478853543
22 0.879720537987993
22 1.038232333240617
22 0.767612660038681
22 0.704597190853466
22 0.534043009631497
22 1.108411143703135
22 0.422788181131400
22 0.774106054414274
22 0.668193314219259
22 0.542636916755678
22 1.018720822009333
22 0.666303606161434
22 0.898955818665197
22 0.536445956872813
22 0.872601716062029
22 0.647589445307470
22 0.619360869879496
22 0.673778515868444
22 0.468203773789484
22 0.547907525572861
22 0.578989088818814
22 0.362353556803300
22 0.409155842812930
22 0.321156330205196
22 0.918567763398053
22 1.057372901697636
22 0.721528490941949
22 0.683634664759139
22 1.300861600307239
22 0.966231684786281
22 0.959208125871329
22 0.604934954892219
22 1.102703714290122
22 0.587293274096442
22 0.432268045205569
22 1.177242497420415
22 0.403158743763480
22 0.498939616109748
22 0.657857506697938
22 0.780263507123137
22 0.528614798225168
22 0.474942537059041
22 0.445166202355474
22 0.343534011663758
22 0.395477459673874
22 0.811714635187131
22 0.866451044417488
22 0.699205375551438
22 0.408392493332776
22 0.664569389673338
22 0.673330740918213
22 0.946193988594306
22 0.635622247435960
22 0.325012789842608
22 0.536331875162263
22 0.667829677603568
22 0.687795742655814
22 0.990754742359641
22 0.353866245051363
22 0.507782547708937
22 0.458982251157944
22 0.281193833014313
22 0.475004381402539
22 1.322101194104479
22 0.522589516064541
22 0.488668288790318
22 0.391514808781099
22 1.106632230213298
22 0.652078798276264
22 0.488772231696802
22 0.994436059154477
22 0.958860697910642
22 0.708095815937734
22 0.648899925437807
22 0.460904664716724
22 0.857069627050741
22 0.431726805781705
22 0.969051570029936
22 0.905787145697065
22 0.657629431884477
22 0.593720366803831
22 0.743475241166517
22 0.856919843338604
22 0.363076180259000
22 0.408505308532990
22 0.552904397934781
22 0.815184468175814
22 0.745029660336257
22 0.681885973584999
22 0.613201811776300
22 0.347785261240202
22 0.661482893108959
22 0.749074016765804
22 0.579872420765587
22 0.446680504951242
22 0.764239307699499
22 0.374851701199861
22 0.840555818536675
22 0.590777853503781
22 1.223748870225360
22 0.610157383343686
22 0.742333647580269
22 0.988065884721173
22 0.795725918909208
22 0.685022940592751
22 0.454917667884311
22 0.372584673824609
22 1.018452440416588
22 0.515939852447797
22 0.856359614634036
22 0.495309255881083
22 0.714901420993561
22 0.595912138514105
22 0.365767530842587
22 0.374610225673238
22 1.015201859302966
22 0.587058482895030
22 0.589591074212535
22 0.841745288786657
22 0.626766879496646
22 0.712524834022600
22 0.712910376524906
22 0.589882256395827
22 0.372869947061405
22 0.663134770012844
22 0.714999057037049
22 0.408936060954642
22 0.696847660317052
22 0.799095213281741
22 0.397380998530253
22 0.649140145691274
22 0.616979217966368
22 0.574573896160062
22 0.456573337985302
22 0.710641941181483
22 1.023322333005050
22 0.530546417758009
22 0.434500757008439
22 0.654439030797380
22 0.504054518238672
22 0.570770343219482
22 0.413843777478383
22 0.563668455256394
22 0.391965086273023
22 0.910771392414086
22 1.089007054322263
22 0.463027499085054
22 0.623439694536696
22 0.645365755998771
22 0.732292453806731
22 0.561748721124729
22 0.761489637322327
22 0.582634467618587
22 0.552626317009187
22 0.677731053473444
22 0.548448056342095
22 0.637661435554350
22 0.905513012230791
22 0.702366081792924
22 0.640080185024498
22 0.779282594275348
22 0.551459598374743
22 0.332113189334181
22 0.421175133647357
22 0.507046921157093
22 0.598704459949693
22 0.425794129202825
22 0.382233177680166
22 0.657395851620804
22 0.930695622665110
22 0.998712515448818
22 0.577048465461871
22 0.502772010641925
22 1.041863523583091
22 0.493181710820107
22 0.950363454107475
22 0.669316583809735
22 0.611172195682275
22 0.623201794667552
28 1.781624978792265
28 1.156177889047707
28 0.753721534064254
28 2.758206893111680
28 0.806218272525477
28 2.773895796832786
28 1.863224227047657
28 1.900495580265344
28 2.119406365448634
28 1.403200083294407
28 1.164409132905245
28 1.668112986899144
28 2.429682719178201
28 2.162510511585269
28 1.533809486135516
28 0.887987711974854
28 3.357218907018922
28 1.069880909366176
28 1.426950215245224
28 1.512817029687876
28 2.428387018140078
28 1.880861875129682
28 1.855007907307504
28 1.790482674834764
28 2.088529652979682
28 2.734867341884430
28 0.956631386181509
28 1.531574460624006
28 1.430808443351038
28 1.173585515286023
28 1.820496090990724
28 2.186491255828185
28 0.917626057143233
28 1.794044762336998
28 1.129073203864708
28 0.999556140086075
28 1.818135772723317
28 1.155410739705611
28 2.344882130033478
28 2.015001262880268
28 1.214702248649166
28 1.339776286088088
28 2.398049947830700
28 2.301663865566574
28 2.933905197036703
28 0.979979915780981
28 1.790457883094008
28 0.998693679092394
28 1.058557055153508
28 1.679670907862867
28 2.668559816452397
28 1.415942188676546
28 1.680947172928344
28 1.690905008847516
28 1.378598880425562
28 1.099942329780185
28 2.576070692149157
28 1.500569638862966
28 1.352385003939247
28 1.576285708450860
28 1.869251994683186
28 1.581983043649847
28 1.085723941407681
28 2.200060021131859
28 1.350152797071044
28 3.311397706740124
28 1.426100470248715
28 1.576583793300481
28 1.364460307414695
28 1.607653816105486
28 1.404588650479817
28 2.041907039674911
28 2.238721713773928
28 1.425365911942194
28 1.195253202895850
28 2.723238720721632
28 1.078686556652234
28 2.227756143019858
28 1.822569897932745
28 2.154405202880568
28 0.828988396417662
28 1.220311900066261
28 1.772463786612736
28 1.654506938210571
28 1.974835800691641
28 1.019191083666477
28 1.015346658377118
28 0.983338947700346
28 1.151831652131850
28 1.498409703795068
28 1.571186573418258
28 0.841080522911035
28 1.263222681191456
28 1.424969194527728
28 1.423822830254587
28 1.845526425819545
28 2.290977344069926
28 1.730345085326366
28 1.474143921618197
28 1.856669336275378
28 1.830081298528386
28 2.395140414797574
28 1.229035795408202
28 1.452392593135589
28 1.663790950986345
28 1.694436495876260
28 1.199369824316048
28 2.590379259747423
28 2.729850138321092
28 1.600563330657998
28 1.744445768445521
28 1.923939128944817
28 1.791928213245209
28 1.552503017424076
28 1.225871110555545
28 2.952135925244415
28 1.253262526152827
28 0.932336436083640
28 1.205437648715435
28 1.918133573308278
28 1.770891538896019
28 1.425274022485963
28 1.675709398134152
28 1.802333513801842
28 1.427086186172559
28 1.667004040199900
28 1.386002762135102
28 1.880590246048230
28 1.774205194828095
28 1.913924693222522
28 1.231584005376655
28 2.729365720102969
28 2.165703893041589
28 1.406117805405855
28 1.333641433281308
28 1.592735945511611
28 2.565183412011220
28 1.170836102707554
28 3.066439181358481
28 1.650823977359297
28 2.101716281336956
28 1.504318645737898
28 1.613156083808852
28 1.121401152538276
28 2.780718941826056
28 1.026605045366487
28 1.666128905721185
28 1.924585551163041
28 1.824186115096301
28 1.143871215494934
28 2.755942788173135
28 1.051401700958873
28 1.655432398878329
28 2.311015780849187
28 2.389335884155570
28 1.603525846342987
28 1.581205440506102
28 1.934723312476251
28 1.992087579065455
28 1.658986065413940
28 1.832020085034139
28 0.996199512908032
28 3.240404731228315
28 1.800224493141134
28 1.614485553809224
28 2.128596278677593
28 1.991353229292731
28 1.425263152170314
28 2.280383274042757
28 2.417883229766319
28 2.686927917362953
28 1.557266982076984
28 1.830453537333418
28 1.502602321111920
28 1.522794205829365
28 2.057865369945334
28 3.306728480657114
28 2.005252035872774
28 1.626145208095439
28 2.925683916736144
28 1.091503231455459
28 1.598572078331246
28 2.295053578929863
28 1.128264176620241
28 1.178065082636356
28 1.153230000713557
28 2.552910954854445
28 2.377825435288750
28 2.108674990028770
28 1.196216262548097
28 1.245690802963779
28 1.356180403706114
28 2.923854463436898
28 1.711654567297671
28 1.776090512036820
28 1.374844513757724
28 1.093477164846790
28 2.402688134088255
28 1.340106476329666
28 2.713845726885637
28 1.445397381341942
28 1.405496923009001
28 2.768075188060864
28 1.095507018876213
28 1.449781017942628
28 2.330533658047457
28 1.170651888001274
28 1.145187428020960
28 1.449403177321035
28 1.562281840946244
28 1.077987464271116
28 0.993907939506352
28 1.372716478757742
28 2.191325403937636
28 1.340921446141985
28 2.335448106237791
28 1.009688113953212
28 1.205624331113292
28 1.934909332634976
28 3.191687376600707
28 2.265801627459402
28 1.844703117582149
28 1.615112772042425
28 1.804570134288587
28 1.748086021221704
28 1.861732022293357
28 1.784173696023648
28 1.838672359022457
28 1.661495523008719
28 1.387972753139064
28 1.416245709955939
28 1.744260094635768
28 1.312415786003553
28 1.855348747619689
28 1.481400348001852
28 2.379316613134756
28 2.522125907307887
28 1.234933476328991
28 1.325779379162277
28 1.002949598456374
28 1.329417148188180
28 2.125502525093680
28 1.141309873883253
28 1.360836171726114
28 3.219897978230150
28 1.510582290427014
28 1.336481365246094
28 1.176035836160843
28 1.468319550208408
28 2.878308543444526
28 0.982288732283887
28 1.008159904311037
28 1.606092940949828
28 1.310428225944721
28 2.068338687361970
28 1.079917625515676
28 1.760801641744693
28 1.345920665501083
28 1.656587788474620
28 4.599139476044065
28 1.733963969942357
28 2.763818551860117
28 2.036621644740617
28 3.555973391766470
28 1.788954869257360
28 3.021235765486872
28 2.423497504529466
28 1.155919763816578
28 1.790646332821850
28 1.366109188939673
28 1.711334128057441
28 1.760868291288221
28 1.567822713372025
28 1.592227516750491
28 1.746027147364839
28 1.570674442222588
28 1.851165679058548
28 2.293469909512950
28 2.342087762881890
28 1.007697488940041
28 1.137282658545249
28 2.567144923480773
28 1.603158388032251
28 2.575125205939432
28 1.275539405094662
28 1.077164497018346
28 0.863648935695179
28 2.051165645712761
28 2.195047423189707
28 1.853684741939259
28 1.436798022461565
28 2.049390352434910
28 2.341372282153552
28 1.750626127281349
28 2.044898004493898
28 1.306006734433454
28 0.964079747931955
28 0.895331976533781
28 2.123085017178963
28 1.258911085304252
28 1.257817704428271
28 1.235218868675291
28 2.949583570286925
28 3.452248149775320
28 1.515736891166904
28 1.180377046355857
28 1.370991128781769
28 1.496572090136799
28 2.841017751881176
28 2.245966107086689
28 1.713218033320235
28 1.239448489291377
28 1.050284145693071
28 1.762018669675916
28 1.693191691230056
28 0.837211737255299
28 1.311847625558429
28 2.837905169555733
28 1.086038147069141
28 1.735200332771014
28 0.855939202733318
28 1.950077883460465
28 1.144107064130622
28 2.032180755956647
28 2.098745811095664
28 3.131717850086501
28 1.666619621192464
28 1.194349383957338
28 1.313573623925519
28 1.212457573214869
28 1.936913043764330
28 1.427014189132571
28 2.127870984303796
28 1.936254188320518
28 2.546089320013468
28 1.527068954683462
28 1.152966930794872
28 1.182290825350292
28 2.062911287881925
28 1.437035719707886
28 1.932438320022511
28 1.411166215380501
28 1.133634214913003
28 1.813353923942313
28 1.736875626274696
28 2.211543629124125
28 1.297658370270594
28 2.033605962290321
28 1.088461848665812
28 0.899847878668196
28 1.280513622810432
28 2.285868915643605
28 1.412949550178408
28 1.517254747178479
28 1.305781507685686
28 1.631025131488699
28 1.945700737452121
28 2.167749467530840
28 1.651815788634568
28 1.469962087478889
28 0.942077761201767
28 2.306043184046905
28 1.040193336212965
28 3.317606387354390
28 2.635326610569998
28 2.409371830720630
28 1.800358440604340
28 1.620156944697778
28 0.852762226611328
28 2.077597435934411
28 1.127878974309129
28 0.817455756852714
28 1.712991231489116
28 2.138627796440488
28 1.224472409469143
28 1.386174013048080
28 1.545335964260473
28 1.210629215362437
28 1.024276444448515
28 2.252909187944891
28 1.791064967947067
28 2.302980214876463
28 2.538029495383683
28 2.131384985627080
28 1.399830856047746
28 1.997874813386502
28 2.972322624049176
28 1.237976777768689
28 2.823748359213208
28 0.893937231649326
28 2.679111027075997
28 1.483849168095720
28 0.846334847952179
28 2.174366734292985
28 2.628617589976500
28 1.807361020844830
28 3.002600995101835
28 1.225553098654576
28 2.067551458036149
28 1.825307148109273
28 1.251926610840611
28 1.795356258041085
28 1.301522794645572
28 1.849171373198172
28 2.592641035657857
28 3.575848980419548
28 2.316960367320847
28 1.015432351664605
28 1.469190514689554
28 1.385135863086195
28 1.702524225332142
28 1.444338278214510
28 2.308982447354862
28 2.373100494268828
28 3.238578801892582
28 2.094866309234532
28 1.419006884358543
28 1.056024555660478
28 1.574411867077823
28 0.968104436604971
28 1.909480992061191
28 1.023174369324953
28 1.566161032184351
28 1.472582652060041
28 1.230332032594776
28 2.249265380062236
28 1.008803254954272
28 1.017370030267486
28 2.499309531060229
28 1.026408926851643
28 2.132543532772088
28 2.829773635113535
28 1.887046312057003
28 1.835775468459152
28 1.014313839872209
28 1.187212563057517
28 2.095850356436241
28 1.897186866769460
28 1.627596135638052
28 1.462943331919949
28 0.988284251036484
28 1.715211554232491
28 1.912517811153674
28 1.082190459602612
28 2.109516057757629
28 0.888360187866429
28 1.580897097132008
28 1.330902294405325
28 1.654836135477068
28 1.839162652886809
28 3.576866286377048
28 1.267574338322307
28 1.637278360819792
28 1.706602755934000
28 1.178926634229247
28 1.948985664125390
28 2.194136115173141
28 1.651917818113249
28 3.471456922046848
28 1.577535548044718
28 1.062343747032071
28 1.296029676010990
28 1.419284678884865
28 1.526938355863446
28 2.149827968365389
28 2.033495948926920
28 2.067242793495075
28 0.868191764535086
28 1.451592248080901
28 1.350564163065914
28 1.174879357116353
28 1.581491284195616
28 1.879523381166941
28 1.568317764577297
28 2.132307289299877
28 2.150242505904922
28 2.580556617918299
28 1.634876519702980
28 1.935738520842246
28 2.226325641175405
28 1.782869822391593
28 1.320163655138200
28 0.991467068672027
28 2.845966221918232
28 1.456292611121002
28 1.524718932696927
28 2.792112539944703
28 1.645053318672536
28 1.684848524429286
28 1.509441203988598
28 2.271304772381748
28 2.689581846856762
28 2.056740144548311
28 3.000819683297910
28 2.088694704390202
28 0.934444090931306
28 0.889804195691583
28 2.904794153876032
28 1.493525446804933
28 3.490912593501518
34 2.959964433200763
34 4.063103473804284
34 2.995471314304264
34 6.385684781421856
34 2.605402993131458
34 2.130656445586445
34 5.790557330908853
34 3.295142267836783
34 6.023610776388845
34 3.478664949473776
34 2.941655877696760
34 5.923074194974086
34 5.865383783121652
34 3.251773782837697
34 3.450023352134769
34 5.546818872988927
34 3.686839881564480
34 3.338949311929000
34 4.793440040219976
34 4.191920821257875
34 4.903902546465118
34 5.329996113484889
34 1.798200791608457
34 2.318767361552924
34 3.460523962052453
34 5.028906670226364
34 3.048539115378778
34 2.359848301369393
34 3.562526468644471
34 4.099544767890039
34 3.914680299024338
34 4.273801925501564
34 3.779594200229357
34 4.054509880363833
34 3.168762155145889
34 5.024576308944704
34 2.203527546323602
34 4.271339150081747
34 7.224538734789559
34 4.235942921418873
34 4.826440303311464
34 6.583450147767323
34 3.202873946977319
34 5.454365546636928
34 4.236134350209006
34 2.914931224251857
34 6.215927086226301
34 4.831570948420693
34 2.636434150192166
34 2.653450060435619
34 7.305879797856679
34 4.385724096676670
34 4.493682313620312
34 2.537945331217351
34 2.801872462489126
34 5.528049787805608
34 3.376056544696763
34 3.429788721378399
34 3.071898980680378
34 2.697830788040561
34 1.914447105119796
34 6.283885446769757
34 5.638797405256185
34 4.842493975067607
34 4.193684143297729
34 2.790280664059043
34 2.159803671890635
34 5.670238159303742
34 2.312709477436072
34 5.869838495849214
34 8.128851021269650
34 5.900010748225550
34 4.091108180634134
34 3.949329699242340
34 1.999622140701559
34 7.142286810333411
34 3.378486302614605
34 5.119030052678065
34 5.375298475607396
34 3.088071184627162
34 3.480992673198189
34 4.741094489771058
34 2.406516935323087
34 2.261558202512988
34 2.954405565887898
34 3.435169814577631
34 3.459471169543648
34 2.886327474658562
34 4.345059669858601
34 2.893282250313560
34 5.181278366493112
34 2.684984308697375
34 3.187800363892753
34 3.554664313627216
34 3.202892576203774
34 2.884925636273381
34 4.670122263156924
34 4.463298495671841
34 5.533955371118970
34 6.505698949526678
34 2.846412721411897
34 2.490557234525334
34 3.443053614543450
34 6.239231201405845
34 3.950921541332590
34 4.060489348190032
34 3.946103422734240
34 6.925895384351583
34 5.223636869449942
34 3.795257354049291
34 6.725021089848886
34 2.250355491688979
34 5.481076509121944
34 4.959065674792837
34 4.103357271370566
34 2.448031113726562
34 1.859172809723312
34 3.966643339298514
34 4.396844030105450
34 2.949648373543590
34 2.135382780921031
34 4.475929257570991
34 3.011956561880654
34 3.064738502143585
34 4.093039924328869
34 2.838479616869892
34 4.395678592926261
34 3.434527325215654
34 3.810277110118769
34 2.932794980504143
34 3.849620832110650
34 4.487071633564620
34 2.432928080977470
34 2.794566105644115
34 3.139010059901215
34 2.292095192340436
34 6.439404245140007
34 2.048746104053843
34 4.226132161876261
34 3.321500079739436
34 4.178828411018252
34 4.401002897320765
34 8.501013201019493
34 4.527139714974960
34 2.548883839087038
34 3.884549304540903
34 4.399416166468165
34 4.092133418517390
34 4.063416392037492
34 5.335430376516429
34 1.942294348572534
34 9.451189519373843
34 2.871376330542785
34 2.540986113667923
34 3.724772250795632
34 3.280388591286711
34 5.200019575876134
34 5.536770887647479
34 2.846127942119529
34 3.291935861060220
34 2.964857643759078
34 6.233096393008431
34 4.745068571328162
34 2.952022171302665
34 4.644829921016193
34 5.585307273721797
34 2.430132940542269
34 3.386149821680942
34 4.107138788870616
34 3.195850114849981
34 2.853725884425352
34 3.349788175594488
34 3.004280686223096
34 5.535494457043480
34 1.858384411826487
34 3.141437825248143
34 6.147039554271166
34 4.993345267326583
34 2.684796499097974
34 5.667465731904380
34 3.841270785537668
34 3.170121045035825
34 2.550072809666425
34 4.830257198453852
34 3.469908474668117
34 3.404688048912322
34 4.657461005449479
34 4.817592500782903
34 3.278610859333167
34 3.945489701274058
34 2.514040731748048
34 3.787509122972239
34 5.071693513372998
34 3.586898980904993
34 6.112547719933517
34 4.838551916806183
34 3.830091483217791
34 2.660454458818443
34 4.984913232234509
34 3.134984181911120
34 5.089089042562868
34 3.841669639729143
34 2.815557208253933
34 4.386543905133156
34 2.501958399484121
34 3.802849320862635
34 4.589689976848437
34 4.092268137393230
34 4.107299052253407
34 6.881952192358527
34 3.089161001002376
34 5.611759169891354
34 4.007188379429921
34 3.245638758599040
34 5.870610856415904
34 7.664183039664232
34 3.263956436181274
34 3.378487882262959
34 4.839092084509987
34 3.043033934680933
34 3.270533653485302
34 4.889265511713992
34 3.661953691537473
34 2.938362386612467
34 2.861036785781870
34 2.672983028453981
34 3.078359622683383
34 4.957511474769845
34 4.943281275994639
34 2.227621219095982
34 3.000118977052034
34 1.882562303758283
34 3.027824271670698
34 6.202076002962416
34 3.331655750024235
34 2.370121873934186
34 2.014260432875158
34 5.119109752989373
34 3.329836421094650
34 3.699739137912060
34 6.371113425402704
34 2.758626658442499
34 3.751214722106379
34 4.406845139022060
34 4.975572157481963
34 2.786377468231685
34 4.376056692824954
34 6.665254365190002
34 2.953899617705330
34 3.191363567035997
34 5.460863684937275
34 6.671951135089293
34 3.381230534204817
34 5.334830600161668
34 3.086914540804899
34 2.433383968254678
34 5.357060140863421
34 3.921962072498336
34 2.284138116808289
34 3.573710765666474
34 6.401992513520198
34 3.654575172444575
34 2.485895120190719
34 3.584406101696632
34 2.754881003994702
34 3.138176370889722
34 4.704322374927028
34 6.499423564879274
34 2.591587529429339
34 4.020693865051064
34 7.560905714788789
34 5.272103418287944
34 3.180350201185267
34 4.590048766247056
34 6.731894683245173
34 4.305619770446493
34 5.227308961750450
34 3.757103622304499
34 4.131158632431347
34 5.289801320755766
34 2.822415249114793
34 3.797978099911228
34 4.323977766170583
34 2.637972479983695
34 3.639058386346804
34 3.158325923699799
34 2.439837606604679
34 2.511766996345424
34 2.851977285063600
34 2.812719237532062
34 4.457331291141184
34 4.919861980890948
34 2.336645421785624
34 2.920032851854686
34 3.208254957273923
34 2.984632715041334
34 4.024974163673215
34 2.664456693826915
34 3.953114192813592
34 2.819849427529941
34 3.190188005648630
34 4.944355851024167
34 5.499655059793779
34 3.555831140909339
34 3.517322330777204
34 4.440594917031618
34 3.754394989799234
34 3.545535367115995
34 3.696281406882278
34 8.121807182519603
34 4.111710841302191
34 7.260286740341847
34 4.794422537624783
34 3.262046216653967
34 3.499980024525911
34 2.821252988842830
34 4.194539558479104
34 3.535127853289578
34 4.140188025969300
34 4.163859536273778
34 2.228270096767646
34 3.269077901377924
34 3.798355287272119
34 3.164624894973048
34 2.068263127667693
34 4.191708324292293
34 3.009223577404082
34 3.045967611230330
34 2.794283458698431
34 4.315773481261095
34 3.989365268214833
34 2.735826340891488
34 6.226747111945231
34 4.329307711283668
34 2.928868652261441
34 2.331524364424509
34 7.170575672083385
34 2.718270215922546
34 3.168817296688060
34 2.210912469477900
34 3.882415356201916
34 6.991786674076915
34 2.780414339251335
34 2.089157595545021
34 1.576083230726127
34 3.664062099781384
34 2.618844926931482
34 4.397066258301223
34 5.565421499253863
34 2.746717132102771
34 3.579697013782734
34 2.722042868715140
34 2.797679040295478
34 6.141102842410926
34 3.852652477852838
34 3.536301017978476
34 4.197442210756958
34 2.844308630439527
34 3.398718519892738
34 2.520592981501796
34 5.892433760700237
34 4.252710007374020
34 4.617422323945592
34 4.237997670893864
34 6.333576837433331
34 3.820792054669763
34 3.870070203145730
34 4.215184749369714
34 2.810656815713255
34 4.197655439696816
34 5.570057965167029
34 3.808465085946692
34 2.879131983102131
34 5.590494233299336
34 4.490583307284120
34 3.722824374764195
34 3.254356735235919
34 5.636528018237913
34 3.916407694018115
34 2.344490162058204
34 3.379656399358696
34 4.372584971528853
34 2.468147248497486
34 2.590910366513345
34 3.352780483344454
34 3.354744762902782
34 3.994870372029492
34 6.210032029454905
34 4.985237071881667
34 4.778607888083762
34 4.425503799625972
34 4.579032303200284
34 5.717198704230047
34 4.389401071821561
34 4.727022062720119
34 2.773670918180662
34 4.014359387380434
34 3.244668496709045
34 3.573208437811841
34 2.406207125725492
34 4.702402794788275
34 5.412590232927220
34 4.774075403427219
34 5.263456625775566
34 4.607044072375851
34 3.310294815923744
34 6.067807576255963
34 6.756479702690954
34 4.040328858132529
34 3.296057721624266
34 5.824344516655191
34 4.154454582171243
34 6.468908165373488
34 5.543219498664495
34 3.243444994517658
34 3.191832932483187
34 6.355813308630665
34 3.273539283253670
34 5.529767784691381
34 4.305567089331096
34 5.406341855022664
34 4.741898665104229
34 3.846369351725301
34 4.514915800618693
34 5.653216269360229
34 5.084528608382129
34 2.455421951546533
34 4.527707040437436
34 2.518813214518052
34 4.820079146078570
34 4.424453469773511
34 6.655863134852035
34 3.453867856589011
34 4.065893828703179
34 7.564133791000148
34 4.132432326501945
34 4.895941358366073
34 3.382033320601220
34 3.855122284133581
34 2.233538874126341
34 3.132625942985039
34 4.600424264590104
34 4.037383934393662
34 3.830246454360581
34 2.880731630606564
34 2.776650240195782
34 3.810377948163298
34 2.281196241769074
34 3.618430442599585
34 4.011185847600849
34 3.805954933021927
34 3.892774885402849
34 6.674420824921515
34 2.976767505298115
34 3.429853109316371
34 3.628011015525426
34 3.882814220799101
34 2.470528598978784
34 2.503557249948550
34 7.579650608831392
34 3.083357952774823
34 6.843823166818229
34 5.370170280692181
34 3.289695126870512
34 2.816058330921242
34 3.325670287301340
34 4.252897075574678
34 6.380552208853122
34 2.279966675837719
34 3.484097600593213
34 2.709907889455386
34 5.828675253138762
34 3.366258449194266
34 4.474951765106836
34 2.186938007904448
34 2.123534895545465
34 3.316482472913801
34 4.837603357237961
34 4.111661105014982
34 2.255566179094727
34 4.725612301330337
34 3.920857291696225
34 3.914900541676846
34 4.072395228551180
34 3.052842280097370
34 3.184364534198699
34 3.948320426993744
34 2.382590557322974
34 3.757429962631571
34 7.349350470325121
34 4.520609135414294
34 1.831344972487523
34 3.811560879123279
34 3.175955462529968
34 2.845159660789969
34 4.621373479033021
34 3.012906045335584
34 5.301924082594939
34 2.669188684597073
34 3.732434306305835
40 6.581290074576263
40 7.260544161966623
40 11.161766091674791
40 10.558749185311164
40 11.092801689180378
40 6.605904170104301
40 5.826980298424058
40 9.765122159598706
40 5.916647766370287
40 8.930287483528105
40 7.049033237253742
40 6.207624085813205
40 11.583962267200905
40 7.420521587610628
40 9.760555521119105
40 9.690494846066731
40 8.633150152637045
40 8.154444384752820
40 13.154186007128537
40 6.864795852881464
40 9.458088961669189
40 8.091841302335000
40 16.596694194686691
40 10.362025220712136
40 8.027589606209485
40 8.899249729164085
40 10.249593252134687
40 4.343329085649190
40 8.216894077797585
40 10.611353038051412
40 6.218997435093045
40 8.155577924360133
40 4.823980697394717
40 9.934378424495108
40 6.080563351045516
40 12.223650052371569
40 6.371947389366596
40 7.251578617484583
40 8.954352557862109
40 8.012705575186859
40 6.011891006713908
40 7.334779834422177
40 12.000597266882906
40 8.186923429949170
40 6.247701947311041
40 4.779407596624601
40 7.039564251988307
40 4.552916426185586
40 8.652879178306694
40 11.452112535305352
40 7.237057964970226
40 7.036250564258490
40 11.306101956799408
40 11.939918506268997
40 8.370203549420470
40 9.059941856512147
40 7.450670187232053
40 13.777288012006601
40 7.602612071149620
40 6.850692462932207
40 8.935728147392036
40 11.784214948651748
40 15.839360097365363
40 14.467294227167056
40 4.977230785423000
40 5.995070035857559
40 4.633721565299496
40 12.842802809009529
40 12.788762075752217
40 9.479532443021842
40 7.258959606662460
40 14.969015959722975
40 7.236738008939041
40 12.083043619087112
40 5.422691480693024
40 8.946645142598742
40 6.384562652153592
40 6.868974239538998
40 5.392915431857476
40 6.958513215593765
40 4.053399008505524
40 6.889250470382306
40 6.767387770111149
40 7.155998002683567
40 7.962102146124828
40 8.905085001226290
40 6.603169923953878
40 8.343486385712939
40 16.350984435555993
40 8.814221635653459
40 4.897184357577586
40 7.107892125788506
40 5.651070243315374
40 5.186902705281685
40 8.721493978160535
40 6.356826177548303
40 13.451094896690686
40 18.005974786372249
40 9.536764867258119
40 10.108660553166583
40 9.119553086771999
40 4.161745857019154
40 5.784987842569322
40 8.771412573180477
40 11.716083568180968
40 3.828163770625839
40 7.834277407006576
40 9.915076273581427
40 4.375685134495884
40 6.683945775108253
40 15.056711137657926
40 8.325956188308652
40 10.000857859347812
40 10.553083235377063
40 4.718844147884894
40 4.697110954388426
40 5.284808329154917
40 7.891252587604360
40 6.462467306908017
40 5.621819124267940
40 11.954676606828526
40 5.265022540145424
40 3.631566509434125
40 5.630229883853705
40 6.936512027504802
40 8.948793943268615
40 4.061345699561519
40 8.785165199320790
40 5.892428513655820
40 6.004393865521367
40 5.779602590366332
40 10.346421135209315
40 7.509809213009046
40 8.803612210538740
40 9.787513884311398
40 13.964929161966406
40 9.436984782968270
40 8.829300082613569
40 8.169249527913001
40 5.331428392603907
40 3.937391331791022
40 4.860636864576447
40 18.445952290393290
40 8.869392137146146
40 9.224014909832976
40 5.105385926057959
40 9.604564431094435
40 12.938250202989874
40 5.865766183904336
40 5.279010651564763
40 13.600276640363651
40 5.763559232200853
40 7.509730897042317
40 4.876104293402905
40 13.503238975781366
40 9.641524643601141
40 6.366339830020091
40 5.428725639698554
40 8.147961205691805
40 6.241320056101960
40 9.124547680200140
40 3.784557579317807
40 9.179009219674223
40 5.726937374694338
40 5.149825417658726
40 7.718600506924471
40 18.039876327828495
40 6.348701160547804
40 7.650885608567446
40 9.264165969538524
40 13.123687757846472
40 7.645416508981134
40 11.130775644702164
40 5.116628554055376
40 7.552494976778174
40 6.108486242677998
40 7.331438629338288
40 5.065526184345238
40 6.030543974920003
40 7.603557538714290
40 6.764622322768128
40 12.679592797689594
40 12.058910341433464
40 9.205321220567921
40 10.642849403307840
40 6.862038767326023
40 5.995215834282989
40 8.215203980640595
40 8.718204164592031
40 8.467867628906530
40 10.315155274278585
40 4.084300936746997
40 6.170368951704079
40 7.863677631062528
40 6.928705027462259
40 4.126475947606938
40 7.818230231308720
40 6.345074854925183
40 5.466175424273278
40 6.231778418515954
40 4.958813336887358
40 6.195133524270723
40 5.538692387713812
40 7.825878755208873
40 5.631755301941984
40 9.561132147486852
40 4.164701673648629
40 5.025326536019890
40 6.443855413254308
40 10.825904364984515
40 13.137903018646760
40 8.209224920176025
40 4.436574645165646
40 9.509088958447013
40 11.154971775238195
40 6.582041881560887
40 7.752989822883844
40 6.317050551937649
40 6.487347859122806
40 6.495135088182998
40 10.628686239002626
40 5.815791409326604
40 7.964360784953241
40 9.128852962973230
40 7.956118811230202
40 6.428385191755969
40 10.343255206302151
40 11.071453605453694
40 7.925633044647045
40 6.983708205642815
40 5.123401478251655
40 8.580358187869740
40 5.761039309825076
40 4.433104025066292
40 5.453031734946710
40 5.855016740592648
40 8.174777097567423
40 10.095128592898027
40 8.130292836610606
40 5.388224352254054
40 5.186829745218100
40 5.519723185006720
40 5.950686572816478
40 8.031059121052113
40 9.294997371228403
40 10.665767858899965
40 3.983343323869959
40 7.218291140202700
40 8.883351849078228
40 3.807934623468332
40 10.411447447344075
40 7.693886804570401
40 11.169763509687364
40 9.651344662252470
40 5.962627937844799
40 5.562675717179933
40 4.491986801697060
40 10.651317256221242
40 11.463277091458671
40 7.658902067615029
40 8.808438003775175
40 6.369817215193857
40 9.376412524014112
40 13.138561497673626
40 10.824918376684744
40 6.246174311595320
40 4.096550232106239
40 10.081049361151253
40 4.748424289613714
40 11.637179354071645
40 5.761306113338444
40 6.884110268130762
40 10.179376999504790
40 7.068614175141833
40 7.986474312397838
40 6.897940065470957
40 4.385127239898534
40 5.557031983399237
40 5.512537710122082
40 10.146895560018505
40 9.185752089796221
40 4.335717801551969
40 10.598858780419455
40 7.501503843911562
40 9.530200584566144
40 8.401142806729140
40 18.187785194720604
40 6.492164745165459
40 6.532511472197911
40 8.655741193639741
40 7.519456164627156
40 7.318483346925685
40 8.473937265210605
40 5.053480085147090
40 6.509793375196113
40 6.153576259837303
40 9.039736547888991
40 5.962230649307951
40 10.020578222894517
40 5.357856839749614
40 5.858028458904050
40 8.819037684514813
40 9.113516026911228
40 5.440558140494941
40 4.565513222968148
40 11.746279195500064
40 8.104744588906080
40 10.136350694976732
40 5.154522030284933
40 8.897068257669337
40 3.553313110459960
40 8.903468721433995
40 11.676724754006568
40 5.900193192388519
40 6.708947609657926
40 10.348461373818875
40 9.010203375344778
40 5.802093113352409
40 12.661175365871333
40 5.804798752393936
40 8.731100759967369
40 3.467296504613786
40 5.046686832848700
40 6.618039858398182
40 7.519346701724654
40 8.996796367586541
40 10.399676420128609
40 8.057350154899099
40 6.818021247381568
40 4.690710518476907
40 8.150932810666262
40 9.653473700544628
40 9.708863788293986
40 10.699674938575271
40 10.831840967224306
40 3.610900382783058
40 6.505460900338624
40 12.765104663452828
40 6.610053851467518
40 3.933375570784451
40 11.863673903019240
40 11.073857156421264
40 10.893440449396380
40 9.529362610119035
40 8.048196956265986
40 8.479718978045373
40 10.397986789002786
40 7.647513590299333
40 7.227486297972920
40 11.891347569108401
40 6.012860981215244
40 6.517330591929143
40 10.302468407817418
40 4.548429664618048
40 6.541896664021579
40 9.682445815220166
40 10.978981325431770
40 14.223197060581793
40 9.099792143496369
40 13.556253055349750
40 8.479741618837679
40 10.253887115143126
40 14.234913440732425
40 5.633583088121249
40 5.266699454398974
40 5.952859906684777
40 9.515625703127922
40 10.465007626018600
40 8.226879080143457
40 9.966801817894757
40 9.867136075789279
40 7.015532201308355
40 9.769102760544897
40 8.598274827285620
40 8.704200945856508
40 4.832882585745860
40 7.101258030543106
40 5.954742983073823
40 7.126404177338650
40 8.261476358056404
40 7.723601172837605
40 7.755229459378480
40 15.184417623835643
40 8.070875597340260
40 6.250979814977885
40 5.444693819296739
40 6.537323425592048
40 6.103717827184912
40 6.076249703696825
40 14.757309384934919
40 9.400278951664857
40 7.059851579321928
40 7.466550711742853
40 11.364044606223320
40 7.036980025767409
40 8.214949127472668
40 5.799619735188957
40 11.575312671815800
40 4.308943235969670
40 5.399325603947682
40 5.069260416207533
40 7.826016196008368
40 5.167474889409050
40 9.550545380972972
40 5.859128562226178
40 13.048488940842960
40 6.209777115174643
40 8.593775678184453
40 12.311456142165680
40 12.686669075263998
40 7.906207932614203
40 6.894526445667093
40 6.302381932715054
40 15.524275600368693
40 6.593278191802074
40 4.955740881757478
40 7.364268797836468
40 5.712921604529297
40 4.223466737267643
40 8.656638049449544
40 16.460851043748086
40 6.579537163666785
40 10.190791371093084
40 8.861497549650210
40 9.903671498352233
40 5.603882649654414
40 9.305843492209716
40 9.189617083181581
40 5.461927160334493
40 10.382687592262933
40 7.120356432847744
40 6.553551410405505
40 10.337885986397133
40 7.300151742846099
40 5.583198863454665
40 5.661548775743287
40 6.653839399726704
40 5.077941636310258
40 10.401766407069916
40 9.830262414153358
40 8.727423898905426
40 6.697803716983117
40 7.637346383186507
40 10.927812706615816
40 8.770321171216427
40 6.217357498741002
40 9.840682107038301
40 10.451384647829075
40 7.367405410558748
40 12.150951905205126
40 6.184727516869802
40 7.844233767457148
40 8.543240976071392
40 8.354062079518583
40 4.972676974710426
40 8.462178633279551
40 12.097545077468615
40 8.957883389574581
40 5.089185905046381
40 7.299237115032508
40 4.617913444999990
40 6.969445502328375
40 6.311459544263634
40 13.172804952973360
40 10.036314606219696
40 5.886395358499371
40 7.934430297737087
40 6.890358478017923
40 6.562803487518412
40 9.810106078304498
40 4.329818564672342
40 11.667180016273228
40 7.198003882845725
40 8.381181201355247
40 4.297086314119676
40 9.281327136606702
40 13.299666575989567
40 6.805082836891325
40 10.887495202923537
40 11.582801623285677
40 11.867459378659657
40 11.252502742122063
40 4.183961334335052
40 7.992529989990073
40 7.295857155897787
40 14.945577873516548
40 4.139969693273821
40 5.211613108882055
40 10.170222995823053
40 5.890585187100209
40 7.847367737716091
40 9.220525396507774
40 8.618544920373663
40 6.984137952887592
40 8.655991943562441
40 5.578662150862010
40 9.888534989603373
40 15.455986576425964
40 8.051335574329247
40 9.989384676215863
46 15.278136797703842
46 21.546842895771267
46 14.947928381772645
46 11.374697961430083
46 14.158670340872421
46 16.019285337503007
46 16.118732381472981
46 22.731393194619798
46 10.785535853503568
46 10.328618375657122
46 12.433791123832750
46 8.229778267348127
46 12.604730413572735
46 13.882608907683952
46 19.644343415835358
46 11.381156881939166
46 19.723799930354488
46 13.562621831010008
46 17.430762685867009
46 6.614173021059874
46 18.848474862806302
46 13.009622561466124
46 19.140226925267303
46 14.722766762151021
46 14.540682618428285
46 15.283686590398602
46 20.497565397134025
46 24.016143449651725
46 27.126681244469502
46 12.100843089136529
46 9.281938819911680
46 23.652753455568014
46 18.895769669564366
46 9.198298582616253
46 14.597026855289460
46 18.354576706344201
46 23.217366794744173
46 14.223166906461991
46 25.162192065357218
46 15.751088353900467
46 17.805376978731644
46 21.792999890252879
46 17.164497515244982
46 13.223638811698569
46 16.000936093328018
46 19.628035989996992
46 15.762157921439481
46 9.803110193759348
46 18.011678251691681
46 17.489953064203711
46 13.166394198733707
46 7.919654243414736
46 15.443091579406989
46 16.960315290191083
46 10.911581745998863
46 14.770399256998274
46 11.120690014515016
46 21.269600112001669
46 8.435981588045724
46 22.254856045856446
46 15.744317223344515
46 17.347093256279130
46 19.980778907542302
46 18.274725943144890
46 14.057604361479255
46 8.036079694954196
46 22.788341382462399
46 15.751894843815078
46 12.162663817513486
46 9.090250938198022
46 8.705183495572971
46 13.078250655123949
46 14.265369238093202
46 11.051895801169547
46 7.901581721571707
46 11.341152045850425
46 22.309683454137222
46 20.646205004610277
46 15.574904575833731
46 17.674297055167308
46 7.389566445242510
46 17.766514418905540
46 22.986133018741306
46 14.746676239018161
46 12.039863857252481
46 11.274742026792911
46 16.670202807531975
46 12.828469342783926
46 21.962135118335631
46 25.916895490204929
46 15.830334698593861
46 6.724047282341104
46 19.606869466312315
46 22.359225274963691
46 14.215874293478748
46 14.553171630744147
46 22.083368689130804
46 11.455230772399052
46 22.589017105945228
46 12.701211848754163
46 9.502799599581550
46 8.725643421855313
46 13.526983583322480
46 26.126185387167659
46 10.151993312877760
46 14.987027169220477
46 9.309669760717455
46 19.564393724740828
46 17.762800488291401
46 13.644216231154608
46 20.974755311687176
46 21.373865137229991
46 13.115870492728757
46 20.075605791818969
46 10.279315504026103
46 11.751420892373993
46 15.765229707590535
46 15.671030667026347
46 24.894367224104286
46 9.922452286892570
46 17.000158092542808
46 16.601188469990547
46 19.862737139350450
46 16.324202293647637
46 12.010728008381674
46 14.794210939295192
46 16.194862761733312
46 13.278016877957556
46 15.617374771950296
46 17.724301401149184
46 10.768780025802105
46 12.415380906756116
46 18.307537735300720
46 14.063440156856053
46 13.991967691486302
46 13.253723517863211
46 9.449971617300406
46 15.522542778050147
46 8.817993930792145
46 10.801976732418927
46 12.101529713968905
46 12.296496846804708
46 15.625741934654936
46 14.617173617365829
46 12.597541629947802
46 19.902484363931233
46 10.313635473579001
46 9.585478596667837
46 11.175633036946772
46 6.360855102237307
46 21.156176040249395
46 20.349104733674089
46 27.176340128685759
46 8.142442589449555
46 12.367318074281549
46 14.052614415558267
46 14.836173142490846
46 24.638597963168593
46 16.503064149503473
46 21.400692965660781
46 15.409653298258224
46 9.178760566506710
46 11.169733679441961
46 13.565338308152178
46 12.348007426294620
46 7.700974584844537
46 13.688598062652115
46 19.948935093662755
46 14.283840505208888
46 18.394311786365343
46 8.384852596188132
46 10.409451502549441
46 17.525312733987555
46 20.396670739388693
46 10.794731123366379
46 16.253620252476100
46 10.009302581281483
46 15.380186011064890
46 10.571364273629843
46 15.695473626409353
46 12.387948197811838
46 10.271778048897218
46 17.325709696391197
46 13.219076272457885
46 8.979601465279924
46 11.395287505759304
46 15.505440455819567
46 10.783178079366175
46 6.751375424442945
46 22.099761965824825
46 22.720860909122297
46 15.311414930665375
46 7.886678115586824
46 10.313280032722943
46 13.892619155804820
46 17.304927495343080
46 11.616109168185549
46 12.821041207638618
46 19.619546594946403
46 19.039164189726620
46 16.889678200485790
46 9.353619742468293
46 7.337604963658429
46 18.270141541435414
46 7.751451741071332
46 9.940361739358114
46 18.238412942275950
46 11.307881023897416
46 11.894533302535699
46 18.889468969691137
46 13.077559084541750
46 18.886086445065267
46 14.357515911930731
46 23.248289654673105
46 16.448348243050479
46 21.120805887300463
46 15.618031068860681
46 10.239092875306596
46 10.148787632720103
46 8.518896674313943
46 15.971418756993730
46 16.165823484664905
46 7.946192011237604
46 14.244208061162936
46 13.135798450788432
46 10.901185734336496
46 19.207554898019197
46 10.273416519493058
46 15.539137439223673
46 14.487753738257094
46 11.444003981716971
46 9.959870361051728
46 9.235010226035627
46 9.873654497210937
46 16.885453206759866
46 10.651638810202870
46 15.772858795076994
46 11.830149119988381
46 19.062740717046701
46 13.620924249935477
46 10.943656819651764
46 15.563760398600806
46 17.041588444475273
46 10.800026850277206
46 13.634581034219064
46 7.620095285646990
46 11.998578034383158
46 14.480092176504755
46 12.128067201221203
46 20.490239725926024
46 18.215455976660643
46 10.594694535307561
46 14.551985193686681
46 16.770061268009329
46 16.613894213574444
46 12.915284561310138
46 9.780458400884470
46 13.653497348938242
46 18.813164470740102
46 12.393878651631237
46 9.274625362239188
46 18.974491298769667
46 11.304041177725788
46 17.091083758224762
46 9.561284366848485
46 10.510999343283370
46 12.816315843028422
46 15.875531302646628
46 10.949131705601541
46 13.758407139729041
46 16.140622994315610
46 20.008822811901311
46 18.269589457337148
46 15.338721550878148
46 25.097146396863920
46 15.122555196413757
46 20.337127634904579
46 11.131049292799856
46 11.409007272064805
46 9.852216726000202
46 11.074747319791026
46 13.126279628930838
46 13.196563463116330
46 12.902853564963774
46 17.957391812411508
46 11.592219939225462
46 14.089079248272119
46 15.797594728373515
46 11.287740525274463
46 9.733913533351661
46 10.352466660926057
46 21.342563417897310
46 23.470373325507403
46 16.496662301412137
46 17.838296121586716
46 11.456046821332034
46 14.818416412929047
46 11.074776657098958
46 8.584665928716014
46 27.924550876509073
46 22.888453456977281
46 17.527157168082972
46 23.500976425380138
46 11.002191870642012
46 21.707600169799179
46 18.760422299542682
46 10.320621471323246
46 13.244079569107411
46 17.219700704471652
46 21.437066609759313
46 10.138131360949027
46 9.574453927274998
46 16.940201116987382
46 25.992766750220767
46 7.802727353345135
46 20.422260637742557
46 13.653178892909942
46 10.208027054559219
46 21.130258138047822
46 16.096977775356862
46 16.882395071623758
46 10.331445066725705
46 7.904172558928775
46 9.221241943961147
46 14.133701072479692
46 9.274990253398617
46 10.434887270980257
46 14.095376623187082
46 13.040522189098651
46 20.187785264254462
46 15.554922883409759
46 7.024735621600366
46 19.779352947438007
46 22.078984472915899
46 15.467073613721789
46 12.844864658334529
46 23.424778314045213
46 10.230190197981218
46 12.893091176572860
46 17.323850763501042
46 14.511151011969805
46 27.294487613422099
46 26.679486640798181
46 13.948943054122855
46 10.597948787188688
46 24.826541475855830
46 11.377143562119189
46 11.677982953821179
46 15.381228525725252
46 17.973824982874127
46 13.714806792931512
46 21.572180154887608
46 18.021737393984921
46 21.482436193867656
46 15.531213576489108
46 11.984841324137378
46 8.461323506602429
46 8.419540487157729
46 10.356685989871115
46 20.925255914918754
46 23.280718427588482
46 10.915568797205255
46 15.007612616034121
46 10.449329405954733
46 8.302209337165619
46 9.085980892533453
46 14.481015980289950
46 12.544927544203535
46 13.744433821099062
46 8.672854948337894
46 11.383137036385385
46 7.618302774316590
46 14.361717365809751
46 12.038306858852867
46 25.809306149497310
46 20.200430271509052
46 12.647913190617238
46 24.363983149942534
46 10.236631744905139
46 9.748906904232435
46 13.613540172435817
46 22.085213926754037
46 19.948722349223999
46 13.410584941307228
46 20.826504169917296
46 12.204504436553046
46 21.266796840142582
46 16.457391591001681
46 20.805905637254579
46 19.762769132540143
46 22.856917137589338
46 11.338557448199065
46 10.125096984411593
46 12.142601907581106
46 12.617951295680641
46 16.493667482595683
46 14.833355731353052
46 21.292816086804866
46 10.937386492655410
46 11.550099235074885
46 9.618362991347876
46 18.458325819078695
46 10.414449149385707
46 14.193455344062915
46 19.556839019329793
46 7.955447243910120
46 11.425279319630995
46 8.952565730857401
46 12.942164161575519
46 8.814368144386910
46 23.116651674482476
46 18.445618076534785
46 6.962167749526918
46 6.563285249976415
46 21.161822865398822
46 10.370435236578270
46 19.154060684340180
46 21.014939327193488
46 12.728062679780479
46 7.949123004746705
46 16.881032301700408
46 8.953823999839166
46 17.878553941986556
46 10.163170094993410
46 9.727350256443792
46 17.586042726928820
46 14.878276938098239
46 27.537492252248637
46 8.024355253251841
46 19.145187611266905
46 21.122829526278196
46 12.389461158995687
46 10.000054369818267
46 11.396097731997809
46 9.025780233298111
46 24.722120287859255
46 16.564592531749025
46 18.091166824644091
46 15.557115152357708
46 23.064243924832301
46 17.943419403693071
46 21.717721145764152
46 18.237711241638710
46 22.453213024988667
46 15.156001183604690
46 11.683596221997393
46 16.232077379382488
46 19.329620334507648
46 18.707867972227682
46 19.639590103856030
46 11.874000156925094
46 15.171522048429907
46 10.578038955655245
46 21.339863789045530
46 18.816581631155938
46 12.211433166079523
46 14.692592681931611
46 12.178272954288602
46 16.064932453780653
46 17.440236598110957
46 20.929580956613592
46 20.140174224450455
46 15.381288745042941
46 17.062985159363631
46 13.289513917472467
46 24.819014211359729
46 12.358701785294020
46 22.292259233580218
46 21.200837951846747
46 11.986914195394299
46 6.855104838741660
46 16.895565122778756
46 8.390630623986798
46 24.615935855135685
46 9.483462933456282
46 10.493087631600368
46 18.586789113009324
46 20.631476184720498
46 10.452976952500107
46 12.089124867404976
46 9.712071296487418
46 8.371912525676580
46 9.186650345349072
46 15.116603577358461
46 9.578751015577645
46 9.668753078397458
46 25.568354289700579
46 22.942438370108512
46 20.568440855350548
46 9.729425641189394
46 15.932397633166516
46 13.639201931678837
46 13.852084786616427
46 17.702540733359726
46 13.066390294256360
46 10.664517120756457
46 11.859447185506546
46 19.179263640794808
46 12.505975092489450
46 15.962551192940786
