10 0.011363068040402
10 0.026416877797027
10 0.026162902122246
10 0.013729187677054
10 0.021399796103481
10 0.020958236068613
10 0.029210831870738
10 0.019261499291805
10 0.014456532723292
10 0.017465223195499
10 0.015232330557092
10 0.015406833454150
10 0.017665375860768
10 0.016746077404480
10 0.014631116003332
10 0.018812593232603
10 0.021235769647462
10 0.013077293508132
10 0.024656484952484
10 0.022698598420384
10 0.013109777344867
10 0.013201432042603
10 0.019740220486743
10 0.022630479449767
10 0.027412030867096
10 0.015906138404144
10 0.026670414845374
10 0.030273257829073
10 0.019751319940342
10 0.010805101158814
10 0.015691993448328
10 0.016116408895728
10 0.016457911959970
10 0.012405205168732
10 0.013254975257297
10 0.019877998935095
10 0.024772119463795
10 0.010564927894725
10 0.026437669545985
10 0.016562110809932
10 0.019446258510036
10 0.020900933732523
10 0.006603482838045
10 0.018601014432137
10 0.015785326606370
10 0.013710632750214
10 0.015389062219310
10 0.014032565335466
10 0.018011956726213
10 0.011901338752935
10 0.015727672332698
10 0.014392991755629
10 0.020729120325592
10 0.017429363669658
10 0.016220883714598
10 0.014444051606376
10 0.019772125460775
10 0.028060016225661
10 0.013859564542117
10 0.018493878110488
10 0.019394697669244
10 0.017579479293302
10 0.016979405953287
10 0.014056708560743
10 0.029328743130013
10 0.011802793983068
10 0.010660982732753
10 0.015243807446966
10 0.013480422837214
10 0.014552839884245
10 0.020506239256920
10 0.018443954222284
10 0.018576195429844
10 0.012157119484929
10 0.018166105281002
10 0.010508130134171
10 0.031980618484969
10 0.021087164847004
10 0.014425951253887
10 0.018481455520224
10 0.021435125321897
10 0.018534393224762
10 0.025304396282521
10 0.014624059558304
10 0.017746050931171
10 0.022182309984531
10 0.017865923948123
10 0.020283442411239
10 0.013436847131254
10 0.016050895632011
10 0.020756049557534
10 0.019600026800955
10 0.014431656985269
10 0.012716920595449
10 0.017967101124686
10 0.013555254137788
10 0.016069485361430
10 0.010868352533402
10 0.013676813670013
10 0.022437558762365
10 0.010024057120281
10 0.010174039049941
10 0.037716664761778
10 0.016590811270072
10 0.021223347332099
10 0.031254350013344
10 0.017779230563612
10 0.008841514755642
10 0.016739870545531
10 0.016437399985097
10 0.016786992904470
10 0.014679992894807
10 0.015049528558376
10 0.011401994553014
10 0.028517993000949
10 0.010000039427551
10 0.027664112975322
10 0.029356897952589
10 0.020644848158522
10 0.015014319919850
10 0.020307826044663
10 0.012752392921598
10 0.014547095383316
10 0.017140018078844
10 0.018339992740158
10 0.013014724773806
10 0.033503135729759
10 0.012749276400474
10 0.016166167835877
10 0.023217679009396
10 0.025413070021381
10 0.015449550730318
10 0.012826657879018
10 0.016888021800240
10 0.017401241160512
10 0.017930352240223
10 0.019387264566372
10 0.015383966920273
10 0.030663536326618
10 0.026411028014069
10 0.016474930064884
10 0.032843672250234
10 0.010089411516627
10 0.014391499042139
10 0.019293090802839
10 0.028693903749289
10 0.011579756693996
10 0.023296810336626
10 0.021804494689501
10 0.007054537659834
10 0.011643586972294
10 0.022091830289606
10 0.012134662122822
10 0.029336202499195
10 0.018595448780930
10 0.018445529175877
10 0.027977354050434
10 0.014615017522561
10 0.022762809913414
10 0.010245510882415
10 0.020308671777988
10 0.008311873523536
10 0.023317044404621
10 0.025842429669790
10 0.014578489782717
10 0.017381291603985
10 0.014655406664516
10 0.017425386198440
10 0.014362101240213
10 0.031574745337483
10 0.013844550900649
10 0.019508191421490
10 0.011281980779941
10 0.021538105542568
10 0.012911753225915
10 0.012259447747247
10 0.011381438980197
10 0.012185799432204
10 0.022204198709758
10 0.028355903206665
10 0.015884917758700
10 0.017408690472389
10 0.021805405171879
10 0.012875539933343
10 0.011091052973470
10 0.018467571062465
10 0.016508511522646
10 0.012109412268281
10 0.022186107614773
10 0.011801441388688
10 0.011053932179307
10 0.017491487482766
10 0.021357120939150
10 0.015770028256054
10 0.017068103267592
10 0.019592020664986
10 0.026286588311284
10 0.020799943969579
10 0.023694008230688
10 0.015947425451383
10 0.022872957594576
10 0.015747077249665
10 0.011582464226588
10 0.011649536510836
10 0.016469741960734
10 0.026559615666671
10 0.025879959040816
10 0.010990002825725
10 0.008005470700090
10 0.013422695887382
10 0.016804205794378
10 0.031586489033397
10 0.013439673852739
10 0.013095874202646
10 0.011359358251132
10 0.016450818805822
10 0.011992958246939
10 0.016070887767444
10 0.012329143620277
10 0.020650886108290
10 0.019266049670337
10 0.012380446564041
10 0.012788901758649
10 0.028819495797259
10 0.015780715535022
10 0.017023221073426
10 0.017938302617500
10 0.016296543070654
10 0.013540119865393
10 0.009788601983799
10 0.010851167822669
10 0.014710791483865
10 0.014598964618944
10 0.021129101337473
10 0.012526754048253
10 0.016347043563950
10 0.015741408895550
10 0.010467141800013
10 0.017152702922225
10 0.036797066301770
10 0.008934113248216
10 0.009577426622271
10 0.012532107420187
10 0.014021591139242
10 0.026595598509633
10 0.036296173378373
10 0.017429050640165
10 0.021911777066174
10 0.009637281242697
10 0.019833868513126
10 0.019706968925525
10 0.018953271416936
10 0.013575983297424
10 0.015650315664098
10 0.012187898880413
10 0.023463493297398
10 0.018414312118358
10 0.021679415214611
10 0.029041050185017
10 0.013505093336241
10 0.008711799487711
10 0.012923588224829
10 0.013491276109067
10 0.030669628438527
10 0.032392786262146
10 0.023721352128975
10 0.017653096552479
10 0.015424154062070
10 0.011705458466732
10 0.026388000890920
10 0.014110697305919
10 0.018321059834050
10 0.017804914807799
10 0.023890179865123
10 0.008696317127061
10 0.020146391519126
10 0.024792177180873
10 0.024266978448732
10 0.017659452672656
10 0.012717893983494
10 0.016123993519649
10 0.010159780216124
10 0.017497117612623
10 0.013374827554914
10 0.019128541413607
10 0.020364162949201
10 0.026709418829043
10 0.019110462656034
10 0.018280475259041
10 0.011831193837095
10 0.007760021896976
10 0.022617037581556
10 0.010954537167641
10 0.012474868841174
10 0.010068350017175
10 0.012719832793359
10 0.024120476574810
10 0.019208086049236
10 0.016398195002338
10 0.023668969012978
10 0.022639735225512
10 0.018197650813802
10 0.017015215975467
10 0.020214696514767
10 0.021444232137292
10 0.020517220098326
10 0.026000820953954
10 0.014451614205468
10 0.011218910997470
10 0.013250583641871
10 0.022206470637538
10 0.025611057111104
10 0.020797675836187
10 0.009489052103414
10 0.028438088906054
10 0.009982950778561
10 0.011667025168430
10 0.022044509262796
10 0.015538232005991
10 0.009172730095305
10 0.020456250312942
10 0.026350792425543
10 0.030666642192106
10 0.012062692556368
10 0.010011166881059
10 0.013381463855608
10 0.021610264534128
10 0.017793003983398
10 0.020542505138084
10 0.018681454216998
10 0.011102343825181
10 0.009812792498293
10 0.014671598590799
10 0.016714959371724
10 0.016103780631990
10 0.006954777547474
10 0.030860484053342
10 0.021142127031697
10 0.018060237892019
10 0.015724314732718
10 0.010830545195071
10 0.014492930364767
10 0.013995247678096
10 0.015126136991958
10 0.010461928319002
10 0.007435284109347
10 0.013092556458291
10 0.013780934642473
10 0.027768642425492
10 0.019569099946262
10 0.018906681208563
10 0.018370273806194
10 0.017043988331775
10 0.015473504350913
10 0.012810182207746
10 0.012573713165023
10 0.022376987955705
10 0.019791158436166
10 0.023495573349167
10 0.026208420313281
10 0.010201375498392
10 0.013771018589396
10 0.014796585722351
10 0.012679065375275
10 0.020164775836427
10 0.017790622839141
10 0.013205972899811
10 0.025081991509920
10 0.023195116090226
10 0.007909767539788
10 0.007760021896976
10 0.022617037581556
10 0.010954537167641
10 0.012474868841174
10 0.010068350017175
10 0.012719832793359
10 0.024120476574810
10 0.019208086049236
10 0.016398195002338
10 0.023668969012978
10 0.019117029604113
10 0.012886332024777
10 0.032980467111802
10 0.014372329462661
10 0.012535492317746
10 0.021161830763508
10 0.015827125134101
10 0.014957002574159
10 0.015485856330934
10 0.018491612564908
10 0.035967067293585
10 0.015028627573761
10 0.007268374372127
10 0.027032785690049
10 0.010476233841237
10 0.016222877867538
10 0.011179736361086
10 0.022600017159515
10 0.026812653809680
10 0.013835533133053
10 0.025088462379133
10 0.025584323155987
10 0.022904814191136
10 0.016528258333766
10 0.034000124589053
10 0.007424306819064
10 0.011518957885768
10 0.014142796941445
10 0.010069444847962
10 0.021637601547028
10 0.018075126946695
10 0.012168521041304
10 0.016272253365088
10 0.038518486015346
10 0.016674560332980
10 0.022194487019666
10 0.021426355116374
10 0.018736656823011
10 0.036245867207508
10 0.013428448474310
10 0.011680006793197
10 0.010708356689064
10 0.018919718278445
10 0.010653314175476
10 0.015747625330824
10 0.015684677149375
10 0.021955647749641
10 0.016919132438712
10 0.013789186086511
10 0.023090870613778
10 0.012345564982257
10 0.016349594185039
10 0.023991953854639
10 0.013201773582712
10 0.017508170632446
10 0.022361031975848
10 0.015154546527998
10 0.026778990201213
10 0.021678763240098
10 0.015752737720713
10 0.021983084487295
10 0.027398889600771
10 0.026302096600905
10 0.015969128517219
10 0.027656119641512
10 0.007870930811867
10 0.013177084974853
10 0.015766344288312
10 0.008550929792215
10 0.015026666056477
10 0.008204779690125
10 0.010200925313100
10 0.015234721701427
10 0.021390644258767
10 0.014198312142648
10 0.019306315008339
10 0.012473646795332
10 0.027534021362335
10 0.012231685116549
10 0.013974417604975
10 0.022864950218526
10 0.029336838866512
10 0.015911115847086
10 0.012986684516642
10 0.017655708755397
10 0.010880405832579
10 0.022355971528736
10 0.029003665205639
10 0.014567753346530
10 0.025231303128921
10 0.021659529761054
10 0.015659407036888
10 0.012098635112929
10 0.015907912673726
10 0.018558178073752
10 0.016653321559866
10 0.017341996443271
10 0.039601954909440
10 0.015861646565445
10 0.020658036816336
10 0.021980510385105
10 0.014020638164940
10 0.041039777278105
10 0.021584817753057
10 0.012018928643688
10 0.021130417285652
10 0.008218225583595
10 0.018402960641924
10 0.015529078732284
10 0.021407212004394
10 0.023992659575984
10 0.030261807210077
10 0.009136450737652
10 0.032942469995586
10 0.015069147809336
10 0.014818451937340
10 0.015379581137420
10 0.030237253801907
10 0.021788906000618
10 0.014496670962578
16 0.089635433981344
16 0.065891868723190
16 0.202554477061343
16 0.170513264089134
16 0.149059385213724
16 0.065181970498296
16 0.167165380978166
16 0.090768515424481
16 0.070968320302647
16 0.094554510999743
16 0.150018977305199
16 0.070204016930316
16 0.073359279848008
16 0.080831121554216
16 0.109022607077895
16 0.085320722289031
16 0.161866563743307
16 0.101660076693009
16 0.165586195528829
16 0.061794471166964
16 0.134798923567066
16 0.064035484819881
16 0.192055403147511
16 0.105307844296813
16 0.160164160008116
16 0.128637996992498
16 0.081860453648018
16 0.108342370971288
16 0.068913733073538
16 0.115469410719783
16 0.097001589419353
16 0.094273416107507
16 0.114782059789139
16 0.070975295611849
16 0.058169829067502
16 0.093274334599225
16 0.130651387266184
16 0.051491110487870
16 0.082087240221224
16 0.108515421903664
16 0.165100133619415
16 0.096721423654869
16 0.205059095690637
16 0.136084046685192
16 0.165090138302440
16 0.154977584903818
16 0.074025225356659
16 0.066470433068621
16 0.083203070531012
16 0.100021427962637
16 0.099586170472775
16 0.068106856330803
16 0.081644236764863
16 0.099947179938673
16 0.064630340781826
16 0.062652686469491
16 0.056866445256851
16 0.121564000867717
16 0.154665729124292
16 0.117338840692270
16 0.061002013409870
16 0.055369130095805
16 0.059316832764737
16 0.093292904865926
16 0.146072619122181
16 0.217418561319929
16 0.096062266593964
16 0.069811815547659
16 0.074551725218898
16 0.116682643412457
16 0.070287818914613
16 0.121611287456661
16 0.056176122726286
16 0.120978251035536
16 0.075065506649325
16 0.065053959483798
16 0.122144198387507
16 0.101487867317622
16 0.191643311273554
16 0.075818100845691
16 0.108302598382430
16 0.076144785224423
16 0.069971029396714
16 0.152787007810875
16 0.074251624315702
16 0.142825130239096
16 0.130855334890210
16 0.103841398775219
16 0.088029981821846
16 0.138363569466143
16 0.124790158279868
16 0.071846781639994
16 0.058571148763704
16 0.073924633091542
16 0.059262248493762
16 0.096744772986644
16 0.121681432009814
16 0.151105818274322
16 0.114782291659171
16 0.114345276647056
16 0.131939944841641
16 0.112076288248736
16 0.065819364041673
16 0.071854818697663
16 0.063453657988149
16 0.100031426408055
16 0.070732472402266
16 0.130733706661481
16 0.121013040068272
16 0.088179641057243
16 0.083590601098053
16 0.125723906753365
16 0.059625490035279
16 0.164959637590402
16 0.093734170947752
16 0.075224508238240
16 0.096036680121023
16 0.110591813192254
16 0.099762930740958
16 0.080315990598146
16 0.052239672331456
16 0.086469164914319
16 0.147498189028615
16 0.114831989610355
16 0.109443196316198
16 0.075250696371101
16 0.057028161595091
16 0.145021502742278
16 0.078847883784580
16 0.121815090716179
16 0.054403705352927
16 0.055737924641339
16 0.251754929318764
16 0.166229298100824
16 0.084247153991155
16 0.103113804832022
16 0.129791158420801
16 0.081704324617879
16 0.158983444031089
16 0.119024030507055
16 0.062598414640046
16 0.098314888521670
16 0.130275572284000
16 0.142933666686805
16 0.071619874518864
16 0.135052323139171
16 0.126455314494965
16 0.107503916476239
16 0.145175945233082
16 0.117164339839267
16 0.133600487665937
16 0.091596338382283
16 0.083620358282779
16 0.097284772900389
16 0.089658455831119
16 0.097258216571697
16 0.116490328087252
16 0.111422099182241
16 0.094617500265463
16 0.138319606434299
16 0.085805764801678
16 0.148484590362482
16 0.106970355568558
16 0.087900006814587
16 0.091086762414712
16 0.088263819486361
16 0.108955368373945
16 0.228792446988431
16 0.088782064716942
16 0.107388289637862
16 0.092279676870617
16 0.113212407452763
16 0.080799315533289
16 0.080459218817566
16 0.063248696963021
16 0.145189234384080
16 0.036294414048442
16 0.114211175656083
16 0.165469404853848
16 0.077742699666330
16 0.161941293719588
16 0.082455488371379
16 0.092911761755617
16 0.063932927960299
16 0.099138560591579
16 0.069499436187637
16 0.127821889248159
16 0.095510162938322
16 0.165085255838149
16 0.072063590595993
16 0.076334072635183
16 0.073219405359267
16 0.096601218615640
16 0.125251351107580
16 0.077937420774721
16 0.175274041113422
16 0.084271000157834
16 0.099498019743576
16 0.083874376574649
16 0.086406922704381
16 0.076194942603750
16 0.124401926887134
16 0.115303011286245
16 0.072120414929943
16 0.139731402742377
16 0.101798155091252
16 0.067408595340618
16 0.069534601344559
16 0.108663562612536
16 0.101140654038212
16 0.083610009440497
16 0.075224053696640
16 0.089635856561504
16 0.128722570154288
16 0.085592651923133
16 0.089379924278498
16 0.070696050353701
16 0.094745162353896
16 0.088760818225730
16 0.141750145429624
16 0.098401172097488
16 0.065354366507305
16 0.061174380301434
16 0.167481031914469
16 0.135765629757393
16 0.113214448452213
16 0.074769439181622
16 0.080544435152930
16 0.059892066126778
16 0.076449451659160
16 0.048760957543205
16 0.066500057651924
16 0.080024050985020
16 0.089097030536528
16 0.090732161858399
16 0.063720913506614
16 0.044873508218855
16 0.052793788457850
16 0.081495934802312
16 0.084766468277828
16 0.126148982728829
16 0.121783874269680
16 0.118026727271669
16 0.109273363795557
16 0.048332622560841
16 0.080035975294481
16 0.070507424707478
16 0.084181090551357
16 0.127471927698110
16 0.063845048183829
16 0.066160086067243
16 0.086056606570696
16 0.130944119695668
16 0.100027821319740
16 0.140600587181521
16 0.070193412325695
16 0.104522591837283
16 0.159904080601423
16 0.080240112458551
16 0.089958481156177
16 0.048605181172817
16 0.100165353899721
16 0.072823266233484
16 0.120611300077745
16 0.106671232270460
16 0.167695647877862
16 0.103379978192665
16 0.110158669934012
16 0.167581408156149
16 0.080717298844510
16 0.134743117715544
16 0.085348940542451
16 0.127102821443183
16 0.117458309323374
16 0.186363530377755
16 0.077978240070910
16 0.106033307481611
16 0.092491644057813
16 0.149445586189466
16 0.120299758097407
16 0.093717857684733
16 0.117309271064264
16 0.115540698491543
16 0.122892423480808
16 0.098428051732067
16 0.129443960541865
16 0.126100651139236
16 0.127631478428076
16 0.098458673188099
16 0.106599273727610
16 0.053836372335790
16 0.090320458113384
16 0.154780823661796
16 0.108245360071488
16 0.095603633369214
16 0.086822830352300
16 0.096622552547587
16 0.087889943270173
16 0.062331530847656
16 0.090251891128983
16 0.096576093007354
16 0.112687488860111
16 0.068985638713588
16 0.075182987778575
16 0.126149586579182
16 0.097977824141970
16 0.162914237442522
16 0.134648676839625
16 0.058604810883921
16 0.169597029113957
16 0.065716071776541
16 0.123660986232292
16 0.131080180889752
16 0.065288822759029
16 0.077332552563346
16 0.103014386993823
16 0.093850159381401
16 0.158300350886946
16 0.135476412409807
16 0.166690614283523
16 0.088096918098666
16 0.085367533889294
16 0.200091741651230
16 0.066083214313421
16 0.094539375060769
16 0.068925625114042
16 0.162392143478703
16 0.095003336153485
16 0.133753516004786
16 0.114490236280661
16 0.106820303699893
16 0.114755103261087
16 0.115787497119222
16 0.085509266508351
16 0.116995869089522
16 0.072584561022954
16 0.071116512815665
16 0.082296006653604
16 0.192585981278838
16 0.108901619953690
16 0.094113036050132
16 0.083043436831397
16 0.126314637163356
16 0.070316318181428
16 0.127072165096486
16 0.088463951637108
16 0.083428771931746
16 0.139584946700007
16 0.086789914176835
16 0.094972217609260
16 0.061604166459622
16 0.065541640797624
16 0.147916004650616
16 0.105663600836148
16 0.137287485644199
16 0.050691792307369
16 0.097598036693998
16 0.116966770105706
16 0.133377771816661
16 0.095101709913241
16 0.103676584256860
16 0.119768057074763
16 0.071488876860566
16 0.123039125500619
16 0.085657277153050
16 0.118265686407517
16 0.136504041709439
16 0.201061940206238
16 0.047971038988424
16 0.087520061052483
16 0.077068073487683
16 0.118291393957548
16 0.087021629932351
16 0.088898893607857
16 0.138697024833366
16 0.085264267992688
16 0.094078503636283
16 0.073111973279274
16 0.110964208811052
16 0.146201931414473
16 0.070438607677563
16 0.119350605244421
16 0.124959528994960
16 0.076854902076173
16 0.079815180095380
16 0.091157629398608
16 0.092203584472470
16 0.163758729673579
16 0.094161198054050
16 0.053801675104258
16 0.110253845402715
16 0.081195302299587
16 0.105467677089855
16 0.165644295557574
16 0.190410112049777
16 0.141345126536205
16 0.076350009259543
16 0.071334426107941
16 0.109583524984552
16 0.071227156109284
16 0.036543328539163
16 0.089447924242131
16 0.097731977800105
16 0.066292328341006
16 0.112545700422757
16 0.088280225026371
16 0.151856004483752
16 0.069269470656442
16 0.142340587836524
16 0.197715923419172
16 0.123053041647842
16 0.054509557898847
16 0.101210429013229
16 0.187887422197607
16 0.222633045480067
16 0.112151814216441
16 0.072457473161003
16 0.101030029732623
16 0.124442534318636
16 0.083158563565026
16 0.120836143997768
16 0.068494489912931
16 0.171455604598288
16 0.145309271713536
16 0.111959667992982
16 0.172965226204069
16 0.074636131754259
16 0.093578890083597
16 0.064186514048087
16 0.145606318778120
16 0.086552960957396
16 0.057729486979740
16 0.107221963023399
16 0.123570013379224
16 0.114064510093378
16 0.149265420649395
16 0.096669919616679
16 0.094466395755034
16 0.113334221618772
16 0.075815386716450
16 0.163389491088434
16 0.165525500886627
16 0.165191263306123
16 0.094273097295894
16 0.117540515579657
16 0.088012712003917
16 0.062022426518580
16 0.101125388752176
16 0.157307115418407
16 0.129164400666339
16 0.217152750520744
16 0.060905183129442
16 0.104355879795921
16 0.099257478261640
16 0.097694918613159
16 0.081093088263630
16 0.079284928991501
16 0.132398964934447
16 0.129857195125205
16 0.094148402060126
16 0.058395347307869
16 0.115902867992807
16 0.091577200050367
16 0.082275093236436
16 0.090316183641158
16 0.096550218223319
16 0.110592527627673
16 0.069945671719943
16 0.079502702003615
16 0.159306634694263
16 0.059204321296428
16 0.109510848723083
16 0.076942481709902
16 0.102241882812882
16 0.090857549210244
16 0.182711218086897
16 0.097673950726539
16 0.075436385488654
16 0.109765860058543
16 0.163114957933067
16 0.053836372335790
16 0.090320458113384
16 0.154780823661796
16 0.108245360071488
16 0.095603633369214
16 0.086822830352300
16 0.096622552547587
16 0.087889943270173
16 0.062331530847656
16 0.090251891128983
16 0.109621992484450
16 0.071625922408714
16 0.049706471164737
16 0.204769702646603
16 0.078959305894837
16 0.128450743878965
16 0.093552257066960
16 0.121725561460168
16 0.076956776175251
16 0.060248609190538
22 0.186184107421909
22 0.421974639074338
22 0.200876385399040
22 0.310250151249494
22 0.314749469402522
22 0.248989753127599
22 0.267356799105371
22 0.180394964917573
22 0.317538904254309
22 0.822310872236551
22 0.129228112719210
22 0.325894140043712
22 0.382485476559646
22 0.250876398368558
22 0.188478104345146
22 0.222560787228371
22 0.350522062066457
22 0.256435515267504
22 0.196192383541966
22 0.383264225266836
22 0.331947406392514
22 0.227466535882666
22 0.284476987740914
22 0.262734481641977
22 0.208022408434909
22 0.278447852270656
22 0.534229105201044
22 0.376080775207425
22 0.247317921407517
22 0.255443948304539
22 0.340499652627872
22 0.373881532361106
22 0.428298289292194
22 0.161153376767010
22 0.534420085409493
22 0.254710386775572
22 0.465265325381587
22 0.279901372677408
22 0.320882294571902
22 0.279215895932632
22 0.319544794182717
22 0.555826070039830
22 0.479914274539728
22 0.536306979152960
22 0.294749177840185
22 0.388755900991780
22 0.505847134740233
22 0.319638634932140
22 0.323698844014281
22 0.436200248439211
22 0.231734220053944
22 0.243435324830335
22 0.325684781734515
22 0.247654381696002
22 0.391629492089831
22 0.523141515932014
22 0.229507499600970
22 0.357556418734345
22 0.429227003609577
22 0.252769235798845
22 0.222902456612458
22 0.200955148773055
22 0.265525875314456
22 0.210461901985067
22 0.291848733485370
22 0.556220072901404
22 0.309384409917667
22 0.370406157679921
22 0.485175424766862
22 0.316461085358448
22 0.265290883615500
22 0.217355055652618
22 0.249569826634624
22 0.240798063188989
22 0.460397927814984
22 0.329348875817375
22 0.279119684118640
22 0.326438272206362
22 0.168012612697661
22 0.274583414201007
22 0.366490409296010
22 0.438925769907644
22 0.278204731944460
22 0.253158278948285
22 0.302596054467298
22 0.401535217220996
22 0.177538786931827
22 0.583704838097597
22 0.376563149406878
22 0.343867135268602
22 0.238267950249771
22 0.430055324452007
22 0.188447923164908
22 0.305515807761388
22 0.244477230313703
22 0.204106480112943
22 0.278626283847005
22 0.609057434674423
22 0.197559718242752
22 0.256397053378083
22 0.316811947858210
22 0.346843158102534
22 0.387717049082350
22 0.200584067404144
22 0.391575560111359
22 0.279356264306926
22 0.235801680081139
22 0.385979791205217
22 0.215136485995274
22 0.418023122766992
22 0.387670731926561
22 0.276001730741267
22 0.489542429277673
22 0.375834127581622
22 0.213177994241357
22 0.284278340860351
22 0.273977677341065
22 0.675910567041853
22 0.341679867050763
22 0.197828904839452
22 0.326364007356842
22 0.311661872158145
22 0.372648472375092
22 0.248386246757168
22 0.197899662139960
22 0.222714368657399
22 0.276154612136746
22 0.233025223145086
22 0.566430762095453
22 0.384133312513409
22 0.308411272807148
22 0.324959144376146
22 0.247723226376206
22 0.432464084215502
22 0.396968975191460
22 0.254545439641457
22 0.372952191019837
22 0.441816985611931
22 0.191364315717748
22 0.315489557226565
22 0.325420692670958
22 0.341278743070028
22 0.257336141413003
22 0.221373953033333
22 0.179119896002772
22 0.421947882485989
22 0.248616332973774
22 0.216480454504151
22 0.287364092077900
22 0.209923181517699
22 0.349156029194442
22 0.273657549901595
22 0.384844314265445
22 0.236519160239116
22 0.332409053513528
22 0.493441408856742
22 0.444483962869842
22 0.257854588601804
22 0.276521534760831
22 0.159262796670419
22 0.261930113769048
22 0.247973203522224
22 0.293219159284151
22 0.151878293718787
22 0.184852921633548
22 0.164000239807071
22 0.192586124321522
22 0.187065459150037
22 0.185207407350634
22 0.316903364870426
22 0.321994371926120
22 0.248409681051588
22 0.227268189122161
22 0.323064288842729
22 0.366523415018511
22 0.386883516725209
22 0.520465734850176
22 0.278760424768698
22 0.433031868163202
22 0.472652865015638
22 0.434221422437982
22 0.388905983382725
22 0.235012555449591
22 0.268557122947584
22 0.253225898973910
22 0.323128170420275
22 0.412398941795308
22 0.427169229698481
22 0.243986624824464
22 0.513329776229433
22 0.423750001743744
22 0.289220216036786
22 0.226664845129463
22 0.198990641277859
22 0.372900565552246
22 0.169093673556919
22 0.360379211626872
22 0.526080826093573
22 0.247493019853858
22 0.195725255254261
22 0.398792896238620
22 0.396491538693774
22 0.454041144593492
22 0.201391770584514
22 0.400327847767002
22 0.408691836192116
22 0.367705530132781
22 0.451189978360781
22 0.247298125783640
22 0.268158682264540
22 0.401989156256851
22 0.432698022882694
22 0.529963468748877
22 0.245178235809684
22 0.341710962584594
22 0.239748801541664
22 0.228910936820602
22 0.169454690211465
22 0.266077035418981
22 0.177711623869264
22 0.217748344593226
22 0.190033063028149
22 0.220632117739271
22 0.329094668175989
22 0.467017761131356
22 0.265626573832430
22 0.332808412687962
22 0.261328183898419
22 0.275871362988514
22 0.303291296905563
22 0.239071944314254
22 0.284849716919667
22 0.227246866602012
22 0.345393183932129
22 0.222748674445289
22 0.255370310570425
22 0.254705723928138
22 0.296236148678145
22 0.416711019501218
22 0.185746995911725
22 0.318177709652938
22 0.255096119527705
22 0.232983961552039
22 0.521934857270311
22 0.265251015029699
22 0.350085725328754
22 0.197752470777294
22 0.223355474215658
22 0.406290917903446
22 0.281207173102940
22 0.235561883270204
22 0.185426395787836
22 0.246927973504444
22 0.339877820708612
22 0.179750554411023
22 0.284433031391066
22 0.439069370102371
22 0.265718515303581
22 0.249096631689059
22 0.474536440032934
22 0.140818068921539
22 0.601508362223677
22 0.238666729563441
22 0.292904143487958
22 0.423584827131837
22 0.267527121146656
22 0.571588888641238
22 0.226500940335001
22 0.210691434224163
22 0.205526065698698
22 0.403901326321577
22 0.184834655473666
22 0.378465822350369
22 0.414269662882620
22 0.281213098619955
22 0.397964261731933
22 0.282399482826103
22 0.584020149520193
22 0.165609772729114
22 0.210086058470810
22 0.480819097046728
22 0.416207169926810
22 0.313576126894136
22 0.275738633723455
22 0.376587294945791
22 0.337932711767246
22 0.306060251576398
22 0.233075450115091
22 0.308285534185929
22 0.402079613393840
22 0.430416322529251
22 0.300218314517432
22 0.293274102608026
22 0.228416751273861
22 0.295272230435092
22 0.457669223222247
22 0.566140944402825
22 0.276145349910141
22 0.129371084520425
22 0.285630889213343
22 0.487169571899178
22 0.350563858329877
22 0.287984173519706
22 0.227127648572222
22 0.265529192943469
22 0.277169218431895
22 0.319135836757274
22 0.379368651859890
22 0.264916029739100
22 0.238172499366137
22 0.289103031857115
22 0.196080581201829
22 0.481103010593285
22 0.560291524736424
22 0.195985259003225
22 0.192046993100251
22 0.373353024039899
22 0.237515220084799
22 0.270096620602536
22 0.205098326868740
22 0.182985203030999
22 0.196719710154491
22 0.200371817150630
22 0.190178190209313
22 0.511395846501035
22 0.337962416647876
22 0.166578053817656
22 0.353246414717405
22 0.212890635148829
22 0.290652997706542
22 0.376066886468709
22 0.198264005389413
22 0.558293459810137
22 0.402311605732936
22 0.333255241865844
22 0.163516738152500
22 0.284328216456392
22 0.454396651295488
22 0.317662803869817
22 0.282384966788306
22 0.276016042974826
22 0.291539273650459
22 0.361921999443879
22 0.283376338143660
22 0.194086180693287
22 0.357726844144295
22 0.194359919204136
22 0.441511485489372
22 0.262993944721076
22 0.341725585264169
22 0.194725552543242
22 0.284161825701335
22 0.194914819887856
22 0.180389692799484
22 0.226381052491563
22 0.275302184343380
22 0.585038848036092
22 0.178035111937178
22 0.258648721215055
22 0.280171205386586
22 0.250957639333713
22 0.348356324352985
22 0.441796934663775
22 0.381225367033592
22 0.414480087843298
22 0.405653010650548
22 0.444573190067692
22 0.305427137204612
22 0.247108353417768
22 0.270144468272253
22 0.168059091371413
22 0.254909860232496
22 0.267372009875523
22 0.305998821139750
22 0.192084486360330
22 0.148602271472606
22 0.161702111358749
22 0.302332302631517
22 0.272029466078344
22 0.323721951315878
22 0.180397766212395
22 0.150949641751070
22 0.390303453792247
22 0.392636422616314
22 0.263252924856364
22 0.256067133535892
22 0.220798568342498
22 0.303740221018516
22 0.546008083491102
22 0.226167974081975
22 0.339012168229978
22 0.191176457196649
22 0.342752347345962
22 0.454942795081527
22 0.211950332823842
22 0.289619613433932
22 0.535977561056677
22 0.358200659367271
22 0.188546475964752
22 0.287763349323775
22 0.318773538333405
22 0.251804590227457
22 0.723138340020073
22 0.212701396243392
22 0.467690098601303
22 0.212785267277159
22 0.335479833403624
22 0.360419927020437
22 0.702767557107373
22 0.251505234204602
22 0.421402330064541
22 0.418747435791685
22 0.246654729022076
22 0.545719225077372
22 0.308084091491743
22 0.378644858441135
22 0.349922067811934
22 0.283931488635232
22 0.354998580833246
22 0.426529462281765
22 0.652949221455523
22 0.524493473618902
22 0.235822614773011
22 0.219972114684282
22 0.387903317536454
22 0.264478044104518
22 0.216191555530047
22 0.354979112627356
22 0.199645027211619
22 0.263289045259009
22 0.199866091035178
22 0.244723823233866
22 0.162013805892941
22 0.338669563224047
22 0.494773307257437
22 0.273183785789458
22 0.376723883257828
22 0.248470508073947
22 0.490637312110884
22 0.196976857414922
22 0.219255780967648
22 0.316588481429842
22 0.252960494753781
22 0.375701000896013
22 0.546419715401197
22 0.232698067750513
22 0.163670773484595
22 0.297670911197526
22 0.270779074099002
22 0.347761028518014
22 0.293853251204851
22 0.196006086277997
22 0.513472452281726
22 0.172242990117301
22 0.215363740869827
22 0.361833050513678
22 0.162529956057671
22 0.412646830887758
22 0.242657631970260
22 0.191589344544384
22 0.217486247451799
22 0.451555895919082
22 0.427875746474111
22 0.199141695507665
22 0.251642483365177
22 0.322159889257313
22 0.188439504751094
22 0.258438702256294
22 0.216064451316575
22 0.283082748560184
22 0.236635526036995
22 0.498460602342450
22 0.322415962047734
22 0.229255039126888
22 0.309654839283091
22 0.326044160949908
22 0.402348272405521
22 0.400382732734249
22 0.291487606376671
22 0.392739781508275
22 0.411898295311450
22 0.393296679369696
22 0.504295409838874
22 0.322365998377908
22 0.285330725081205
22 0.219432334393456
22 0.278732036673158
22 0.144866494167921
22 0.399034006264415
22 0.302297646923143
22 0.227736547697955
22 0.271876798657204
22 0.317863307305748
22 0.473264547483608
22 0.431527102647681
22 0.243170635590762
22 0.267919005021749
22 0.191837657446292
22 0.436465801668052
22 0.283345070206604
28 0.848481224183535
28 0.750530327182748
28 0.434690887206406
28 1.401794518502693
28 0.706405942112130
28 0.743376189112013
28 0.557553146535581
28 0.553519847967966
28 0.762020613195906
28 0.513891596532770
28 0.831968794190886
28 0.492311230414406
28 0.565809098954784
28 0.785552799682208
28 0.790411326475734
28 0.720205422009147
28 0.526041882587960
28 1.255435138347663
28 0.368438026828816
28 0.512992768768175
28 0.397895010189577
28 0.596261029988945
28 0.921636117505651
28 0.624889357785809
28 0.786121224346859
28 1.125388950230278
28 0.522452329127108
28 0.799388732511850
28 0.414562324711479
28 1.113578761349155
28 0.746148084679960
28 0.881155804052818
28 0.704058929228981
28 0.741274057559295
28 0.907823137614274
28 0.645147286141895
28 1.025567423046065
28 0.615030708146614
28 0.524482544048685
28 0.743982979217242
28 0.429029249646759
28 0.872597456426663
28 0.863080770025791
28 0.651996704777249
28 0.411806298532206
28 0.659570725524975
28 0.841394405990383
28 0.425890974384916
28 0.556057929690674
28 0.498784419104508
28 0.971021983354996
28 0.710164181141230
28 0.430224066313392
28 1.175041894814952
28 0.451781210351681
28 1.003461887909263
28 0.580142529130324
28 0.993512271047134
28 0.513302060208746
28 0.936116210577840
28 0.673866141796683
28 0.787620859446865
28 0.860009481695959
28 0.603446423096645
28 1.237654706758073
28 0.967652857600005
28 0.918065690690375
28 0.615704902544574
28 0.360080208096518
28 0.899363639995116
28 0.938266788696516
28 0.434727987739257
28 0.952971757694050
28 0.532193373979154
28 0.334167522359496
28 0.774221775460927
28 0.322625377473448
28 0.554463674609133
28 0.432566508175911
28 0.745125188115939
28 0.555961813302155
28 0.624411991687203
28 0.603970813754446
28 0.574219150610584
28 0.617028628740518
28 0.992376676880721
28 0.445097993847281
28 0.657640020142083
28 0.603374425334510
28 0.456086792385916
28 0.539931179009699
28 0.639082123589907
28 0.739577472200780
28 0.487390597340918
28 0.638515984489975
28 0.637354640404622
28 0.616951460833292
28 0.591141459815407
28 1.310512575876285
28 0.339711446898201
28 0.602210802143609
28 0.871760670969998
28 0.714164085386638
28 0.467269899003401
28 1.006325126500530
28 0.913085630515460
28 0.678613181772464
28 0.881587265133434
28 0.586397401023105
28 0.754855042844384
28 0.750181030316771
28 0.378403020942699
28 0.698562560037807
28 0.676731526753873
28 0.851778143622922
28 0.679613098647496
28 0.727344715633937
28 0.521163547645475
28 0.585670232837714
28 0.483818460594466
28 0.404236544737687
28 0.555945513951687
28 1.082529506338658
28 0.407124104707007
28 0.549052312023143
28 1.529610506910813
28 0.948756055615172
28 0.979941409177129
28 0.812400466683557
28 0.573719454235022
28 0.844555508494261
28 0.587888826572274
28 0.302022303845852
28 0.421597834598295
28 0.637280268262863
28 0.586253474794988
28 0.595909981586895
28 0.539544928431853
28 0.446413159962050
28 0.386460559101094
28 0.482183933421867
28 0.460169259337510
28 0.740951046187894
28 0.930047145751176
28 0.479757117349924
28 0.567254235994807
28 0.803286930963125
28 0.834879906453040
28 0.479956931907377
28 0.626572224819555
28 0.459293171512786
28 1.051149414307136
28 0.845352854886127
28 0.371036371664289
28 0.633706775853742
28 0.719913625182953
28 0.939315200194077
28 1.751603835542315
28 0.488158968104353
28 0.546285147706179
28 0.490433185441153
28 0.813609395240328
28 0.524999426396307
28 0.719496857465053
28 0.403421553244056
28 0.403352612202553
28 0.443343019523993
28 0.806133344908019
28 0.908775881613631
28 0.679116232148730
28 0.318096576964377
28 0.590843725022663
28 0.775457593314182
28 0.598858196513046
28 0.621785862266512
28 0.645302751092381
28 0.928189571629140
28 0.519544115337260
28 0.712954072289214
28 0.663178597516983
28 0.670799117489546
28 0.815819894292928
28 0.409292284293681
28 0.782487419078823
28 0.489675415425354
28 0.722584591384376
28 0.828174081338935
28 0.754153207818298
28 0.864918624957702
28 1.452851333334062
28 0.695901656512254
28 0.592390948979772
28 0.474211037086943
28 0.434742185542794
28 0.651777101968288
28 0.784345810952371
28 0.448508140274050
28 1.217776669001981
28 0.501511385177842
28 0.613786471173453
28 0.648833815465266
28 0.567755654192319
28 0.503800520777207
28 0.691892546712634
28 0.407992738135150
28 0.943738561819450
28 0.894351546708075
28 0.919262098850137
28 0.568204863226520
28 1.208402934524615
28 0.971597605602124
28 0.568509155749959
28 0.514164393768652
28 0.943713774372460
28 0.472553170002831
28 0.543867394494648
28 1.174329270801624
28 0.604473299450547
28 0.526855962185085
28 0.342877757481459
28 1.012582755105010
28 0.743003478419794
28 0.773723752483031
28 0.664639862046038
28 0.580700640427024
28 0.523431660672970
28 0.619354792295336
28 0.582669781900014
28 0.633755651347192
28 0.714589982258375
28 0.334863060286319
28 0.571836610970371
28 0.813168350935404
28 0.336763963982414
28 0.487431657683748
28 1.274122490025304
28 0.742378881609167
28 0.906259526592566
28 0.482164841112106
28 1.059436697471720
28 0.943083841097224
28 0.526223272636038
28 0.415295856426114
28 0.701684000491964
28 0.549803976744589
28 0.521374684981924
28 0.875201565040734
28 0.652781077523327
28 0.499820849465524
28 0.824340901460203
28 0.826586885139459
28 0.736882892188143
28 1.099663981040062
28 0.658674373873817
28 0.813151039664114
28 0.606970526878541
28 0.578704449928795
28 0.755142660901382
28 0.767774411113132
28 0.885949362434787
28 0.859000608566931
28 1.018612609118483
28 0.773621151269478
28 0.976827979290353
28 0.620057489142577
28 0.515751639663330
28 0.558943798907105
28 0.815689814296800
28 0.469773190789366
28 0.625624794832431
28 0.711724497322765
28 0.788771679130770
28 0.705932360272636
28 0.883642174967308
28 0.793394263544130
28 0.448896859364105
28 0.596106995051719
28 0.543847641710871
28 0.721485966968090
28 0.581438731671389
28 0.470113462583140
28 0.501085040636530
28 0.658698678370464
28 1.195547387861007
28 0.818622191175423
28 1.006187475210251
28 0.453593296072690
28 0.635109112552799
28 0.310860647711725
28 0.623195503644909
28 0.835515646136823
28 1.300982366191733
28 0.347201041004623
28 0.559852238966068
28 0.747507913290934
28 0.720354027263420
28 0.418849011476472
28 0.549034571037509
28 0.502672216615000
28 0.411319651834736
28 1.773965101493298
28 0.853159267117110
28 0.538636241997863
28 1.034381652126201
28 0.458112775112762
28 0.663096971481930
28 0.427669284427840
28 0.787249157182122
28 0.698166430757989
28 0.665085332456952
28 0.593225629291367
28 0.379583525542667
28 0.532659380605839
28 0.983344062186738
28 0.836577502064835
28 0.913973878802685
28 0.510046092118005
28 0.421690378507466
28 0.378084452767727
28 1.194778640556035
28 0.665699887144606
28 0.849311276983954
28 0.818421194170887
28 0.658995522073956
28 0.615498422539930
28 0.567093815909979
28 0.506473912442742
28 0.590094334680401
28 0.403614482791539
28 0.477182517558502
28 0.738542743752434
28 0.930989403903023
28 0.585915138670039
28 0.861567159078039
28 0.480890325837435
28 0.698789281368596
28 0.518115789564003
28 0.484218108466078
28 0.641218699577395
28 0.775360276888814
28 0.844762070137487
28 0.683994650800308
28 0.553117562968510
28 0.806544456368680
28 0.650323521090822
28 0.841456065529664
28 1.063333811348585
28 0.644715113365639
28 0.649130834889578
28 0.723420261219577
28 0.439613891532088
28 0.373547868136391
28 0.876301671305764
28 1.459105797456985
28 0.475367425305342
28 0.544013303003883
28 0.591088122483463
28 0.849576079499085
28 0.768666558245502
28 0.583647694417918
28 0.541445911461758
28 0.557993171127220
28 0.615903258129723
28 0.726035963069905
28 0.469214312337765
28 1.024524255112452
28 0.616360945844504
28 0.916360436551506
28 0.915262278866480
28 1.010400169548590
28 1.383372245436933
28 1.006262316761341
28 0.633733271308302
28 0.744639187841689
28 0.873778610249018
28 0.315907250956873
28 0.510330900305811
28 0.337418401558382
28 0.601265904588607
28 1.192688691298706
28 0.783030784674314
28 0.670796188843900
28 0.842561624962270
28 0.818327138455786
28 1.069782755635668
28 1.337101324375263
28 0.634616477562980
28 0.759149011240209
28 0.547036280475002
28 0.450578453716084
28 1.124057077397984
28 0.953744275673654
28 0.349322878583582
28 0.409984271773275
28 0.613774763323541
28 1.036079139846943
28 0.512376820146022
28 1.011785449719012
28 1.483606808589186
28 0.447838417337025
28 0.637738387310081
28 0.816927457728370
28 0.378839801907657
28 0.429932166298002
28 0.679486933570815
28 0.817783939183118
28 0.619264062310183
28 0.626086773326670
28 1.345108934491464
28 0.506135735405035
28 0.664921967421538
28 0.971601451414198
28 0.584675883570114
28 0.691405379054205
28 0.641418957367873
28 0.463383928210788
28 0.717438767621618
28 0.680124459630186
28 0.747425113549344
28 0.963553187591348
28 0.567633471826379
28 0.884937070388764
28 0.871349776008636
28 0.219878195556993
28 0.703901501190322
28 0.469483732794552
28 0.347355725716958
28 0.794614382047842
28 0.791753957578051
28 0.443597209575469
28 0.623600788269480
28 0.514674984771495
28 1.155862862755507
28 0.403197637270979
28 0.377158380062250
28 0.886700014571063
28 1.060037013683129
28 0.712611603425917
28 0.716255922922233
28 0.662199535881134
28 0.382309137429917
28 0.603306503332850
28 0.346667156493007
28 0.676739037019666
28 1.035635095462679
28 0.625745324403000
28 0.628290225625483
28 0.674435260840725
28 0.580829690728655
28 0.523045721280243
28 0.619415264102451
28 0.500152218221884
28 0.534816962842831
28 0.516899707126369
28 0.365099814990313
28 0.764119355495755
28 0.522766744034070
28 0.566603237791818
28 0.584257888945478
28 0.290134080984702
28 0.609971500779185
28 0.719473492854500
28 0.807301795348734
28 1.083430083403525
28 0.881695933954650
28 0.651252003731411
28 0.571297827381334
28 0.535574342410940
28 0.989826523372621
28 1.172765026318114
28 0.784210774424452
28 0.806473604677790
28 0.581848460771176
28 0.730256253745028
28 0.515649937212647
28 0.615641667159281
28 0.494734652175996
28 0.601711648694697
28 1.056371141439628
28 0.607570059198315
28 1.332730534355277
28 0.580268512537046
28 0.781866980680193
28 0.658688742645919
28 0.538593032977996
28 1.043065164093469
28 0.819674495680440
28 0.645149336391013
28 0.456222303967424
28 0.916491948165867
28 0.517891473778190
28 0.828471801354143
28 0.917759550794549
28 1.288369056333514
28 0.413952236234310
28 0.381659300015755
28 0.537940993738792
28 0.816340226710681
28 0.789065394631133
28 1.475946029516638
34 1.076223462631148
34 0.875824657560324
34 1.886031845621179
34 1.140698529397122
34 1.079464402708476
34 1.208402807633528
34 1.007173231878727
34 0.963834728688424
34 0.805050052233991
34 1.594222217789597
34 0.885720379995133
34 1.643628124187493
34 1.647090276942329
34 1.183252748882078
34 1.573345876802141
34 1.175080035224513
34 0.994207712849684
34 0.816599877671133
34 1.092303787501619
34 1.162613562181501
34 1.765223258299729
34 0.747139593684554
34 1.640470350366725
34 1.307906612451033
34 1.262908531937376
34 0.707188346663489
34 1.492339037699241
34 1.056187429197965
34 2.082574534194918
34 0.948488140470021
34 0.853654845930622
34 1.963036115605250
34 0.839476112823701
34 0.910708858164552
34 0.744731139182235
34 1.620526528279103
34 1.081970735881673
34 1.471723818895266
34 0.839881408955352
34 1.396042023771861
34 1.082019694910854
34 1.839909414501408
34 0.827674230998238
34 0.693665067856376
34 0.911596100875652
34 1.654474895838207
34 1.418565925169919
34 0.970356959028296
34 1.735531555070654
34 1.081604924440681
34 1.344999293522600
34 1.374486743490524
34 0.831572953798589
34 1.430528557491379
34 0.938823856310480
34 1.147678596841128
34 1.823736447630836
34 1.615352347442877
34 0.839609262481643
34 1.494654987014322
34 1.617162998841730
34 0.802034116003233
34 0.883626564851204
34 0.969466807952893
34 1.477409581837644
34 1.275768257803785
34 0.894116081565425
34 1.067672017471931
34 0.830913025049814
34 1.220519592167099
34 1.608142924210860
34 0.980325452033072
34 0.466303563932799
34 0.766009242492526
34 0.848531737523770
34 1.486402087587809
34 0.839791782861982
34 1.135069200491202
34 1.573244053766683
34 1.407764821931667
34 1.126104342784369
34 1.819780654273548
34 0.772596997521709
34 0.678906610457416
34 0.790667442266898
34 1.252227375653213
34 1.399063633481310
34 1.403980255523165
34 1.349459452484764
34 0.953809565225250
34 1.232464549697198
34 1.528003215557400
34 1.054307581102751
34 1.804705293335221
34 0.574730182340670
34 0.933987231459732
34 1.167722206905093
34 0.776633861320317
34 1.328060147796478
34 1.352083738796633
34 1.014642415300329
34 0.993568616446993
34 0.665585772234563
34 1.071917132391882
34 1.110505813062057
34 1.465787507261703
34 0.981206812517595
34 1.328694270062455
34 0.952377046399993
34 1.832096509847242
34 1.499044169250617
34 0.895694665443854
34 1.652101079195147
34 1.140421134592006
34 1.377629901674444
34 0.816215731960482
34 1.512568797842540
34 0.876768643467011
34 1.608414300408976
34 1.785542552298453
34 1.576225883772385
34 1.507177347397660
34 1.367457722443516
34 0.965220045091025
34 1.871456956857001
34 1.259130012149237
34 1.440621572548227
34 0.874900171094452
34 0.808018594468703
34 0.893592502183122
34 0.944426652664617
34 0.590904059822396
34 1.752402914799647
34 1.060215733565229
34 1.099639093085726
34 1.480878491069333
34 1.015491939698880
34 1.086086667602062
34 1.049090203508431
34 1.276925779299000
34 0.924521433104269
34 0.762887735610346
34 1.307829827648320
34 1.486191820644652
34 1.077116104019247
34 1.595143072737734
34 2.885800586075823
34 0.867161270553788
34 1.184580668985804
34 0.781862159467882
34 0.730250843803047
34 0.707467936159772
34 1.587519390429454
34 1.056527253255360
34 1.958746405446118
34 0.840415233758558
34 1.424229140902523
34 1.094709762301875
34 1.293147877976828
34 1.224749422832693
34 1.254141817534046
34 1.437192309682501
34 1.236728974194680
34 0.857225106537683
34 0.934737246327252
34 1.551913018646402
34 1.749302175442277
34 1.974183404781974
34 2.193522804437333
34 0.825502742482513
34 1.317931243563899
34 1.151596599946085
34 1.322467003741459
34 1.208952575402202
34 1.268763908646364
34 0.617397492086930
34 0.791940114147638
34 0.956475410082045
34 1.324695235705740
34 2.703164689368568
34 1.749821871560321
34 1.175475178845617
34 1.082371688979092
34 0.915524731118269
34 1.272193353061189
34 0.935279932759734
34 0.995296718143348
34 1.092174505847603
34 1.189164799565014
34 0.778141745236465
34 1.093607963624389
34 1.978690495143145
34 0.814232851526095
34 2.507110500531076
34 1.011838028172523
34 1.567818511597919
34 1.715038141704218
34 0.937477986474717
34 1.548463035974508
34 1.328521237823960
34 1.710259858575175
34 2.168259783641636
34 1.963303637335295
34 0.821065524519905
34 0.866474592327020
34 1.055492341875869
34 1.867208778070952
34 1.194518384877898
34 2.894573305040746
34 0.846002358676178
34 1.352577127977309
34 0.994224797854031
34 1.957329972440110
34 1.990259045257161
34 0.701566614776008
34 0.976026987304420
34 1.809842493983134
34 1.543973642087720
34 1.805502028487728
34 0.741996374700119
34 0.996421497023944
34 1.934283486381944
34 0.493218213400526
34 0.633587659823741
34 1.681132153317040
34 1.527618989419302
34 0.951628047819522
34 0.807383242776102
34 1.812663388461320
34 1.046141606960006
34 0.808834431111754
34 1.754324810646516
34 0.813369219366723
34 1.054752678729545
34 2.154183260701549
34 0.665926889123964
34 1.166283302550729
34 2.625648699081578
34 0.829257828967601
34 1.726196751655320
34 1.296061215841598
34 1.096916181955095
34 1.302093670174036
34 1.789768759566259
34 0.881196605220864
34 0.899521977071812
34 0.905777051775366
34 1.058557533408673
34 1.709864757158955
34 1.224251604513517
34 0.964254272729626
34 1.376688108856125
34 0.556979052709133
34 1.124445849684911
34 1.000356689614743
34 1.327142395772511
34 1.081678712856228
34 1.680566744685672
34 0.581531607070384
34 1.274762932253459
34 1.040483845662134
34 1.460457562294171
34 0.791797012480459
34 1.320273626973080
34 1.493993497317467
34 1.140805322316939
34 0.936714587394096
34 1.011715826288995
34 1.838515543278642
34 1.393243118467268
34 1.407021906038333
34 1.241976976602560
34 2.807623186625917
34 0.796716104931241
34 1.689757049899219
34 0.769326771914293
34 1.092231965610033
34 0.765975360227499
34 0.798673831338754
34 0.875218436626274
34 1.935393157552426
34 1.338528957159601
34 1.371566515123589
34 1.302885906669057
34 1.360611702863259
34 0.838917622704865
34 1.510894991494740
34 2.895737499140029
34 1.386143590333075
34 1.114951420403377
34 1.702402783191988
34 0.874114444419772
34 1.269100281214818
34 0.847957735944877
34 0.911978038862273
34 1.509864043766182
34 0.834375971069106
34 1.721495930977207
34 1.046751313252076
34 0.623261405048546
34 1.460808176195098
34 2.358281119230361
34 1.210238429270161
34 0.748773122527324
34 0.636110958656253
34 0.819024127442033
34 1.297939815952670
34 1.628936508715716
34 0.524471848135051
34 1.723409229018296
34 1.157130217917975
34 0.987270035705227
34 0.864848965716354
34 1.322331758014400
34 1.734241714798967
34 0.988905359869056
34 2.158569779292439
34 1.231519514055176
34 0.951043014199715
34 0.654400379706118
34 1.526950942965083
34 1.142168564279474
34 0.983282507035861
34 1.014846103672273
34 0.964158691881160
34 1.312000882712191
34 1.024050328480009
34 1.103398216861724
34 1.400486355856986
34 1.514154017457264
34 0.953854733817211
34 2.206600052368865
34 1.762435263087586
34 1.012373831957679
34 1.508792409086064
34 1.208472797073785
34 0.843083106748157
34 1.868657680253355
34 0.682767738459410
34 1.478148334343250
34 0.635102935450839
34 1.517125060098986
34 1.205564311833751
34 1.220401688704743
34 2.147138426815632
34 1.100653014820599
34 0.731496022015631
34 0.486184465885098
34 1.044845370162752
34 2.382819667609250
34 1.603317048779362
34 1.085233572644828
34 1.863123729217135
34 1.580607852577048
34 1.472526819588327
34 1.857532253664799
34 1.232027162982090
34 1.055539564988465
34 0.772861445381869
34 1.007456574688209
34 1.711342595288988
34 1.043731946357350
34 3.498052480394233
34 0.727166056487453
34 1.426184199563928
34 1.251621855744136
34 1.466793563251985
34 0.651829263350666
34 0.606002418165338
34 1.841304392712437
34 1.379668250384096
34 0.822195060265992
34 0.910827502156112
34 1.238134777387620
34 0.765693345422391
34 0.858679261207149
34 0.626362286112633
34 1.011057651259786
34 1.145892675389018
34 1.076707142387207
34 2.677589898566966
34 1.059715739236210
34 1.252883324577073
34 0.965024903739721
34 0.668388009628861
34 2.477968643102693
34 1.458261090711347
34 0.920786271626325
34 1.704426200483105
34 0.915659230051153
34 0.728949168221559
34 1.459686974355671
34 1.225230626646285
34 1.383422759080556
34 1.228867762187307
34 0.935496635104032
34 1.409186063228499
34 2.040813757572669
34 1.565078856810529
34 0.911460618551669
34 1.543437241621835
34 1.355662911279478
34 1.100919005274445
34 1.335355927878791
34 0.810628748467990
34 2.286128375764078
34 1.096992156605594
34 1.400538029759535
34 1.072719611724564
34 1.264356900887328
34 1.127154960374116
34 0.945421629435153
34 1.692746819662467
34 1.085200705158763
34 0.793478508308752
34 1.282563029495027
34 1.250433915573161
34 0.708871744744163
34 1.179140063785698
34 1.181838464006762
34 1.578347215071535
34 1.045055665069890
34 1.536610872413012
34 0.840843024115357
34 0.596679014335365
34 1.405341784804293
34 1.662250915232317
34 0.915741346890290
34 1.642749584579922
34 2.438375722798603
34 0.974852142915567
34 0.749085130781009
34 1.906751014910166
34 1.082258718372966
34 0.934000795234749
34 0.723955800016180
34 1.316456660545146
34 0.999453927835086
34 1.551124716694743
34 1.389480388182604
34 1.753368617141730
34 1.667473667402243
34 0.992425585218347
34 1.031482881554830
34 1.618482769547822
34 1.398896755939951
34 1.514764458296098
34 1.636918619998300
34 1.715864058409469
34 1.271349344483988
34 0.856551634376912
34 1.036893464211222
34 1.208293529131675
34 1.288621680494614
34 0.886431195679201
34 1.056991239918550
34 0.737952767312340
34 0.898985617548485
34 1.263747789427561
34 1.673932896134728
34 0.935414610440203
34 0.959411765482659
34 0.934686609297997
34 1.070132938819398
34 1.085167855193939
34 0.889967801353379
34 0.866237401191073
34 1.176335451008046
34 1.352422782429103
34 0.679710932438382
34 0.609786686181619
34 1.496012840119934
34 0.957890873355889
34 2.036867713268431
34 0.594992178268832
34 1.065876366020655
34 1.693470728400286
34 1.690465645548232
34 1.328249426294036
34 1.978850900982805
34 1.235455647371783
34 0.677148621446849
34 0.842838226438124
34 1.190156817064728
34 1.287170869735649
34 0.850540346649900
34 0.732388075069696
34 1.063799456657781
34 0.949043272266803
34 1.131327552662550
34 0.896640523355922
34 1.431720483938304
34 1.328811778592138
34 0.897710301957732
34 1.002588368599828
34 1.585346922342272
34 1.436335444087225
34 1.060242190373165
34 1.068740104717261
34 0.996802981146020
40 1.716695322954630
40 2.866238698608171
40 1.559570714921584
40 1.058986752697397
40 1.961847773460712
40 1.804714741788121
40 1.340806291455658
40 1.578893171805264
40 1.684685586816641
40 1.707891381091493
40 1.980591036203428
40 1.212707671208236
40 1.714738089480059
40 1.821688728682472
40 1.468604510752559
40 1.385898637499164
40 1.785688388888421
40 2.111988174154917
40 1.550247889324658
40 1.555608187416617
40 1.191924309318583
40 1.993907844632027
40 1.690783066883066
40 3.339978721932239
40 1.767636983046331
40 2.647549681087287
40 1.949776081348137
40 1.015818575774849
40 2.715669470161783
40 1.927985567934453
40 3.483607127402340
40 2.006479326543522
40 3.018200037438368
40 1.687306182130946
40 2.532589334552398
40 1.667893874371305
40 1.443405105290701
40 2.319757943956897
40 1.799725644141792
40 1.426307331404429
40 1.413029123377932
40 3.128912560122258
40 3.317223848175731
40 2.014672434685659
40 2.236048742010781
40 1.158336057695706
40 2.280055307309937
40 1.828965942896925
40 1.308225570691974
40 1.943539313767271
40 1.233508909630359
40 0.908750390342957
40 1.668788370722778
40 2.424861421961964
40 1.575849445899781
40 1.471131175458927
40 2.127907826163215
40 1.364553883314020
40 1.487945235446106
40 1.776765637929627
40 2.630151197909045
40 1.868123683111396
40 2.807208923737990
40 1.487112660343097
40 2.232289043754422
40 1.938011711780348
40 2.354873380537953
40 2.119061418083646
40 1.292944673325044
40 1.806932587285488
40 1.701317114474908
40 3.548121885160679
40 2.049172402073618
40 1.820701538366613
40 2.394070606739344
40 1.428806724395759
40 1.883888892076118
40 1.158086701068931
40 3.086389823752047
40 1.758724398797646
40 2.726631146759368
40 3.560958754869738
40 1.533766010850298
40 2.373393765527215
40 1.782657624746930
40 1.155364645200986
40 1.230197234685513
40 1.884091636497427
40 1.817222466371160
40 1.722674754937692
40 2.337422524788449
40 1.372243519012292
40 1.615580547606232
40 2.124127383588099
40 1.218833087143677
40 1.081460611082685
40 1.538235673960774
40 2.624479269531475
40 2.273827197678512
40 1.455409078054800
40 2.244291734710858
40 3.494241586257573
40 1.132144479933610
40 2.884283336486643
40 1.179009263450550
40 1.978565700441955
40 1.616133854255654
40 4.082696988015439
40 2.153161891147137
40 1.409199827838218
40 2.383986803892821
40 1.152337452983646
40 1.956444668277683
40 1.926732012219372
40 2.384017912138968
40 2.542681420209927
40 2.104985268526598
40 1.966157744718536
40 1.510534176071729
40 1.562569465649516
40 1.529280465089188
40 1.107063686414001
40 1.214775255778711
40 1.643527020730329
40 2.700811859650516
40 1.154012471363867
40 3.342031799999377
40 2.498776786839187
40 1.581668495192391
40 1.511415038947867
40 2.269338802638494
40 2.194207568016960
40 1.052251611517939
40 1.445305258810913
40 2.894358905534682
40 2.670433955608518
40 1.925598023507815
40 1.608947687337884
40 1.636802844793491
40 1.680091158650695
40 1.664913362923579
40 3.050243992107326
40 3.470808616369655
40 1.498416251482212
40 1.849620313730578
40 1.690721830879802
40 1.094267778617260
40 1.505212076712230
40 1.879757127335287
40 3.407497116208469
40 0.975956831034383
40 2.660281047289256
40 3.683426003078425
40 1.784907788408196
40 1.552814022660771
40 1.478329764208009
40 1.446618757479368
40 2.041698294128052
40 2.300049798225398
40 1.051790339420258
40 0.990232985128296
40 1.718112391404365
40 1.137431369469667
40 1.753796729254720
40 1.841747081244161
40 1.942102882198110
40 1.981920165136507
40 2.544701868836530
40 2.506536148707054
40 1.083300440746889
40 1.745395189357904
40 1.287263879600365
40 1.038854520149673
40 2.071061695448117
40 2.152131335117401
40 1.963352705789379
40 1.397418729209694
40 2.229720678315743
40 2.724033748358787
40 1.516916879714131
40 1.347213557365417
40 3.145602822345280
40 1.612466569220413
40 3.299601731295665
40 2.166158254908444
40 1.247352771293105
40 1.096968327668845
40 2.310275627890356
40 3.461594904115810
40 2.292458840995886
40 1.855613910797398
40 2.402038889178682
40 1.806600279177413
40 1.288783660132790
40 1.386149539224984
40 1.788284041993358
40 2.093971304397634
40 3.577304885625404
40 1.739976995610956
40 2.550337819869306
40 1.319738773066708
40 2.295946012583240
40 1.894723017562566
40 1.772811030121574
40 3.260892332597793
40 1.320146329831145
40 1.570566182684190
40 2.009174079149164
40 1.637366532508772
40 2.431484036144443
40 2.337355493137100
40 1.829631465217296
40 1.422949633188963
40 1.859600947767469
40 2.010229586421469
40 2.248841000977265
40 2.919379615111427
40 1.419831197311245
40 1.839274867425216
40 2.460163964442629
40 1.624241065014797
40 1.395797175959908
40 1.835428068987341
40 1.011493298771498
40 2.872447619517340
40 2.634111681924002
40 2.209212550091440
40 2.156588885387794
40 1.828294167695441
40 0.762033285635976
40 1.229954929337772
40 2.979479886436131
40 2.521518618162530
40 4.760797854517097
40 2.097618720872388
40 2.211106154270558
40 3.637472082579704
40 1.182919607046129
40 1.772198394405015
40 1.691072803941926
40 2.683966497884656
40 2.193893415573762
40 1.609896843530979
40 1.938736143319160
40 0.874768750417594
40 2.691873069686631
40 1.432138008053083
40 1.689319193547377
40 1.428839165860882
40 1.417821186287888
40 1.840708786610847
40 1.535574110451316
40 0.984461906034788
40 1.023900984794865
40 1.643927376509698
40 1.896183514614227
40 1.413916161164035
40 1.558833288427435
40 1.795962444232350
40 1.549056451564660
40 3.004441672489967
40 2.830711451521761
40 2.628158775192623
40 3.474456194144921
40 1.989935488530771
40 2.099060319786611
40 1.509279496632116
40 2.492983819055659
40 1.336986732390216
40 1.913164386192447
40 1.514293627654370
40 1.602300095600702
40 2.814527708025190
40 2.419310435207502
40 2.647683685176624
40 2.506870081005104
40 1.068615343530012
40 2.478952525663903
40 1.939230707333621
40 1.055336216772389
40 2.474520480929458
40 1.397076082364814
40 2.530669283723386
40 1.018065867212457
40 1.713461380551356
40 2.303212128922309
40 1.774396489144499
40 2.226114288437190
40 1.950090184835190
40 2.141388192005387
40 1.785667279485965
40 2.758787464069279
40 1.925164771631163
40 2.381435668215616
40 1.519374254077706
40 0.947915364679313
40 1.402864273112998
40 1.712979657558735
40 1.454702922250926
40 1.503231640700561
40 2.533345568080563
40 0.787686205441524
40 1.282394773918096
40 1.222430157586153
40 1.414844764510644
40 1.127470309380143
40 2.945329014875583
40 2.658796688092385
40 1.404460095450771
40 1.797597122223545
40 2.018524088437514
40 1.363299140802868
40 1.519101604692608
40 2.458600876866775
40 1.953336202466715
40 3.196576285240894
40 1.711910653635254
40 1.088279746873178
40 1.177991658987539
40 2.587292889914908
40 1.491235652054787
40 1.018602221219865
40 1.174064475860320
40 1.107157247612502
40 1.221352092527972
40 1.440822079141848
40 2.724464945170558
40 2.047592467318931
40 2.072672367177658
40 0.920996603378260
40 2.188818208087020
40 2.055528655243689
40 2.091623995874803
40 2.873455643905071
40 3.374913997371618
40 2.917354913892124
40 2.256143744134233
40 1.209429065951671
40 2.024410075570009
40 1.996095597666207
40 1.630691035237788
40 4.009026892341316
40 2.484114798257746
40 1.450455390753701
40 1.490977017273799
40 1.493141128715040
40 2.502674443570411
40 1.132617160273094
40 2.898162572198039
40 1.144753398578647
40 2.425677001914352
40 1.409460709021962
40 3.686646055112100
40 3.719870010062793
40 1.946370536347712
40 2.378751300762966
40 1.874046734346772
40 1.340152957443507
40 1.604020996482738
40 1.747545957151008
40 1.869014827709599
40 2.777214714770871
40 1.372202040288382
40 1.638868356259799
40 1.116189191070315
40 2.425017785456470
40 1.898054063741007
40 1.758056816514159
40 2.450635062494363
40 2.504052731808255
40 2.638423861170887
40 3.794044082250515
40 2.954044266563086
40 2.162956670451353
40 1.237434977010944
40 1.453420143665871
40 1.182178736000306
40 1.637382006731874
40 1.774215825325548
40 1.598356782828505
40 1.212672699953167
40 2.639200199269254
40 1.155635545250151
40 1.085592216152497
40 3.071246526883076
40 1.463273908168022
40 2.903942067189179
40 2.733182791295976
40 3.265128095718959
40 2.103781903325999
40 3.311347995459365
40 2.154195753224865
40 1.246928200049689
40 1.467692041651071
40 1.656953344879126
40 1.209305693782385
40 1.416952735751704
40 1.546512679637118
40 3.301042001078720
40 1.269894116643639
40 1.390968453074578
40 1.559120319773343
40 3.458239233255089
40 3.060329101897050
40 1.672741185306002
40 1.078001313704160
40 1.766726612058196
40 2.050816202855227
40 1.952889513657206
40 1.821232599005528
40 2.450493919973042
40 1.411869262334497
40 1.579282926987633
40 2.145872087678256
40 1.804439193698193
40 2.629255753301198
40 1.994117587561995
40 1.334754955358116
40 2.087050523377835
40 2.219318159112833
40 1.318830707524615
40 1.839083241526172
40 2.186174083614072
40 1.389438038158710
40 2.557349823164671
40 2.519362966730483
40 2.401442712533342
40 1.231191830782750
40 3.180793348627240
40 2.121612421226172
40 1.978843290284493
40 1.535163386878073
40 2.438391984052069
40 1.166722461688380
40 2.954806640608926
40 1.687916520985067
40 2.231812468036878
40 3.595359622442759
40 0.878989757200729
40 1.674523362384233
40 1.232508137999837
40 2.876714831954830
40 1.220276948603972
40 1.472042514071227
40 1.862899520796216
40 2.739094349347708
40 2.573674265195901
40 2.043521202341640
40 2.024020304563948
40 2.971134186843618
40 1.695287985116860
40 3.322037358872983
40 1.425226690074409
40 2.982193903218949
40 1.127590583055840
40 1.412463325810188
40 1.174975145579515
40 2.573817675223490
40 1.786339177556233
40 2.909955319269294
40 1.075473381869976
40 1.582782666463403
40 1.402809090705146
40 1.957708756239795
40 1.722546807258297
40 2.772754337282031
40 1.899448075325321
40 1.492731140768713
40 2.023549171786527
40 1.549631615114466
40 1.305446052052059
40 2.425136968548051
40 1.421886552731733
40 1.825610211737795
40 1.711760576669590
40 1.329345615208860
40 1.825334287828063
40 1.779212953332655
40 0.925222102923223
40 1.580119530148162
40 1.009534578359284
40 2.247798397450183
40 1.570908737698948
40 1.435354561844683
40 1.070290496216174
40 1.409338268608094
40 4.326799498196648
40 3.100743189868579
40 3.226157998390297
40 2.027778721190291
40 1.432294886655022
40 3.199564492114126
40 1.962065393087679
40 1.759845035513889
40 2.594537166982743
40 2.082502304014767
40 2.310575203502530
40 1.807201149140315
40 1.854388476272522
40 2.682238981022447
46 2.760032131489265
46 2.216117581828299
46 2.574236049960446
46 4.647914950184132
46 1.895073872573130
46 1.552739811545896
46 1.991719578179096
46 3.572209334970786
46 2.101204675958130
46 2.148804110768093
46 3.300429245822009
46 2.205548996151647
46 2.328609414155142
46 2.314189238791334
46 3.315046042258888
46 1.811358974976026
46 3.503866377838264
46 1.714351348488803
46 2.956564459682265
46 1.309078588207555
46 3.431643897005056
46 7.446286043128072
46 2.800398574665405
46 2.465703320933428
46 5.661206233143653
46 4.331055140593564
46 3.544848050926594
46 2.555144786885964
46 3.427474470634469
46 2.695209107239639
46 1.737947354636451
46 1.844463289602254
46 2.621066849079117
46 4.285791034679100
46 2.040856182933125
46 1.866280104391835
46 3.491154303499957
46 3.717646234583228
46 3.375390102258541
46 2.545495278988259
46 2.665004575102492
46 2.444498741921314
46 3.133056858194836
46 1.661804648982929
46 4.032081739092245
46 2.958297384680613
46 4.636810967818047
46 2.934406044299888
46 2.279649406587725
46 4.177399309471195
46 5.232209348933265
46 3.707853545363207
46 3.676056692572266
46 3.134029937322557
46 4.483022262691773
46 2.720371571745190
46 4.293789543558804
46 1.631046562460827
46 3.052662444332677
46 3.676029513786915
46 2.753828423801297
46 1.429294997163097
46 1.960216063280160
46 3.213505796413927
46 1.950350536562190
46 2.988428465903456
46 2.977410538634589
46 2.174987916125093
46 2.762582893775660
46 1.592105673547513
46 1.581618596070156
46 3.829552091154736
46 2.015548976580255
46 4.910275158020995
46 2.215305586959697
46 1.569803290858103
46 1.492547215803859
46 2.015515269754444
46 4.237133397624708
46 2.309457873364060
46 4.338046715287003
46 3.538669967866099
46 2.056482550976430
46 2.331175537884038
46 3.244098150761266
46 2.581326152224365
46 2.471258348946976
46 3.811090968639688
46 2.359175250339044
46 2.860880120138976
46 4.273295364472435
46 2.312246988679160
46 2.005168765060947
46 1.589182902611241
46 3.046561855880578
46 2.949403655377152
46 1.804720152908726
46 1.521139724586191
46 2.314729033617487
46 2.130683871521775
46 3.906992483895535
46 1.548048392958820
46 3.763445064906125
46 3.265481276492775
46 2.586937789932671
46 1.969906856219624
46 2.382787071354019
46 1.547301180738828
46 2.332322181425252
46 2.260319495332783
46 1.417732304167386
46 2.681606732466753
46 2.948345927203468
46 2.377900372371085
46 4.519614521797966
46 2.681966183717256
46 1.617400566756044
46 3.458437339611836
46 2.957725769647299
46 2.818714772364316
46 2.125648411857073
46 1.889313617343939
46 2.600705801332758
46 2.079802847059252
46 3.338041770767434
46 2.108950305501253
46 2.669104494817693
46 3.341226378066630
46 1.875675143014739
46 6.190137629348099
46 2.160240064833524
46 2.531171177217564
46 2.159679243240220
46 2.463478397901818
46 3.026424578840252
46 2.124068651787884
46 3.857490359253276
46 3.092731236279486
46 2.999759278122729
46 3.240307193943554
46 4.855890336773585
46 3.376333133509643
46 2.425522114665622
46 3.234115678928815
46 2.391428408253815
46 3.518121266184299
46 3.831653061501025
46 1.941573472548876
46 4.433535601858824
46 2.161509544473354
46 2.404337891057391
46 3.907739684524599
46 2.310916198289942
46 2.177947128750239
46 2.376671331725142
46 4.527575893286374
46 1.519757954636454
46 5.689459248324211
46 1.996599528816194
46 2.730002118316300
46 2.764489880742342
46 4.869554610526676
46 1.847446431287486
46 2.453319692889207
46 3.459762056598282
46 4.053284516260589
46 2.370216450670899
46 2.675999173244039
46 2.566664451704262
46 2.500623417604492
46 4.302864955880518
46 2.023557181143680
46 4.966036907839987
46 1.771020305793648
46 2.245181776320022
46 2.845923857858310
46 2.750972868369832
46 3.960142672515968
46 2.842995429118740
46 2.114963161049890
46 3.147521671642498
46 2.066078288062380
46 2.161756480634390
46 3.062087833245352
46 2.323684065509069
46 1.340072028326180
46 3.671683718427023
46 2.256083197708836
46 2.479234734035685
46 2.851032492484053
46 2.722350393658983
46 2.268451640763173
46 2.159180354622400
46 2.939307288038907
46 3.264705167476103
46 2.114559129805945
46 4.285400022562033
46 2.437221199637562
46 3.588031112796178
46 2.289691296526374
46 1.675438463145174
46 3.704242588847481
46 2.258114492234839
46 2.903900213459996
46 3.272813841864275
46 2.506512550801364
46 2.634015331029324
46 1.581831037293804
46 2.263929580162709
46 2.282533179597063
46 4.749674701741216
46 2.359081686417158
46 2.840520440833351
46 2.151186348255059
46 2.064676792590381
46 1.996625405931905
46 2.229376465931450
46 3.153041819591854
46 4.469417412532374
46 3.653847019908611
46 1.953809179697871
46 3.295253777217733
46 2.643446303950148
46 2.271363449281376
46 2.318288247268861
46 4.290017768361824
46 3.121799307203414
46 3.271204582415149
46 3.555845853745309
46 1.835004996280715
46 2.031224329818187
46 2.964834470326605
46 2.206858626959649
46 4.310886860130116
46 2.397723655707141
46 4.157084634369920
46 2.120654597415958
46 2.721477617732917
46 1.844355486729290
46 1.358155312428418
46 2.541353678501653
46 4.226272680866125
46 2.613991303805973
46 1.639431689643410
46 3.969840957474138
46 2.483375753069867
46 2.043634288459586
46 1.410675484052339
46 5.090550332053497
46 2.695054095876951
46 1.465862240099986
46 2.471680819577220
46 3.698648596298638
46 1.803178322724956
46 3.259458139737210
46 2.088670106308103
46 3.346568120755174
46 2.496534424440172
46 2.606711277028064
46 2.747423862028006
46 3.418067692060555
46 3.285319741138750
46 3.068385285778992
46 2.297508781965766
46 3.532463778327698
46 3.892973006888980
46 1.620093188785182
46 3.373555921249216
46 2.951784507214347
46 2.628782012502398
46 2.366133586860037
46 2.507872357020779
46 2.381751326514627
46 3.149957194015356
46 3.488285973950491
46 3.845911926351706
46 1.721810819177739
46 5.756978518879428
46 3.697233179940411
46 2.864761165661336
46 2.140864972389340
46 2.979139755723343
46 1.271006895682625
46 5.058403787726325
46 2.565400524504134
46 3.462887151948655
46 1.347076073453845
46 2.037064361544979
46 3.631082393134117
46 2.744153178667641
46 1.637623222282184
46 2.743334009690734
46 2.384180141042963
46 2.504375964934065
46 2.305286542199445
46 5.253170216923498
46 3.370761757647382
46 3.331512507415291
46 4.713071840071974
46 2.476000000833773
46 6.156236946674682
46 2.556429577087523
46 3.410447803940211
46 3.797407619789928
46 2.456191003386773
46 1.453522161250153
46 2.674240008130115
46 2.625076508988749
46 3.672939208205775
46 2.324546312391023
46 3.011907835510255
46 2.661988146417285
46 3.583559656499193
46 3.269155627392227
46 3.658102269506947
46 2.179787754761318
46 2.536249589431202
46 1.630482821217146
46 2.099636438829358
46 4.801341699721897
46 2.150426806183352
46 2.149725383964995
46 1.379603746303073
46 2.872193355019555
46 3.494777555725830
46 2.885328911448776
46 3.815866146879719
46 5.814334561918154
46 2.823921209234504
46 7.109332397733406
46 3.853358879134429
46 3.109316975570179
46 2.617789907807367
46 2.101331406184365
46 6.432710200107687
46 2.412618923479468
46 1.291844795623612
46 1.751917276217529
46 3.406096234979987
46 4.722206022364835
46 3.559265607672500
46 3.751245052265794
46 2.198166548388136
46 2.194879280012971
46 2.966906550964848
46 2.979468619416919
46 3.198240882579428
46 2.252836910192121
46 4.502520642555614
46 2.104885361558697
46 2.825199933520524
46 3.767981425706964
46 3.291909086661762
46 3.068074125115829
46 2.783384291244922
46 2.715799462496904
46 2.987757660042132
46 3.280048847724519
46 1.893058736267706
46 2.599175967922575
46 1.349499982250843
46 2.703998929559521
46 3.788083137046616
46 2.235215087694198
46 3.554419562668788
46 2.053398733754647
46 2.490808335798282
46 3.738057117492243
46 1.348428609452777
46 2.967289224183912
46 2.223809284176753
46 1.732230476348697
46 4.168266472944757
46 1.414929584323519
46 2.513480621740440
46 2.204170043724403
46 4.126408196854569
46 3.734387591683983
46 2.889896933931203
46 2.208776504209442
46 3.113693751164671
46 2.402883348637797
46 2.149273491386413
46 3.112569549210854
46 2.447106176735818
46 2.216559094264033
46 2.985238058818912
46 5.572396581554845
46 1.466079087599174
46 3.984515138777544
46 2.696520531543075
46 3.398014481873139
46 2.286018919747187
46 2.661287309956871
46 1.721279396517150
46 3.484545409102362
46 2.003865815407686
46 3.607760494186317
46 1.695798433930872
46 1.834934699506766
46 3.305111620803195
46 3.685609045053298
46 3.381356277929953
46 2.991938096856078
46 3.015053215107257
46 1.719896633125969
46 1.999711967108040
46 2.132702093338689
46 1.449496724573259
46 3.790492654995928
46 2.895702615589125
46 2.703333826376232
46 2.930851600978312
46 1.916009270285749
46 2.583973004615241
46 2.132054291924974
46 3.971226004531825
46 4.003817744595683
46 2.164516584244762
46 3.287283735613382
46 2.586831757178993
46 2.824179011392472
46 3.399359339683001
46 7.077242200462211
46 3.001276481390959
46 5.271991461047990
46 3.049314304887651
46 3.410935966760992
46 2.007440027801369
46 2.833481012805132
46 2.913129211997585
46 3.412253067765851
46 2.027294018915745
46 1.807567503780266
46 2.288128394806911
46 2.968295751653347
46 4.636705777831263
46 2.597363749114015
46 4.942144178448186
46 2.892177525043076
46 1.874770165041881
46 1.835861676342999
46 4.042087202578612
46 4.021753804651001
46 2.766254328014238
46 2.123754496336733
46 3.041236742220336
46 3.313819230023359
46 2.510027536235168
46 2.814991544039077
46 2.842635423500236
46 2.196817157607292
46 1.625244096110452
46 3.372707514118857
46 1.937016315651320
46 2.693756320403610
46 2.486686592580611
46 2.107649587163805
46 4.748599632943066
46 1.609052598524584
46 2.121766570359442
46 1.093991585616596
46 1.859181191155533
46 5.057709178801611
46 1.658959055374615
46 2.050029996762470
46 4.224803536159190
46 1.967290280800762
46 1.604067347890962
46 1.920563624485807
46 1.462535381006277
46 4.606286244936925
46 4.982575416016759
46 2.252623995386637
46 2.626166592289235
46 3.523283497921349
46 2.826657202175050
46 4.024495196455240
46 4.577998310120810
46 1.930136209968162
46 3.923706007723531
46 2.202915374094537
46 3.100929483669196
46 4.307733445623001
46 1.799795671028345
46 1.904325764946982
46 1.872440180420322
46 1.657820486038859
46 2.614558962228624
46 1.083047307469104
46 2.589711000735414
46 2.700358945112242
46 3.424656224808960
46 3.042955866893966
46 4.266388625312147
46 1.800820294055860
46 3.558610449464314
46 2.844154335702181
46 1.340464173486271
46 2.002370570411242
