10 0.048069942844955
10 0.066823013946271
10 0.027804365733076
10 0.020320029443867
10 0.027880267598293
10 0.026655211437224
10 0.018825511935342
10 0.033373023211099
10 0.033456613619687
10 0.033157854454618
10 0.028137276695271
10 0.049782857678973
10 0.014772005336402
10 0.018729147876413
10 0.025544561532563
10 0.035572026181709
10 0.029157383009712
10 0.018898624670272
10 0.034797149812016
10 0.029501490437715
10 0.031646291041443
10 0.022309138626769
10 0.016714472161499
10 0.016808351006813
10 0.020927093983842
10 0.032463970843592
10 0.022258654144365
10 0.022893016670765
10 0.027149881382905
10 0.013432317613175
10 0.023540390246343
10 0.017146095025235
10 0.019396413629092
10 0.018583217104689
10 0.032820857716588
10 0.043840159444535
10 0.027059336623039
10 0.037599316386716
10 0.012975297839725
10 0.030549916455593
10 0.032015184546836
10 0.031315879200872
10 0.019441410448399
10 0.028535369347110
10 0.018431769778975
10 0.030406863375075
10 0.030528877054345
10 0.022722079120555
10 0.019277462432212
10 0.021838277950204
10 0.019110691020830
10 0.038904725631142
10 0.037345154583028
10 0.028085239314220
10 0.014796775258753
10 0.053404457381758
10 0.025482088995788
10 0.020177676119837
10 0.016875985738605
10 0.023561653464804
10 0.018081346305497
10 0.019448510425085
10 0.015176364271283
10 0.036354564847512
10 0.017342753418224
10 0.017868042811741
10 0.036473261263476
10 0.032638393969306
10 0.018936060212415
10 0.025774484600426
10 0.020332251301105
10 0.043553564975009
10 0.042934649524332
10 0.033051820260037
10 0.023098810740094
10 0.035343385302210
10 0.017804147456683
10 0.015956669593035
10 0.022607306563901
10 0.038715611224107
10 0.016433046788058
10 0.020239172557097
10 0.012094201901660
10 0.014162092357999
10 0.018651242162144
10 0.033162485874278
10 0.032552298867162
10 0.028369690899727
10 0.029553045988505
10 0.024286948028066
10 0.020137138338978
10 0.038907539334332
10 0.021881456344925
10 0.017860183679102
10 0.045301429792249
10 0.029915701084183
10 0.017489234326109
10 0.023473989272405
10 0.034072983744593
10 0.034643016644572
10 0.024383439654125
10 0.028780212425946
10 0.035440837748407
10 0.015663245398457
10 0.026684233839973
10 0.027869676867377
10 0.015882071334434
10 0.033657843177948
10 0.024575509995585
10 0.027364100871831
10 0.033019014418563
10 0.015686997404357
10 0.027328876818255
10 0.024230369164978
10 0.038137376749289
10 0.034319512873407
10 0.031168512706343
10 0.033415501199303
10 0.018227853968220
10 0.026465345867357
10 0.030670477197453
10 0.027571084316742
10 0.037686077760718
10 0.018256978743740
10 0.019343289413809
10 0.031927017905906
10 0.023264469804257
10 0.027965614745877
10 0.024437846744268
10 0.035121687055667
10 0.017581613846690
10 0.025236723201111
10 0.018814204216384
10 0.024455110342438
10 0.012424211482858
10 0.016270176798428
10 0.024870377552307
10 0.019163402920716
10 0.016420002960293
10 0.036123529850028
10 0.023397846116576
10 0.022263938362594
10 0.028079175290487
10 0.024922312613249
10 0.021340186805869
10 0.034714050460712
10 0.030675916967936
10 0.021681998059763
10 0.024603958298433
10 0.016916339902238
10 0.015938821610086
10 0.027223562831650
10 0.030287024422645
10 0.028356767143230
10 0.023832757429629
10 0.022939599922751
10 0.024529202338047
10 0.041273445383152
10 0.031753093823523
10 0.034238551342444
10 0.023155236310052
10 0.018374984799026
10 0.021720528861673
10 0.026690953560570
10 0.031638627726559
10 0.018539009711375
10 0.015410715997134
10 0.019282643478749
10 0.020516126198130
10 0.036319610176038
10 0.045384866372301
10 0.050049697758059
10 0.016357235307047
10 0.032591491406069
10 0.028978754593024
10 0.032289301654469
10 0.029400571840871
10 0.019694848656199
10 0.029291464131077
10 0.019940030763837
10 0.045500821670124
10 0.025704124488495
10 0.040973353030003
10 0.028865298076487
10 0.027791730053167
10 0.023123552173729
10 0.035200469361081
10 0.017825765563904
10 0.021274988576736
10 0.028170137074965
10 0.017362691030611
10 0.030729901992873
10 0.041946571292457
10 0.019417036445001
10 0.028105255764922
10 0.019124514023849
10 0.020899020781925
10 0.036681581778025
10 0.018507362298977
10 0.039109727854120
10 0.040661589080714
10 0.017120206463250
10 0.017243593471443
10 0.026557571546273
10 0.040493579836358
10 0.020483745933042
10 0.017533687073458
10 0.015342049242302
10 0.043216386145640
10 0.020262934211597
10 0.034738260833825
10 0.028476445845446
10 0.041447421583254
10 0.028857059988945
10 0.041858145499731
10 0.015268004474868
10 0.015207967148293
10 0.023842209486295
10 0.017698979034189
10 0.032873387781898
10 0.026778498430431
10 0.023100270320528
10 0.036090750503613
10 0.029588025578351
10 0.039273735193653
10 0.015792111958079
10 0.019787717516173
10 0.030168524740151
10 0.021599501898493
10 0.025951885929561
10 0.022904444238561
10 0.027566193525873
10 0.014494897596970
10 0.028300124269563
10 0.028701737507434
10 0.023595648151339
10 0.041442441629605
10 0.030771281745114
10 0.021672912041531
10 0.041746199477987
10 0.021453400614597
10 0.022000279638989
10 0.020106243923490
10 0.027562605363007
10 0.023909616588685
10 0.029010044254589
10 0.016415122397262
10 0.015164284230855
10 0.020587877148749
10 0.026610115034619
10 0.023962299499449
10 0.040897000109880
10 0.012299338776344
10 0.014944902111611
10 0.027153678136346
10 0.019031571993657
10 0.021735007640779
10 0.022189502813055
10 0.028257664230722
10 0.030689982333425
10 0.023012052422011
10 0.016273634881405
10 0.031606578446642
10 0.014323493751260
10 0.017004872254828
10 0.022588773101769
10 0.039419317896845
10 0.027159573979371
10 0.020759474926732
10 0.037870128539420
10 0.018191992097866
10 0.017170704457667
10 0.017892320078370
10 0.018083386308456
10 0.025546667814472
10 0.024327516049350
10 0.035556057692332
10 0.020006270850046
10 0.025713868785999
10 0.034205341169175
10 0.040825071472627
10 0.026502492414149
10 0.028443067461635
10 0.017984064289244
10 0.034889117784468
10 0.012598703216400
10 0.032527700946853
10 0.031473897286584
10 0.051450547777301
10 0.031147733072683
10 0.032913268407794
10 0.041862597056352
10 0.032424252076570
10 0.013634749998044
10 0.023989846784800
10 0.033462402322317
10 0.014273882104017
10 0.033675326752448
10 0.020680132841113
10 0.025913004029205
10 0.025323464096385
10 0.027341126003628
10 0.022518071860146
10 0.020739730944983
10 0.030189148584604
10 0.023370334550110
10 0.022746202479630
10 0.021344394608728
10 0.020700180073435
10 0.038853137070829
10 0.022919726748287
10 0.027222181249756
10 0.020703639425605
10 0.019278737607450
10 0.033727025469112
10 0.042191406589349
10 0.019299615664581
10 0.026768946120300
10 0.037107531854513
10 0.025010537690483
10 0.029110065973586
10 0.027266454760691
10 0.046957820117885
10 0.037560430326727
10 0.021445319058960
10 0.035269904048140
10 0.014236277584482
10 0.025701382146002
10 0.031677340165040
10 0.032171858448273
10 0.027094719318193
10 0.031952396610120
10 0.029976369283458
10 0.036251175541334
10 0.014873640736589
10 0.019114234434236
10 0.017680179990250
10 0.039094962068000
10 0.023604616128477
10 0.026011885225888
10 0.032174256852541
10 0.024114755687521
10 0.041045876038703
10 0.033463740959394
10 0.040424410442053
10 0.027795603149459
10 0.024353575600519
10 0.023640608636190
10 0.019833688933171
10 0.014143776438488
10 0.013947049600328
10 0.012212378993242
10 0.027849205281753
10 0.020833591874541
10 0.031119169896167
10 0.015350978935080
10 0.025021263568589
10 0.047282511866908
10 0.022117082221601
10 0.025192870586596
10 0.026389260438258
10 0.028641326449954
10 0.027564352711673
10 0.044222474856248
10 0.029784648229766
10 0.017817019971691
10 0.033415185554752
10 0.039948275437233
10 0.017747456960261
10 0.022275882086820
10 0.017857124598197
10 0.020014120998172
10 0.022631421187087
10 0.037248066686849
10 0.023172744973933
10 0.047885454365595
10 0.035876914922427
10 0.036246634572369
10 0.025579191704971
10 0.017487087359274
10 0.028721519263589
10 0.029755190259727
10 0.031072170574295
10 0.040488118209155
10 0.024878652353755
10 0.035377346685045
10 0.021475184421029
10 0.027700500053618
10 0.019008930829664
10 0.025311709666966
10 0.019163983151897
10 0.033346109533891
10 0.038943503247201
10 0.034257630207844
10 0.026021806877325
10 0.019954696205677
10 0.024465980798011
10 0.021186721644308
10 0.023123800403254
10 0.033343751068392
10 0.032637664987158
10 0.022953825786766
10 0.030243012477451
10 0.051191797438872
10 0.019260334424295
10 0.012596666631323
10 0.021666380891105
10 0.026452307432662
10 0.022248008279763
10 0.033841185340877
10 0.026946651792138
10 0.022595243522990
10 0.035963880143082
10 0.020769801334468
10 0.019696265228688
10 0.045278568262992
10 0.018668723547399
10 0.018028356875694
10 0.023777818046835
10 0.016062393965191
10 0.021485326778566
10 0.027241834165853
10 0.024213956497672
10 0.023921744492923
10 0.016815468096838
10 0.016176145786583
10 0.020230831857259
10 0.025307237467968
10 0.028948980835005
10 0.020189872340111
10 0.016990726326026
10 0.039377588518179
10 0.018015995123047
10 0.022355094923538
10 0.018731225364449
10 0.038767271144536
10 0.018982547200350
10 0.012000023754592
10 0.017631095492258
10 0.024082044134222
10 0.016137855345360
10 0.020634870669654
10 0.020111845279087
10 0.023271206539491
10 0.017631337735180
10 0.024031076289201
10 0.046566162098475
10 0.030840147376242
10 0.034237006439636
10 0.028313689728626
10 0.030565389969809
10 0.019222694885697
10 0.020248638084553
10 0.015542936476211
10 0.023050223139267
10 0.020152263456537
10 0.015026348241710
10 0.034923096384588
10 0.020868603533379
10 0.019721853611283
10 0.032731057817077
10 0.019537461188131
10 0.045335635454091
10 0.037802056277625
10 0.031145665554457
10 0.018946775297882
10 0.039345929390530
10 0.019128898441214
10 0.022666856868248
10 0.021833564789380
10 0.039435214638629
10 0.022062273726153
10 0.037250773002999
10 0.043570099796518
10 0.013240674039919
10 0.024764035526541
10 0.027822833423463
10 0.015926011671180
10 0.022046394879615
10 0.032793072444855
10 0.027500974302786
10 0.033363615351513
10 0.032816367446851
10 0.023128313006388
10 0.020222757226419
10 0.015248339755401
10 0.016948707652945
10 0.020331754240868
10 0.032893691075426
10 0.019375908312678
10 0.043643347381161
10 0.045691508248629
10 0.016553062651156
10 0.015886988306809
10 0.034803522724105
10 0.020882472590186
10 0.031822556361425
10 0.021868726332176
10 0.038850099715395
10 0.019286984325847
16 0.161994632818638
16 0.249608949839956
16 0.121242570984224
16 0.187246439811253
16 0.256314600408663
16 0.187558605665707
16 0.200221320991199
16 0.101531165206946
16 0.165004828080327
16 0.303448099280866
16 0.195327584549413
16 0.292515521220417
16 0.259387399376340
16 0.154360617703287
16 0.157277415449920
16 0.162051869581660
16 0.218115808909327
16 0.311462655432345
16 0.139603941425914
16 0.233268087410241
16 0.157681793651107
16 0.171185062761411
16 0.157517960435042
16 0.252550804918498
16 0.125034292033783
16 0.131891719329957
16 0.260790208458667
16 0.177126742168196
16 0.157558602771085
16 0.151039039618181
16 0.180190343672889
16 0.178004836919906
16 0.265508372037661
16 0.147350472346235
16 0.171391015243847
16 0.122234096640196
16 0.142262372753759
16 0.119799201577629
16 0.113065299112447
16 0.194464347798422
16 0.132835172232868
16 0.200819715057798
16 0.120234933383541
16 0.153386438456389
16 0.106186874121246
16 0.097439919737705
16 0.085836644265476
16 0.219073365856249
16 0.214047679022874
16 0.144989215170403
16 0.204321485511844
16 0.211576771533953
16 0.135725379370336
16 0.167193262945556
16 0.082269679786421
16 0.108288289895349
16 0.090809922080130
16 0.152197578325241
16 0.116240150028025
16 0.139590209821323
16 0.115964167874133
16 0.245078645956925
16 0.362041604384821
16 0.156648310659920
16 0.156418776368528
16 0.149064327146347
16 0.078460975374772
16 0.271218444440805
16 0.198622741664510
16 0.189911198228871
16 0.232361352829638
16 0.267248099441929
16 0.178641195008042
16 0.150182507572036
16 0.247326416925151
16 0.168739272808076
16 0.147738961060992
16 0.127250207376500
16 0.116446543287450
16 0.121759658505463
16 0.094309965310524
16 0.142866864892942
16 0.106640110934688
16 0.137354553473107
16 0.157815233769327
16 0.195959684194679
16 0.216375143101369
16 0.247048321675979
16 0.238477636188156
16 0.157441265927310
16 0.242119426204418
16 0.199763739243063
16 0.155266616776615
16 0.138730499768180
16 0.119696255082663
16 0.186090189731358
16 0.186923799366994
16 0.147633957751592
16 0.094087679268981
16 0.127826393243998
16 0.291673151244284
16 0.236050082145683
16 0.131314804665184
16 0.216627557199115
16 0.160932310092759
16 0.181215203380274
16 0.100663088694105
16 0.177244528919578
16 0.164428712538499
16 0.074562058953307
16 0.171359166719885
16 0.199380897846288
16 0.194410741122635
16 0.285291998330538
16 0.254025923866757
16 0.271179982658137
16 0.202231188835283
16 0.233546697537226
16 0.115445975174303
16 0.187825571535555
16 0.307081670661158
16 0.119909456020124
16 0.134689712073882
16 0.177471217215458
16 0.187160781402280
16 0.313902662049309
16 0.163004716347679
16 0.214975413763403
16 0.208842021301893
16 0.225928937205615
16 0.258480833144120
16 0.116439106225694
16 0.121671080600537
16 0.142596114324889
16 0.142528375049523
16 0.262074368347881
16 0.224234976887378
16 0.194340278710505
16 0.200092596671656
16 0.151735201980064
16 0.140190976243031
16 0.176126426086594
16 0.145717168727686
16 0.104615303371709
16 0.155190052849026
16 0.108110664679009
16 0.106997071066306
16 0.151354250252001
16 0.159521623570169
16 0.163453303793129
16 0.199069263639134
16 0.174022229920819
16 0.139448255569981
16 0.089056739625620
16 0.196402732196298
16 0.183456610095231
16 0.216430977570518
16 0.206048784667967
16 0.142479003383448
16 0.112898812684269
16 0.135403826434475
16 0.391364431489517
16 0.300334076884714
16 0.100636978483023
16 0.175305156530562
16 0.087838459476665
16 0.216540247133163
16 0.135180280093918
16 0.141449258276453
16 0.190339314065974
16 0.166657480856826
16 0.105123356400486
16 0.136844120621194
16 0.147138515553780
16 0.123430034271285
16 0.133918968268032
16 0.202370444137471
16 0.106359000036842
16 0.112344012436054
16 0.083900987011421
16 0.172058049281485
16 0.149146373178555
16 0.174006443065705
16 0.167983916676093
16 0.102443957531044
16 0.180512169413933
16 0.133603898207568
16 0.204908104646926
16 0.179656929652973
16 0.097923775485520
16 0.203637975891403
16 0.299858613148597
16 0.154298698548232
16 0.093645863742275
16 0.183032866291475
16 0.182424155168826
16 0.274407899987084
16 0.155541215181664
16 0.437507170220388
16 0.148463272758808
16 0.113538481942276
16 0.246612420797206
16 0.149658508697149
16 0.138422911781604
16 0.153169023724374
16 0.137541234721090
16 0.164493549042164
16 0.149064835871328
16 0.390388909212594
16 0.132658805522820
16 0.103004572303636
16 0.142990124209931
16 0.121855320063242
16 0.357438092684927
16 0.142097446607197
16 0.185686136989330
16 0.157724723495427
16 0.226682116995496
16 0.176062891372924
16 0.278410242271129
16 0.114701327965411
16 0.231588481660481
16 0.224668472184729
16 0.205089801204190
16 0.144194974023766
16 0.182860920104742
16 0.112408064928761
16 0.142456443874907
16 0.138114557874234
16 0.144293868688098
16 0.205222156009391
16 0.125592614440998
16 0.146265275151183
16 0.304975005378146
16 0.256051205333249
16 0.227456094040280
16 0.162981502996872
16 0.130331380331167
16 0.146939360134314
16 0.286532144003507
16 0.194861287179588
16 0.373081574130127
16 0.202306723687407
16 0.120507682184564
16 0.257646039422800
16 0.311089660371390
16 0.245646169617167
16 0.087251347829085
16 0.196829069102161
16 0.147679046275165
16 0.140510517557739
16 0.197799333763802
16 0.429421850552032
16 0.097235672836299
16 0.143064309156633
16 0.132216473915527
16 0.297607572080270
16 0.234442186577475
16 0.198111418412570
16 0.238363006848468
16 0.138582193181445
16 0.167680685010327
16 0.204626192137558
16 0.205389081383959
16 0.367211849339534
16 0.143265524200062
16 0.153225295774739
16 0.125368897078217
16 0.186771420008980
16 0.153607029045387
16 0.150846494994424
16 0.138374336299898
16 0.148017226392616
16 0.174526994229059
16 0.297378922731059
16 0.280120016929607
16 0.160438935544397
16 0.120259036437915
16 0.280540636001555
16 0.174729131461304
16 0.217452673630538
16 0.163025249761350
16 0.197346553357556
16 0.240593280926534
16 0.157545536474760
16 0.116984882792936
16 0.130232062573353
16 0.184051772583181
16 0.271858420572523
16 0.233534642703576
16 0.091460859779232
16 0.225663766113583
16 0.211038854414327
16 0.224047300666626
16 0.100729036847046
16 0.226963524060861
16 0.103164373286716
16 0.209020285828660
16 0.208542034280150
16 0.251705024954952
16 0.241617294764350
16 0.125327074777758
16 0.323473923996942
16 0.153244596247919
16 0.125139608503843
16 0.274150591912767
16 0.215004231269548
16 0.247377579596645
16 0.168457409004792
16 0.410976306168703
16 0.126265782775939
16 0.318480021241012
16 0.153554600017224
16 0.205981949084728
16 0.210688166462548
16 0.316902433499107
16 0.299182549941268
16 0.282761760766564
16 0.175019502674910
16 0.306611015096125
16 0.171280888445412
16 0.178123540671473
16 0.226857817866230
16 0.234287334530248
16 0.201955167493065
16 0.101959670509644
16 0.089357285046693
16 0.134001467187717
16 0.213079601615240
16 0.113950028122079
16 0.176255826147278
16 0.193684023683978
16 0.180121621099870
16 0.125496364697858
16 0.083546901142924
16 0.270398744849052
16 0.200215013853811
16 0.189483236495308
16 0.216940024793151
16 0.137027848679840
16 0.256885562318816
16 0.143025531044840
16 0.170605887724057
16 0.196449484685125
16 0.197040718040506
16 0.095051494484953
16 0.190558492497819
16 0.204054813820571
16 0.215269700965918
16 0.231229700419368
16 0.130722600974414
16 0.116140382240970
16 0.223792205579860
16 0.244943526761005
16 0.128033405751666
16 0.163052458990453
16 0.306115261649229
16 0.153120676192564
16 0.190229932955707
16 0.099548646795820
16 0.182455194584108
16 0.204531856853532
16 0.241325879319597
16 0.223751316783908
16 0.171766180595791
16 0.138349207787219
16 0.232954277119498
16 0.260652145325185
16 0.287122431906374
16 0.267400749661645
16 0.205874266655512
16 0.283879575303492
16 0.140812219306511
16 0.179596555807629
16 0.206940062552550
16 0.177514174959836
16 0.289208293348089
16 0.121621883892370
16 0.130637139200414
16 0.181908389632880
16 0.229709497568414
16 0.187654163830551
16 0.114909048441010
16 0.212285210220756
16 0.271150748412001
16 0.122313617136283
16 0.156720281239454
16 0.192700007463601
16 0.165191796337442
16 0.159010314509662
16 0.189070135925471
16 0.279992079753368
16 0.203685029215904
16 0.111529586791681
16 0.127290270317307
16 0.185098213528793
16 0.163028685016474
16 0.115742066314902
16 0.116831323839809
16 0.183943899187980
16 0.158025232084992
16 0.165691185011762
16 0.175007801791109
16 0.171102134170955
16 0.085480506756877
16 0.169640025110943
16 0.133218584320945
16 0.165467795827583
16 0.142312391847249
16 0.176581411500856
16 0.367231809322887
16 0.211210050723053
16 0.207377551998589
16 0.183991782026205
16 0.303186296200509
16 0.214152229280827
16 0.100544146079875
16 0.282961560407132
16 0.120621588229820
16 0.172803526177522
16 0.102353534414063
16 0.278025467133645
16 0.173938026768743
16 0.237425872183732
16 0.119666179121534
16 0.205814698679320
16 0.272739113850260
16 0.153978942746135
16 0.223382739739922
16 0.182908235629925
16 0.122261785472283
16 0.280987913283110
16 0.173889551982413
16 0.235529508465188
16 0.313172894225781
16 0.101184473412793
16 0.072388805299333
16 0.122825473984012
16 0.215572538864512
16 0.238834286191747
16 0.139853913321736
16 0.271565830396629
16 0.269990198502008
16 0.168523228478406
16 0.140353123287305
16 0.128435145515819
16 0.210540231156364
16 0.234656309586021
16 0.260044386074167
16 0.169464300366858
16 0.213190304128919
16 0.150217109620268
16 0.226002024355128
16 0.166524972285030
16 0.268797298414578
16 0.214205086689002
16 0.149342515845414
16 0.238179138306802
16 0.234884232552194
16 0.146425681784948
16 0.146509698312006
16 0.168069502177839
16 0.175706974035883
16 0.107808481521262
16 0.269753520123053
16 0.304491827258900
16 0.200976244517042
16 0.107198651395771
16 0.181299376817518
16 0.169614791511998
16 0.143394145701456
16 0.217105823925483
16 0.077324746282482
16 0.156434972457507
16 0.177835629844934
16 0.120912860957731
16 0.312954002484574
16 0.175051448144414
16 0.211279093464672
16 0.255012174740804
16 0.099150678955318
16 0.218788126692112
16 0.227678490999541
16 0.083687854996379
16 0.117398853405190
16 0.129707413002062
16 0.153651734167755
16 0.366623193102681
16 0.293401824966352
16 0.157762319950113
16 0.191550150741310
16 0.201566986375879
16 0.210874725244385
16 0.243482564274237
16 0.160937023510109
16 0.288918783250655
16 0.144666823158754
16 0.159358657140414
16 0.097054413268022
16 0.279920226597006
22 0.642538355118037
22 1.056596799984939
22 0.608560952446038
22 0.769458329984756
22 0.556766010163896
22 0.986372773177003
22 0.795470215790426
22 0.534816513197482
22 0.649663641357611
22 0.849732782797600
22 0.634349177239544
22 0.705152975086406
22 0.602564428484875
22 0.531177887962842
22 0.570956110527399
22 0.616850826249422
22 0.581630844963053
22 0.520438440319921
22 0.997604761320035
22 0.716333994085871
22 0.562577835095173
22 0.462954173442253
22 0.512593661640442
22 0.569824010694664
22 0.524578400020765
22 0.618462839808431
22 1.227004585228605
22 0.607319091547787
22 0.441331958193642
22 0.924392285565547
22 0.476411219453027
22 0.580212308270105
22 0.528572397642418
22 0.494297322008831
22 0.731910087780638
22 0.648580144105848
22 0.731093027852188
22 0.585169667718830
22 1.222406266240962
22 0.908538485739356
22 0.692118062093778
22 0.866800002033930
22 0.813842652655554
22 0.412587092182664
22 0.873959683872639
22 0.500721705696412
22 0.310133287925296
22 0.893402378359776
22 0.795438233163333
22 0.707158422877125
22 0.680413197176917
22 0.722814427392549
22 0.657210280326671
22 0.435983606143985
22 0.647032926097482
22 0.489077595745150
22 0.852945778808999
22 0.511461496793519
22 0.896003767785506
22 0.872352867765358
22 0.925093914596650
22 1.014400780879555
22 1.041334065709737
22 0.654899040606274
22 0.347946812012940
22 0.667236142093768
22 0.793849272081259
22 0.756348363159935
22 0.689792510224357
22 0.469375319912364
22 0.623090105335219
22 0.517657138303039
22 0.786900575429375
22 0.937294541756933
22 0.620074653289891
22 0.737608804453934
22 0.494400789465637
22 0.512776458439797
22 0.794310201940606
22 0.605162293104398
22 0.976122206925599
22 0.633904756924915
22 0.787223862117661
22 0.387772849813929
22 0.546186772507897
22 0.417104587650416
22 0.561475616772331
22 0.633938259448623
22 0.651574461595805
22 0.698195332663734
22 0.330069344948086
22 0.663681245232153
22 0.392052349554506
22 0.805595594975935
22 0.889774437673881
22 0.480494988277016
22 0.576777279040489
22 1.167108620413854
22 0.316151637254527
22 0.396954668208715
22 0.576676785880273
22 0.492697755435501
22 0.472893892269284
22 0.456036133696620
22 0.924881575104882
22 0.701214806299696
22 0.512849750418718
22 0.368150113900330
22 0.531227832152600
22 0.467708652310820
22 0.599491666080032
22 0.456088422650031
22 0.549168590374782
22 0.567157741843413
22 0.461171402284122
22 0.744252692640587
22 0.478263158536230
22 0.444518700051856
22 0.677704264732721
22 0.538527673085655
22 0.667154549866669
22 0.748828920302801
22 1.335746915890577
22 0.786499403337433
22 0.617466050666871
22 0.785344845863068
22 0.641259114616666
22 0.554550540780535
22 0.991364409242235
22 0.790528296082166
22 0.826318997063596
22 0.543120651861911
22 0.800673328775349
22 0.640348424603598
22 0.700864236196499
22 0.608378442022433
22 0.678461553700702
22 0.685965719972929
22 0.806630766360749
22 0.806008179685569
22 1.167426286345574
22 0.523202499660718
22 0.800579477514316
22 0.454755135479074
22 0.644066381861327
22 0.973473092854717
22 0.642112885237551
22 1.549026265068072
22 1.415459064330948
22 0.695792288814874
22 0.431493047012733
22 0.377634159691698
22 0.552907230273797
22 0.577715134948861
22 0.423436487701271
22 0.608981819175518
22 0.573490421563951
22 0.473761725493299
22 0.686342852618266
22 0.968667446825533
22 0.665064484992730
22 0.614042676740558
22 0.685396657525148
22 0.626857267912217
22 0.529179896651807
22 0.747485451943239
22 0.535831503914427
22 0.800132812671141
22 0.896440179358014
22 0.480085419659678
22 0.734701304123791
22 0.589293914890454
22 0.742234920432503
22 0.570207115936941
22 0.619175869647906
22 0.597987019993305
22 0.547734306129986
22 0.942414746689791
22 0.883322999135508
22 0.711545602455347
22 0.799199366054919
22 0.440275459823086
22 0.624751009333123
22 0.635745574420448
22 0.550610769410016
22 0.689967959306493
22 0.530559663791730
22 0.810999388883614
22 0.692383189971018
22 0.720711253231132
22 0.355254995928742
22 0.704952006347294
22 0.656765112598550
22 0.850100625088734
22 0.635552951101886
22 0.399605131754937
22 0.657570272188737
22 0.642596389898290
22 0.576768500937570
22 0.676568810164740
22 0.611942574280783
22 0.946758288532740
22 0.822352142552471
22 0.798880541433334
22 0.577921716899645
22 0.908550515844923
22 0.810707031087028
22 0.389935375278893
22 0.569793285781685
22 0.504191866418359
22 0.667580173105444
22 1.082809371400635
22 0.509807846437365
22 0.401621740319705
22 0.501967538926656
22 0.494493973240452
22 0.595688354225341
22 0.763475772861520
22 0.912962720853575
22 0.518411464471716
22 0.744550134029030
22 0.484583613981919
22 0.872675413677888
22 0.484786581448617
22 0.350999328330802
22 0.321869864540676
22 0.944605427813361
22 0.537180441025195
22 0.567262149943979
22 0.365994158707039
22 0.554692759525898
22 0.739936794487559
22 0.341470276685917
22 0.915080442216745
22 1.053529021903944
22 0.683741213629689
22 0.524673517988326
22 0.596858913581248
22 0.970814274829027
22 0.954346425599825
22 0.801590936147343
22 0.494528499178436
22 0.791314894336711
22 0.648884395368054
22 0.334154963885521
22 0.764341621916837
22 0.536526397979566
22 0.527808679820069
22 0.886618309541842
22 0.576372643958378
22 0.658896350854321
22 0.813079608970398
22 0.633724315090734
22 0.299522273079595
22 0.879417507378539
22 0.430007592878680
22 0.822061648401879
22 0.749177195297854
22 0.463194278675383
22 0.749065448573636
22 0.942609688670529
22 0.549542888797006
22 0.543668374922833
22 0.730476204845504
22 0.731387937400026
22 0.674365868919955
22 0.652143948989888
22 0.670290844393771
22 0.687311580439827
22 0.504415870922540
22 0.561017884209140
22 0.569056188942133
22 0.750476127042571
22 1.256601179762979
22 0.451783999524788
22 0.750281936716847
22 0.550306615554394
22 0.799066884022730
22 0.494229956865610
22 0.326953516237795
22 0.622937513635684
22 0.812305196414546
22 1.207035625651582
22 0.692532270110336
22 0.953968235078214
22 0.582208205128751
22 0.820464232245838
22 0.770958653155431
22 0.895317125995374
22 0.425088254380982
22 0.482672598996173
22 0.613466456057311
22 0.829721893775379
22 0.426116062125840
22 0.469740741139394
22 0.566742395586052
22 0.838672285194530
22 0.530149695810587
22 0.668239606595165
22 0.748988889873669
22 1.078646315339660
22 0.766908895256359
22 0.614386000780824
22 0.677094978957887
22 0.581942887062849
22 0.521579212498323
22 0.479622796981996
22 0.655565740726266
22 0.873923788927291
22 0.575289525330217
22 0.348217246768647
22 0.562592369393468
22 0.434512564831022
22 0.762805424610367
22 0.577087371031897
22 0.613640613269199
22 1.031598796649973
22 0.755944212665329
22 0.730286526765213
22 0.503979933818760
22 0.612278416196490
22 0.530759982830786
22 0.411133266093628
22 0.760388697287293
22 0.859081524433758
22 0.609327997964881
22 0.767497070333628
22 0.592887397166046
22 0.828070472215701
22 0.540227586764231
22 0.470949680203301
22 0.930629662818195
22 0.753992304120298
22 0.646160337621918
22 0.539178387760176
22 1.037446516808615
22 0.456589568011601
22 0.611224323719046
22 0.603620830352063
22 0.817748441209416
22 0.591406231389673
22 0.678522233310135
22 0.631942142590474
22 1.387322953855026
22 0.531777693823758
22 0.386081086356976
22 0.564249428524430
22 0.730933006786628
22 0.844068396344784
22 0.458088874398633
22 0.639945593583266
22 0.721306328267551
22 0.728348283432863
22 0.651741411800362
22 0.613076070960161
22 0.647644488804417
22 0.565437779068507
22 0.392557033648049
22 0.785277565401884
22 0.437585841208278
22 0.567005486398965
22 0.486781722870861
22 0.830891155450197
22 0.804289692067102
22 0.424897748134344
22 0.497210269715473
22 0.360699190098257
22 0.615982464128306
22 0.399797209911076
22 0.974050851590138
22 0.677434846369474
22 0.701808020411283
22 0.789005609991745
22 0.375887488375056
22 1.144975089558074
22 0.419640779003714
22 0.665706704956422
22 0.781027360323491
22 1.035696246724155
22 0.530093168761560
22 0.767121272256830
22 0.362377001623726
22 0.598938381277616
22 0.605795434813291
22 0.705014919997149
22 0.546614395595159
22 1.255500787186344
22 0.619501567910491
22 0.497213403785443
22 0.637891041588410
22 0.385289172611230
22 0.835105218841746
22 0.451444773532256
22 0.533701800375071
22 0.908346016263357
22 0.541480316188141
22 0.720465479732369
22 0.730447880435807
22 0.635487553000283
22 0.418041642433919
22 0.838405881028517
22 0.474770856246277
22 0.433114030509238
22 0.736497615993016
22 0.662115967673425
22 0.655402542504766
22 0.621538488672815
22 1.224985893441253
22 0.396877715860660
22 0.402674273411267
22 0.389304827513617
22 1.223441519896849
22 0.382930968978360
22 0.934477233378088
22 0.420165614270892
22 0.681055167731060
22 0.710028856236703
22 0.464475511039327
22 0.875905826505726
22 0.886835575490701
22 0.893852451499105
22 0.444767999176586
22 0.690416363145260
22 0.392461926265086
22 0.803394470342462
22 0.491009797371500
22 0.856891629246991
22 0.823326781203448
22 0.521043890505193
22 0.971111697745698
22 0.568777581696432
22 0.592696135787746
22 0.543749950262447
22 0.875507031396496
22 0.345157989069566
22 0.632960708668791
22 0.681965560858888
22 0.663092268632897
22 0.615213370681701
22 0.741125214843911
22 0.355329980288777
22 0.966076129023785
22 0.363077800482651
22 0.869432615752897
22 0.650571433869820
22 0.726129180258238
22 0.712555519189870
22 1.007765730834378
22 1.420721339142076
22 1.022241100211346
22 0.364261434069414
22 0.699122896862848
22 0.797207549792980
22 0.431939344212095
22 0.422731254527136
22 0.608648714260122
22 0.675391108425621
22 1.377586714323349
22 0.820620401451693
22 0.686346145461051
22 0.388614436749829
22 0.579220993391317
22 1.019882807677535
22 0.372066037805616
22 0.666107087951535
22 1.249848117063543
22 0.615819911336524
22 0.729204492761516
22 0.511345865817403
22 0.649781194633089
22 0.515872614356237
22 0.453410834036482
22 0.429034513070687
22 1.153027834762185
22 0.540948027233013
22 0.408050923440015
22 0.790148159920293
22 0.514222251233158
22 0.470581902870895
22 0.590000933845243
22 0.652727623106171
22 0.573688058337747
22 0.746670886975894
22 0.877052339017179
22 1.099338129569127
22 1.315840358525452
22 0.619557220819270
22 0.617274491609170
22 0.640943988384015
22 0.541222814134103
22 0.658302967222335
22 0.773150471326701
22 0.513064671796572
22 0.551741025158895
22 0.571917119686516
22 0.546400866333679
22 0.530999543344203
22 0.886308941618649
22 0.634098407369883
22 0.874352448101087
28 1.543538794362828
28 1.740366623936652
28 1.963151295016125
28 1.479945376475074
28 1.154148982209254
28 2.040895318111604
28 1.923242492589116
28 2.185928710005880
28 1.718864736394353
28 1.873456337371826
28 0.974361314294872
28 2.271225312059847
28 1.804672911641606
28 1.318799343530367
28 3.254848082129906
28 2.463363586180274
28 2.389118067368656
28 1.883759042977299
28 0.926638232889932
28 1.436393042352669
28 2.166490469632954
28 1.777225953400301
28 2.200677192928902
28 1.428304390666227
28 1.714525039447508
28 1.509351961361917
28 1.936476705791689
28 1.594754707828927
28 2.180630719833065
28 2.912757431118286
28 2.724415945715940
28 1.215647696186460
28 1.440710052527333
28 3.401953913320373
28 1.627648274778559
28 1.734158866543465
28 0.986887968318490
28 1.329765511776525
28 2.326161016457557
28 3.625252894476762
28 0.833675453437926
28 1.154539533357991
28 1.781897518820790
28 1.579558868448378
28 2.014457262650741
28 2.973079411177800
28 2.306817920915899
28 1.184679148989753
28 1.906697167255752
28 2.359125093587143
28 1.884817566894261
28 2.716204126762981
28 0.969471103241384
28 2.248888957223054
28 1.609944718600796
28 1.067407803864351
28 1.040863672746254
28 0.712872397192093
28 1.808648661133745
28 1.533215725215782
28 1.453049708376170
28 1.190163520511236
28 1.999829850317301
28 1.605706684469889
28 2.218354201447903
28 1.873700214865503
28 2.242638686842716
28 1.210003842112481
28 2.135778855777614
28 1.458869546848881
28 1.954623108820658
28 2.252255693346646
28 1.344844986364821
28 1.604823281325901
28 1.078498240751721
28 1.846457842642453
28 1.846415949933256
28 1.630785748446286
28 1.716785184271394
28 1.357353452765894
28 1.474953546825074
28 2.093068402807907
28 2.150750982839704
28 0.688958282801822
28 2.410458503515105
28 2.494756443602663
28 1.962377436527847
28 1.307911339004853
28 2.881089688468176
28 1.100052727816354
28 1.801590516564660
28 1.539886958271992
28 0.953547275409790
28 0.851661136167231
28 2.110809476042475
28 1.702878577020925
28 1.212295682673726
28 1.594066098422851
28 1.105246454481888
28 1.229311746678195
28 1.160252611662484
28 1.745344203589489
28 1.413240121569263
28 2.261925722823278
28 1.751227718466824
28 1.886838315872638
28 1.417737176100630
28 2.119410199410474
28 4.450532496564265
28 2.472728076793210
28 1.455307827637076
28 1.562488792235466
28 1.122875226101050
28 0.838138748638631
28 1.946984756238461
28 2.077752777972607
28 1.861588067730423
28 1.139814625344276
28 1.564025832337397
28 0.994653966282996
28 2.587831771473222
28 1.707544409936190
28 1.688684534824473
28 2.598388690595939
28 2.255032508624641
28 1.998018077812409
28 3.025154025066821
28 2.794197869963536
28 1.705482863568863
28 1.364954844448075
28 2.438782581461209
28 2.143974583766286
28 1.971780047598902
28 2.136252948248799
28 1.139900970554738
28 1.369206178499052
28 0.893896519362440
28 1.613788916895606
28 2.553772821996672
28 2.113972465319124
28 1.955430376293052
28 2.502601214360384
28 1.392948469791727
28 1.414150670208427
28 1.251565325470165
28 1.772157209917166
28 1.579104886583538
28 1.429227571692112
28 2.131389566086326
28 1.270630448486930
28 1.111153628227086
28 1.732868916635595
28 1.816468583914879
28 2.147866966041829
28 2.102388831639458
28 1.573428902020001
28 2.291306833843234
28 1.095703810434873
28 1.513435891126814
28 1.482452077754998
28 3.170365666945009
28 1.730345631333149
28 1.747497097242876
28 1.705712964200548
28 1.163499600809642
28 1.373360553851830
28 1.534997367970509
28 2.089452408491773
28 2.312680640078140
28 1.346977936308844
28 1.589187299745890
28 0.759813304495104
28 1.289857141488090
28 2.743266429627323
28 2.092350286186530
28 0.921158312739960
28 2.325383813203209
28 1.507900067153346
28 2.023465586105119
28 1.225539590240426
28 2.338349000950354
28 1.658207694683029
28 1.983472335929273
28 1.594697579963730
28 3.079762399733156
28 2.455780026322026
28 0.876175334653062
28 1.306367193675848
28 1.769129047176006
28 1.886843831263675
28 1.762390657670069
28 2.013773875307451
28 1.849898427249799
28 1.106027518373477
28 1.743524358863231
28 0.989285855086285
28 2.167333498630301
28 1.226117421022057
28 1.402702178995946
28 1.348331795772986
28 2.386222198721958
28 0.883213517048106
28 1.250643899866258
28 1.532428370582003
28 1.949766984157605
28 2.613116546699385
28 2.476953898045675
28 2.173365076526069
28 1.711008324695253
28 1.898061840904757
28 1.149544329978820
28 0.884901934722095
28 1.012262065043350
28 1.945797922549545
28 1.744014765513178
28 1.611598842113889
28 3.861911732873581
28 2.373297033276609
28 1.122609427902813
28 1.386476548364655
28 1.273685434201408
28 0.838106954198444
28 1.895223563675869
28 0.988238482102003
28 2.239201287653055
28 1.345926488809804
28 2.322130630552460
28 1.487492051754509
28 1.201265312806913
28 1.021297158529803
28 1.552778079160807
28 1.391370999440297
28 1.773401501787674
28 1.079489090709139
28 1.183616669120881
28 2.548289771533307
28 1.640793301221902
28 1.167548658220047
28 1.170299537582720
28 1.583405997405513
28 1.370158757487125
28 1.507697151226355
28 1.755887847776823
28 0.974366047460957
28 1.411730567858188
28 0.928093362564350
28 1.271396050684796
28 1.123858439962497
28 1.775360385092922
28 1.469941782837799
28 1.522774857270590
28 2.694286196381425
28 1.409045289995078
28 2.283657306222069
28 1.096130233418461
28 2.218348784319002
28 2.737441071745567
28 0.874726847749870
28 2.642646409742254
28 1.601937915992549
28 1.213421659527516
28 1.327708478582752
28 1.767262755800497
28 1.272482288665654
28 2.586953071446644
28 1.614779274047727
28 2.016407329386944
28 2.647289907588000
28 2.129463132800256
28 1.303357570676226
28 1.112145292703494
28 1.647140653344608
28 1.731104032538054
28 1.771793667691316
28 2.287131510429781
28 1.229150481209504
28 1.263132400928200
28 2.279430342985079
28 0.999134442284098
28 1.363534399803201
28 1.837091330429486
28 2.471777084586625
28 1.970906200967552
28 3.413549231171039
28 0.977725941914808
28 2.236575786037382
28 1.580238664751914
28 2.415855320084030
28 1.604289065542311
28 1.447280752934468
28 1.488269111959458
28 2.589323328575714
28 1.191001950955286
28 3.010317646178681
28 1.849348387726522
28 1.968943669538338
28 1.767420964122067
28 1.550830293268443
28 1.958552912105805
28 1.640633118354411
28 2.114295330263451
28 1.200862353206969
28 1.695136857291880
28 2.310917961395358
28 1.822379930311271
28 2.341902661714387
28 1.344243927293133
28 1.748585199462040
28 1.049386189939743
28 2.115535263539010
28 0.801988292663344
28 1.878396834734841
28 1.472961058839513
28 2.604012692199312
28 1.622564152830508
28 1.198621547527709
28 2.300893955324841
28 1.581694178998585
28 2.432248802884985
28 2.908071807570404
28 1.896345260026679
28 1.833347371223035
28 1.605658973678231
28 1.756411555945287
28 2.283955219917656
28 2.425004926935434
28 1.683868660059791
28 1.993506383521114
28 2.057266399942456
28 2.321903333602656
28 1.604081943248612
28 1.840695204551164
28 1.516294053773740
28 1.756921107661747
28 1.950148140999473
28 1.449073353965762
28 2.741903576880557
28 1.776678045321664
28 1.217391733327465
28 2.982203045573031
28 1.251225220925250
28 2.714593930034257
28 1.856173702006001
28 1.528672473913045
28 1.632692938589166
28 1.488816514917088
28 1.381818095006640
28 1.909638253792589
28 1.696510995127130
28 1.249206433430948
28 1.787848742576661
28 1.980924529582238
28 2.078714533414719
28 1.323767166042948
28 1.649010242733888
28 1.419817754066273
28 0.998674197593257
28 2.017595578391995
28 2.671677633781010
28 0.860780881694389
28 2.415874054182468
28 1.839680289619772
28 1.509498985570201
28 1.134637526846763
28 2.216989630578818
28 1.504449569269368
28 1.595681905370334
28 1.716364576422260
28 1.397711131602207
28 1.883611706447670
28 2.427970808896402
28 1.051520840047508
28 1.667284193800992
28 1.280367740815200
28 2.076137949391452
28 1.113249532693972
28 3.785095699310277
28 0.947753895632213
28 1.754641750075320
28 2.172936795136214
28 1.529009175358312
28 1.973255250777145
28 2.652783882942980
28 1.707683132230484
28 1.929518540995799
28 1.486605252324326
28 1.996091401730014
28 2.460044226576628
28 1.184782830435601
28 1.172089537622981
28 1.717484017610512
28 1.765838685750952
28 2.372016468299030
28 1.386789312352569
28 2.889212430130078
28 0.974806532315990
28 1.637298845708493
28 2.180453967756015
28 1.946166665454354
28 2.970981280339103
28 1.444655535924714
28 3.104241911074377
28 1.550289173220155
28 2.503342173411686
28 1.681520890521971
28 1.285258766496879
28 1.974809099502531
28 1.373558247409021
28 1.798920708048285
28 1.788194600338330
28 2.731662085052553
28 2.938251015299501
28 1.224083974351514
28 2.002220177789114
28 1.049978936914864
28 2.318116688490633
28 1.690972297848770
28 1.777771053755841
28 1.657183327387743
28 2.010569638670943
28 2.046022149858943
28 2.628248879038271
28 1.416649364909362
28 1.003270873983849
28 2.885264822317887
28 2.773376811128667
28 2.060447845139096
28 1.631816619116748
28 3.166761807279119
28 1.932960669858908
28 1.845421969127139
28 1.430355667102898
28 1.646131619108297
28 1.423717804795099
28 1.362637469916284
28 2.422677596205319
28 2.300503603494646
28 1.160514994467294
28 1.865722841516132
28 1.777048700020081
28 1.375307667626050
28 2.203242511189088
28 2.967167007860051
28 1.072732950453568
28 1.341849871639218
28 2.887673365580917
28 2.049761233707245
28 1.230331021916435
28 1.777244322477554
28 0.886374374680540
28 2.158607436178882
28 1.107993062164104
28 1.431219148963810
28 1.462132876558125
28 1.548678243712603
28 2.048785467606291
28 1.405970748919932
28 2.004271607926563
28 1.095445586894364
28 1.820021424461887
28 2.036649586638530
28 1.913355993236485
28 1.851373930039587
28 1.151156752398395
28 1.495217570848104
28 1.741997974362451
28 2.465127291252611
28 1.616293275255967
28 1.034313905472277
28 1.520889991587786
28 1.554464949080053
28 1.492660104169400
28 1.976386484678660
28 0.996290954650338
28 2.484048931912122
28 0.966207796271397
28 1.664824902960683
28 3.219782793775724
28 0.931595691733275
28 1.230387039487175
28 1.980832014105815
28 0.750530509560887
28 1.039138196688143
28 1.538402779451491
28 1.825463079977178
28 3.516393081865786
28 2.043654772033110
28 1.798964722720135
28 2.023930827283240
28 2.517499691111008
28 1.657433915266305
28 1.771075588511806
28 2.797727165390804
28 1.817107177587261
28 1.126911283987055
28 1.093553379101986
28 1.813815424127062
28 1.153568806392267
28 1.503780805359828
28 1.257106398313845
34 4.680813395370913
34 6.487447723132800
34 7.300425341297313
34 2.907358590190158
34 2.523421885768157
34 2.624141973254506
34 3.107616269338191
34 3.060244018672249
34 3.200708966832569
34 4.216718639770740
34 3.438430905838002
34 2.348105733892752
34 4.691014437287673
34 3.906213360333304
34 3.193635222920340
34 2.133772643342990
34 2.818213875145841
34 5.051076991738556
34 4.004645191005168
34 3.709352291746644
34 4.835258855741352
34 2.490512220366995
34 5.750106162446227
34 2.816302879689697
34 4.605319124757848
34 3.914445344814546
34 3.870949837560938
34 6.526591143251447
34 3.231451377745767
34 6.235816549114799
34 3.882511545250953
34 3.042546852262942
34 4.640301495218516
34 2.830175411504253
34 3.507436031496029
34 2.334547404613424
34 4.807063828332913
34 2.488861882224891
34 1.519905313852280
34 3.041577472695286
34 3.050486719271823
34 4.471383250268925
34 2.274942015929110
34 2.488905308833075
34 8.838870459631819
34 2.848456417573377
34 5.244532102682610
34 3.077324476465534
34 8.465183436112211
34 3.325548134121294
34 3.662519121753653
34 1.785450819928037
34 7.213165073627014
34 3.951987368096114
34 4.083231058313038
34 4.075755564718605
34 2.982301026378119
34 4.512316219308782
34 2.403533086832839
34 2.750170119633357
34 5.906094209073164
34 5.770712087342138
34 2.700393720218595
34 2.152664340481852
34 3.087772492315640
34 2.320418498833840
34 3.828161276834217
34 4.593695473077419
34 3.417668864963981
34 1.833505508192403
34 4.897564151572897
34 4.198940577479905
34 7.174593451099518
34 3.912211951497860
34 3.679926430300456
34 4.867371541276574
34 4.453965649493949
34 4.130858987066695
34 3.378741269299735
34 5.138316840364944
34 2.275420133951079
34 5.035270043832459
34 2.906652348841719
34 6.851685358553754
34 4.207393807272854
34 4.166990135855583
34 3.386081350796251
34 3.980354353421297
34 3.196258816687546
34 3.636371375663180
34 2.560888954725446
34 3.462872576632877
34 3.382529193791519
34 2.392327760683342
34 3.891205806673306
34 4.189893767526510
34 3.869147213246953
34 4.302014916252836
34 2.525700905167665
34 2.058638975968133
34 3.626041036538375
34 4.935356735730379
34 3.950835383970876
34 6.763323057731380
34 3.583458222154176
34 5.858764227932222
34 5.290872371996779
34 3.260459838974611
34 2.080418445523767
34 3.420890568677425
34 3.218990648647150
34 5.061282694761556
34 3.156918252421247
34 3.471026621139371
34 4.453007755115292
34 4.813411409886608
34 5.586838276182607
34 5.681649533756839
34 4.137414730175085
34 2.204170723112573
34 3.931628730188528
34 7.330652798122615
34 4.842947451191129
34 2.639472448081459
34 3.664989835699681
34 2.931560499002212
34 2.910564132225272
34 3.368440147955726
34 4.164818507850520
34 5.610812986953270
34 4.110386376603963
34 3.620691048014808
34 5.053265493092525
34 4.825782886934473
34 5.426662322339133
34 2.599930384235140
34 3.556335136021202
34 3.239474034616665
34 3.673453206816029
34 4.063964396703026
34 5.054279466758657
34 3.485444400286458
34 3.379780020493183
34 4.488252191268331
34 2.788453699196995
34 5.573948479750760
34 4.425976544250129
34 3.517188667296907
34 3.762988755062988
34 5.791203555345805
34 7.976544312886075
34 4.581538667379601
34 2.642382792136210
34 3.318564367399147
34 4.275568346461871
34 3.313487338658201
34 4.058681522451669
34 3.590082215710287
34 3.722563090438546
34 3.042747211647154
34 4.934031181966254
34 3.787779139080485
34 5.099701298985192
34 3.632095721844452
34 2.820001941439826
34 6.749624427949677
34 4.391734709106171
34 7.919390910144647
34 4.330151854893313
34 4.125008156844982
34 2.891517965000185
34 6.456922827620053
34 5.999155323230033
34 6.978609122885976
34 5.683829686473289
34 3.169339252777529
34 2.339890616294595
34 3.330243226721213
34 7.233849751685987
34 4.648846960189390
34 3.879478108395225
34 6.445877082501450
34 3.697596096548390
34 6.401408633424385
34 2.476819541244677
34 6.066330058886363
34 3.551871276640015
34 4.135796581293518
34 3.963788858407096
34 2.192984530779873
34 4.456081865367622
34 4.672413799473203
34 3.982075855901124
34 2.125643295931529
34 4.049527243112328
34 8.200719526588369
34 4.526883608765933
34 2.336724907528754
34 3.556299602544775
34 2.720697101930539
34 1.910616700678321
34 5.537736663847597
34 5.203452719173466
34 4.133995145763427
34 3.624250118009556
34 2.108457392397225
34 2.774146557343109
34 3.345614259227573
34 4.163689590051346
34 2.937741420593451
34 3.803418923439153
34 3.578825681445649
34 1.922913279956576
34 2.034005714039187
34 2.798512462123815
34 6.149552479604503
34 3.962521136702331
34 3.687573810968358
34 2.518591772519734
34 4.626442894022301
34 5.918006968965536
34 2.330772127561993
34 3.353492377790102
34 5.459248508949601
34 4.130020618796929
34 3.048108426648418
34 2.952004730372281
34 2.247072564099733
34 5.567405523039548
34 3.550653694800660
34 4.116008417745453
34 4.133789999287448
34 4.334950097120256
34 3.869483365075082
34 2.581241026148686
34 3.909331095756664
34 3.227137955606203
34 5.292881742133067
34 5.052390887425160
34 1.858431128387804
34 4.769919698002654
34 2.723221523142684
34 4.042394810404847
34 3.030189507619647
34 7.232256009815716
34 3.937125720262349
34 4.899603935197741
34 3.743312792062208
34 3.434197221345095
34 5.246192155527415
34 7.372389664715398
34 2.624355973546403
34 2.890245461169441
34 3.316942556120073
34 4.866639649119881
34 3.759488652142673
34 2.099935885245263
34 3.113644680527378
34 2.518179467418542
34 4.172548161804492
34 3.593776749562811
34 2.721600717992545
34 5.469980372026656
34 2.684135104780525
34 3.141043749614292
34 3.171318449524522
34 6.439478728640315
34 4.222623171354068
34 3.956219959308579
34 2.303219207229967
34 3.513806846438860
34 4.963413937249170
34 6.076674008208781
34 2.046761325040629
34 4.462291088399583
34 3.138593101660271
34 4.494634000047801
34 2.854154509919029
34 3.888690289305943
34 3.577805392462712
34 2.487953116643348
34 6.926851666520578
34 2.843686223471035
34 3.678586273144421
34 5.371034698512546
34 5.750939314372644
34 6.331651585298394
34 2.976126658332833
34 4.783227039624841
34 2.056656534185540
34 3.515598553346792
34 2.102822370333589
34 2.495883994706988
34 3.061947385765640
34 2.829208394281434
34 4.104960727303453
34 4.332985517035495
34 2.927223191212008
34 5.055196347014538
34 2.400060612280114
34 6.830936373819304
34 2.880324125127462
34 4.595335614168039
34 3.498861827121891
34 4.072209983327088
34 2.469639859703428
34 2.116317945785645
34 3.001225284396890
34 3.410441976848724
34 4.759368550033432
34 2.226897739327321
34 3.156706702113790
34 3.359637085043365
34 2.700567365845848
34 5.255486447098900
34 2.864073208595190
34 2.961912786093420
34 5.255396970796538
34 3.084100364413397
34 2.060602305333013
34 3.404496413525711
34 4.994740102817034
34 7.170117697944608
34 2.805849517130638
34 3.342912093374552
34 3.086054754452147
34 2.245285341320378
34 3.558964682207268
34 3.337710294885306
34 4.821098891346006
34 3.651456893804648
34 2.668109854030747
34 6.642522282911063
34 3.723489167279814
34 3.922185579227232
34 6.844893437502272
34 3.028493406809208
34 6.646491647743039
34 3.871176287306787
34 2.331669648125952
34 3.539130289016745
34 2.171170624859466
34 3.988126901901214
34 5.662539655563496
34 5.298718063730600
34 5.129995232577204
34 2.798378000412986
34 4.440532490450157
34 6.273170371496591
34 5.004598545811714
34 2.541395923872723
34 4.118224637546094
34 5.202943027963105
34 3.891009566418999
34 3.693076729290611
34 3.530977407324183
34 3.341075198650151
34 3.898611530154228
34 2.201710506370714
34 2.936476452754386
34 6.798110689953558
34 4.304745610013560
34 3.129352385708061
34 4.044979434977821
34 3.128374279223065
34 3.190547335121158
34 4.110489134929039
34 3.076162635832063
34 5.416089126693537
34 4.695232729638955
34 4.210928693602538
34 2.320763906810119
34 2.532497137008583
34 3.370357072273301
34 2.918567811948782
34 4.955473629026867
34 2.890305384966116
34 4.467986746899567
34 2.039724063352523
34 6.024194727817904
34 3.471590171248017
34 4.334825286132528
34 3.876633529020324
34 4.646676280233412
34 5.291885735683815
34 2.627339736307635
34 6.761608903861231
34 3.537574843162985
34 1.809216655204082
34 2.226133072296391
34 2.658700589410369
34 5.880006485204671
34 3.046765314744578
34 3.648650184443494
34 4.757841694062586
34 2.748652644206317
34 5.305800594828812
34 2.538591859462997
34 3.716411707321035
34 3.474076146165992
34 3.743705727686970
34 3.777613148543518
34 3.394980531181383
34 3.823583809353083
34 6.981108696260414
34 3.471344691280061
34 3.318582896019132
34 3.629026926951435
34 4.482055399016994
34 3.610460204828307
34 4.875553869719466
34 4.821810803609672
34 3.023996306202980
34 3.971207710960407
34 6.109203946396584
34 2.675783508037285
34 1.937075133543415
34 4.956893618765931
34 3.351620987557316
34 3.768920490342277
34 3.546969518535939
34 1.978007819689121
34 3.124629631200522
34 3.390603896145338
34 2.830930678895689
34 2.564309153584837
34 3.399405559225024
34 3.414798781884298
34 4.061273518121324
34 4.528154672643276
34 4.653442510355500
34 4.227350025683839
34 3.530701291581574
34 3.779354333597473
34 1.915553534134071
34 6.653438047449715
34 3.550536218370488
34 7.675597459328379
34 3.758183742140144
34 3.132454545344432
34 4.091498311052508
34 4.988709337082603
34 2.201978745068278
34 4.594365474045683
34 3.335123621432529
34 2.615134564230250
34 2.844702757047912
34 2.526088880373459
34 2.833886826792088
34 2.776301523356995
34 5.098913391707217
34 3.715501536205096
34 2.197592893208456
34 4.069749570196025
34 2.585674671925081
34 2.820542043810294
34 4.231262505926487
34 5.307257790860067
34 2.735687646489859
34 3.832765507269648
34 3.174158942294758
34 4.547550009432992
34 2.211741045726279
34 4.743425295405875
34 3.187450944067440
34 1.880270271988338
34 3.342153845643977
34 1.942793822639410
34 4.757507876522116
34 4.820146387698012
34 4.637534956104767
34 4.014846099192853
34 3.444269080165093
34 3.754239581339561
34 3.080855758589309
34 5.808662890402775
34 3.569487896763459
34 7.801802184406268
34 2.475615778660513
34 3.605303043546257
34 3.573060269756976
34 2.495934953607887
34 3.234497266300563
34 8.954347287968115
34 3.184115836223944
34 2.571710065902565
34 3.644978507064498
34 2.691848767562998
34 3.575554557635129
34 4.641421386347903
34 5.267381081398217
34 5.120896688777433
34 2.483903318841820
34 3.311326199663096
34 5.890400529450609
34 2.845684097687653
34 2.340129325326390
34 3.640105324048488
34 5.939148995764421
34 5.147119450026102
40 9.259171348502001
40 11.410166104948058
40 13.088631876696393
40 5.609175289470708
40 11.111115338598996
40 3.761655542296696
40 7.360289885320547
40 4.282067559968117
40 10.390616399938910
40 10.471960250680928
40 8.865546820134712
40 4.739337777446821
40 11.284043414019720
40 4.792449789225779
40 7.942959335228013
40 5.049390856169394
40 5.538553100046522
40 5.360175610776484
40 10.648530910441519
40 11.429323382905197
40 8.109339155108248
40 10.715633327550364
40 15.138205364423623
40 5.667415246294703
40 9.010927546501886
40 10.797139543598666
40 5.093245624667574
40 10.576839303361680
40 7.686334665351472
40 16.185939531148669
40 5.307841914446295
40 5.142703732796187
40 6.071256555728768
40 6.387125248877167
40 6.240545565890949
40 7.377348355060883
40 8.035986054972584
40 5.076911977053003
40 11.704833138576518
40 6.629679880048222
40 6.385320111371837
40 5.431688301812549
40 10.107320937151652
40 7.868696856010448
40 5.042181449345315
40 7.110960808000822
40 9.976690274404033
40 5.857044491486729
40 5.704355271556798
40 13.472386189279671
40 4.769626324075949
40 9.286540798430789
40 4.903555577036171
40 6.814123044576460
40 7.047275622204376
40 9.617112751650474
40 6.268428150216948
40 6.235766928310893
40 10.305291005606326
40 10.741674210749398
40 8.719213479963399
40 7.350372573546190
40 6.473163596024600
40 16.642827424528789
40 11.479156661849155
40 8.124204742012257
40 18.039238999894863
40 6.826607975673561
40 5.606962509618493
40 7.943054347569914
40 3.977780270224646
40 14.310422996363688
40 12.591978270424431
40 8.739138202515889
40 12.981372941699194
40 7.423866842320900
40 8.050491322275327
40 15.177166000351708
40 7.527742962459726
40 3.339972675832659
40 6.550689880932829
40 8.067380311896795
40 6.595014383930380
40 13.562566902947603
40 8.487471124092579
40 4.165450256776275
40 8.697433142222554
40 8.552723452924774
40 12.539898206181707
40 9.436980252048473
40 8.085170677346634
40 7.763945746210000
40 7.243608731201382
40 10.087652410227960
40 8.283245065769609
40 4.800940851264983
40 9.178985970077365
40 7.115462543156589
40 6.669217952469625
40 7.326973915135714
40 9.945260579173857
40 5.023514347998336
40 5.915347039805669
40 9.434354120943091
40 4.398665872304628
40 7.969006736077494
40 5.213396387356055
40 7.566771444981461
40 10.204716928321988
40 6.906097596446587
40 8.343735121253372
40 8.050452963190004
40 7.492771411189322
40 10.261578804215631
40 9.255114858583877
40 7.832143204779229
40 15.729303049363430
40 6.589814575284580
40 12.232303162349584
40 7.077083277044103
40 7.244748464508997
40 11.672086093831840
40 8.142489593629772
40 15.314164900012193
40 9.848345571872807
40 5.539649662091753
40 6.816013093362111
40 5.137980874881663
40 9.223601455460026
40 6.133591857530322
40 16.579553042455608
40 7.286247001735119
40 9.253866437932722
40 10.991821857737465
40 12.864636187317119
40 6.649672114744634
40 7.382034620211666
40 3.614199173855833
40 15.137471222789365
40 7.603055266941189
40 11.302897327380974
40 10.509376141938553
40 5.970782738766028
40 5.326883550366720
40 7.883627492360047
40 6.433808154491484
40 11.288514428936347
40 4.525442442632290
40 7.540637826365520
40 6.648659992517368
40 5.529587075965628
40 4.843677687198946
40 7.620376280094018
40 6.739133671876806
40 6.490898650970769
40 5.826044183660326
40 6.702030483163536
40 7.702369724208843
40 9.140581023811110
40 7.278756640956464
40 6.580601052429174
40 7.363869217031283
40 11.165403659265374
40 7.096953397857355
40 7.773511461025006
40 13.418358759916433
40 5.927248976934145
40 5.434955940774326
40 7.442754374877255
40 6.765955564508303
40 4.920246600204404
40 3.610120929087476
40 8.831148425032143
40 6.221319724395137
40 7.937504890166399
40 11.129929678334737
40 5.882091774387289
40 5.719114447637651
40 7.288586312867109
40 6.039915880467352
40 7.301057043140279
40 14.152266689354180
40 5.820760905114893
40 5.352509067188526
40 10.191295066103587
40 5.428848657951763
40 9.728294029885914
40 10.781856285972729
40 7.791403415487121
40 6.759310608382468
40 17.046062677844802
40 6.002237544162271
40 8.299596065269549
40 5.426108449856137
40 8.458238342018721
40 7.348464067338917
40 15.394544686415573
40 14.297204589447007
40 7.762864690023149
40 5.160607643602678
40 9.675026918561922
40 6.485175344908262
40 5.568537083081905
40 11.316504647006296
40 8.082872557222395
40 6.482603086070227
40 8.885463995206354
40 7.613364215690265
40 6.087003019482872
40 12.262735674289619
40 8.900421663469968
40 12.655127098378902
40 5.938140043151934
40 7.267772494689495
40 5.647654240142506
40 7.251325442344490
40 6.500054425127040
40 5.689039692168978
40 11.631919342724776
40 8.496511312568227
40 6.153600433115837
40 5.411096729312019
40 4.668772542030026
40 10.946054456269227
40 7.364693480490679
40 11.991306054496528
40 3.886271422077817
40 8.050989547747584
40 11.048478261723668
40 8.273334145140801
40 9.906197305618285
40 9.168296322461448
40 7.921316281018992
40 13.263732927474630
40 3.592484676719153
40 6.370252689225121
40 7.011150489188308
40 8.262062197866907
40 9.025604479391028
40 4.832909731975491
40 7.924338696998293
40 8.569952421870306
40 8.284942277861621
40 9.276151914772894
40 7.712466851385095
40 6.505911610517910
40 8.638378978941422
40 6.163912773754028
40 6.124583433680543
40 10.320712277548274
40 5.680133795258075
40 6.177806811125139
40 14.193070428794268
40 10.501094908053455
40 4.924157458268677
40 7.853918081487205
40 9.459834978740851
40 5.415011678878748
40 9.861298268195240
40 6.206870087514900
40 8.792779859209366
40 3.590110656495076
40 7.623873610158816
40 8.426235165232519
40 9.576781873894610
40 3.838922825307401
40 11.165113058126863
40 10.994073565831341
40 6.295855581371486
40 4.836605078799971
40 6.078315133567370
40 7.132139206577049
40 7.429510761626779
40 8.440613181057980
40 5.308765563546813
40 5.936728409135934
40 7.688931825551784
40 6.956862985514151
40 6.959364053451997
40 7.183749033752441
40 10.241697388122679
40 6.916151977596602
40 6.450878773290034
40 15.407511010914851
40 10.298049329907453
40 6.669235904519264
40 4.500757905920439
40 8.930032212931584
40 4.606459874836299
40 10.555550638691132
40 6.887919684075643
40 6.324455519278233
40 13.659284990431038
40 8.924441742874567
40 9.674969564101158
40 8.823631559464722
40 13.062770846124000
40 8.091379408594795
40 8.106060863764188
40 6.671663554606145
40 11.459391282225591
40 7.658058532887811
40 9.768076862877317
40 7.257922567869045
40 6.260433031594184
40 7.784983261291885
40 8.518601491354740
40 11.163333122007881
40 4.270310657685696
40 6.950971641157643
40 6.000371100655775
40 11.886553583121815
40 9.069819695503842
40 9.485025096533631
40 3.998170092910160
40 14.995857920429454
40 5.805994024069434
40 6.337150719939529
40 4.936331023340175
40 7.595412654290058
40 4.589641045969605
40 8.638815063472135
40 4.939934657071129
40 7.225008056664832
40 6.632837169886496
40 6.552631707531649
40 6.567582640110553
40 7.376990539067766
40 6.733322254413173
40 10.294900617629466
40 5.963553210786500
40 9.539547586918742
40 7.082584905274071
40 5.383097392707269
40 7.985930110732021
40 8.912175279139250
40 5.751847081293530
40 5.214028834647879
40 8.278778769724999
40 12.096965001689130
40 6.449289544872643
40 7.688040274241748
40 10.479728429677108
40 14.436102004606010
40 9.601900007210638
40 9.166381311079167
40 9.093930535597064
40 5.047091204058884
40 5.758154502942727
40 11.223552577828897
40 13.608465939334724
40 7.441461974037168
40 8.064403914662000
40 7.539902344813248
40 8.880198424181557
40 7.597685732441912
40 6.910307335220160
40 6.423395541339652
40 5.170580102588971
40 12.372781630795282
40 13.757507276556314
40 9.090674806579287
40 9.607545836927342
40 7.773031879519136
40 5.664199243157459
40 14.156167310867721
40 4.318968791264906
40 3.792660059518475
40 7.593992509859416
40 9.436688954751741
40 9.622613987894624
40 4.730505800203300
40 6.171413300562062
40 7.515825009826615
40 12.173628765084484
40 8.399664849919368
40 7.287916516363167
40 6.332058559712785
40 9.189591374794182
40 5.444567530183653
40 7.191267265496927
40 7.876885477998924
40 5.056141363199140
40 6.071050620243574
40 5.796370288742886
40 8.411914307629527
40 5.872260846106628
40 3.992008571352002
40 5.439083852432096
40 8.850706378704006
40 8.268943196928866
40 5.362843360478807
40 8.051807988574637
40 6.747714861589109
40 8.864667913196053
40 7.013412098158291
40 11.585040757432576
40 9.053256907380453
40 9.227356985472873
40 13.825317885950101
40 4.613964307214545
40 3.999706202581770
40 4.275035211013999
40 8.912285267785773
40 7.391227732085721
40 7.387434690139161
40 6.530061599614390
40 5.620816535053646
40 6.393418807735509
40 9.839528599786011
40 9.758835169887414
40 12.957903011316592
40 4.309188374291345
40 8.732487280445927
40 6.579876855001761
40 11.070103969198637
40 10.174135171595639
40 9.891091513647055
40 8.464029366993570
40 7.105549986198007
40 6.231145520099022
40 5.340418360536875
40 6.750655440324409
40 7.008335078154127
40 5.204854268921167
40 8.608479324080928
40 7.328661135445468
40 4.319660492539976
40 6.687182519556508
40 4.745062652571555
40 5.750005160547422
40 9.904209853865398
40 4.717343716859503
40 5.227444629790554
40 11.332384951456341
40 7.955978586374552
40 8.418630697712262
40 6.214392230322384
40 4.401683911896074
40 8.327964650714387
40 5.581804289381095
40 8.635858741288338
40 9.066347732477091
40 13.565089513144324
40 12.043367971573947
40 5.962579179253075
40 8.445320987374698
40 5.075904087797728
40 4.682755017436319
40 8.386879643886711
40 7.822318171495155
40 4.823108987614575
40 8.918761785605470
40 7.258168397241244
40 6.723839385332310
40 8.458977876061088
40 5.287717231590658
40 8.308850497594028
40 7.147274952253056
40 15.929547982606142
40 8.303018805367577
40 9.770885198335048
40 8.259896903807469
40 9.232339563241059
40 5.314479283001129
40 11.275974975343821
40 7.330733997181897
40 5.099242865415806
40 6.143572099855643
40 8.712345557746874
40 8.726518130402651
40 9.054843961280422
40 4.321574076288337
40 5.078710950649075
40 8.900482139405973
40 6.021497027180585
40 6.133680384907059
40 3.955606800893829
40 6.255492463338179
40 4.744245466360701
40 9.077457683284937
40 7.623312706090159
40 5.830705280169250
40 4.764619342128675
40 7.768889859289665
40 5.574324627579690
40 5.650116443852783
40 6.677855848451602
40 8.172554120648464
40 5.690280850415362
40 4.096376945163069
40 7.361880010977002
40 3.800068246370331
40 9.918820307463967
40 5.261378510254957
40 17.358101380527234
40 8.187330972953577
40 7.167377697600859
40 7.342624659420283
40 16.722864691283334
46 8.935765842023322
46 9.448144460475060
46 23.063753295697527
46 22.120409082269031
46 10.724324299904739
46 12.917571598843482
46 9.020390844753690
46 13.380747097705001
46 12.956899161472284
46 15.812972280575249
46 8.387253347230653
46 11.582865531079179
46 8.063572230856579
46 12.953416389351300
46 13.015076439399397
46 8.216333337911593
46 16.928737519202173
46 14.084586793266517
46 17.047652496904611
46 7.997186543071098
46 16.977186313714583
46 19.231759478712753
46 12.936913999159088
46 15.861372143975412
46 14.082931635929821
46 25.476151164447753
46 7.345249085499738
46 7.178673979633103
46 13.083684337397848
46 14.280711494031232
46 16.818491417866223
46 19.641683799683172
46 10.700757819743410
46 21.858687071079856
46 10.672333196937334
46 15.783093492455677
46 17.424505007589413
46 16.562000263851168
46 13.097207550703878
46 9.081313909178203
46 15.496817521544699
46 9.708067544212064
46 12.443253578573913
46 10.139571049647202
46 11.662990583604724
46 10.080457612313168
46 22.131745614238472
46 19.082436686389105
46 13.313227816858024
46 18.312393456090025
46 12.578054738494046
46 15.478879441244780
46 12.626693043496736
46 11.000780914263910
46 23.891045686654138
46 14.266402187119262
46 14.296024272163940
46 12.389644507369065
46 12.080379525841325
46 26.783849684175490
46 12.056416534103644
46 11.529708464686268
46 11.690660872028841
46 17.868394651712684
46 12.988700877048101
46 16.297948511414010
46 15.109151313187795
46 19.099507312511705
46 11.480049516105890
46 12.471550876145926
46 13.148609255422581
46 7.078014465896832
46 13.207846142918420
46 9.696283011767546
46 11.651767905585640
46 12.243310297732442
46 22.728986159978689
46 21.482137219793305
46 15.118669515076597
46 12.149436213503039
46 8.342586071356155
46 21.395542912645706
46 16.365867559465421
46 15.942433174398648
46 12.326477210915478
46 12.024311308811452
46 16.699748556612697
46 12.029131549656931
46 11.279673504443467
46 15.656869383565670
46 16.718116994835867
46 17.822277720952503
46 13.456255969562626
46 12.869538014079332
46 15.665527852729724
46 12.860240084944643
46 15.091919602548156
46 13.986004043305586
46 15.519619048625849
46 22.340537994186931
46 12.358650662277608
46 9.697596532071369
46 10.278740275222285
46 18.523537664521005
46 11.730140884612748
46 15.050246493900049
46 14.656167434522192
46 11.257322193033351
46 14.647238246520565
46 13.502675466221934
46 10.113778607598446
46 11.472635557535007
46 8.822036581357356
46 17.547684329895667
46 16.308104594553651
46 21.401144651773112
46 15.974957898453759
46 8.431932473029853
46 11.529699226642633
46 13.027087552565170
46 16.643627167146228
46 13.346925431336953
46 14.175295807425709
46 10.531311753010089
46 12.528126465120579
46 15.334608208029948
46 11.574931681764861
46 16.806371077752484
46 10.629947919362127
46 13.235582684762328
46 13.594422183946655
46 9.631575759822887
46 19.161868921258577
46 25.925189964393358
46 8.272397731666464
46 11.287730796150296
46 11.901470984417802
46 19.630314032747652
46 22.905741003797743
46 15.667751780039094
46 7.068961964123473
46 12.651181058710037
46 7.946589395597197
46 11.093982343460494
46 14.437135747285964
46 17.720606115146559
46 5.719410833409643
46 12.049054730490139
46 13.282850352330618
46 21.176757679172376
46 13.773938033286356
46 15.889313534865387
46 11.287136708569065
46 19.356094836851923
46 24.560257106309660
46 23.534944293637896
46 14.588028622213253
46 16.934363466773132
46 11.344001050969634
46 14.556062118824473
46 9.977619016149772
46 11.141666484863077
46 11.819540660977880
46 9.762302983347194
46 12.885388066380036
46 9.618558756654537
46 12.893373201724245
46 19.564168043869234
46 19.808938898062415
46 17.481863009807057
46 20.632770250035321
46 24.627113071703025
46 17.075141218084116
46 16.620173137926656
46 10.687127180332691
46 13.475822825042400
46 20.632124213814208
46 11.667330859746841
46 8.810356998229540
46 14.880530383223237
46 11.488604665635121
46 9.920035828045744
46 12.457489507513202
46 13.620472889268861
46 14.698243597583012
46 10.093320768871326
46 10.995287779561391
46 11.191833177692992
46 23.754815093039909
46 12.409942269168212
46 28.448462016169167
46 11.865462234798532
46 16.913763981518198
46 8.339632314362458
46 11.958486193932993
46 19.977996145051982
46 12.303612056981361
46 28.992809741053090
46 14.172004438506447
46 10.378712490854330
46 11.505541426466380
46 10.919450426106980
46 12.020129261424746
46 20.177192188007286
46 17.497100496499435
46 15.628978773565432
46 21.350557790929905
46 13.023434678914766
46 19.002791550038399
46 14.586806876343726
46 18.396918945521112
46 11.409399776742390
46 7.418925733306389
46 15.454489413981552
46 14.483096801787589
46 9.826847809271765
46 9.350019809703987
46 21.156993776239180
46 21.500697992697134
46 16.222165684203716
46 19.610594274205734
46 12.206252993161442
46 12.350305131314794
46 16.862916011777862
46 8.922224799505223
46 18.204950244459305
46 13.435004074025326
46 12.540714495401680
46 15.167483407877597
46 8.459840072662937
46 13.814096277878264
46 10.036391918828834
46 11.551111496762392
46 7.966819769723796
46 8.487065373112774
46 11.311260860487753
46 23.126389881150445
46 15.487266997213387
46 15.435751745772619
46 15.986532262489002
46 17.610304604466151
46 18.166945694057024
46 20.014873343283394
46 22.468703695822839
46 11.917294447210079
46 9.451524610729038
46 9.925292944690955
46 9.531435982415189
46 12.500679371238933
46 13.226084568024525
46 16.866187506424993
46 7.711885033424658
46 21.429586408501205
46 14.393782217327711
46 16.093398592057106
46 18.748951866836144
46 9.899016730157182
46 14.752265917437359
46 24.197330392479529
46 19.772326120144832
46 15.790839125284622
46 10.708136119755640
46 28.832535767409340
46 14.354677119385045
46 13.949838439569106
46 12.890740885031597
46 11.999886710726829
46 14.681952798183875
46 28.702968403139174
46 13.891396161692391
46 11.602955678495206
46 9.046295233578057
46 20.799104132997439
46 10.447699397228918
46 12.712291506583803
46 17.227506094958859
46 14.043987348402474
46 11.345184810368956
46 15.391249982245775
46 11.952515951402619
46 19.490296142692134
46 6.246912599907871
46 10.427636218249832
46 16.739327939828335
46 19.734037459298030
46 12.993440968773591
46 10.033539142330884
46 18.021908981061870
46 10.547563973901234
46 11.941969173065823
46 15.678735043578081
46 12.878735670799237
46 7.539609367870924
46 21.626488352847336
46 20.230160811917663
46 8.188588936725369
46 17.250386973485028
46 9.162093326484626
46 11.947771180867035
46 14.175957927395084
46 10.714819905383131
46 25.474823229344690
46 18.964626365924573
46 11.722952700697995
46 9.150626798871436
46 16.716771230443577
46 7.747754777979136
46 10.185046639403382
46 14.573465434418143
46 18.192109640243828
46 28.117301948244336
46 19.806003302301320
46 16.271214031405982
46 13.282642092340748
46 10.640492822739043
46 10.637325404868999
46 13.182151709176152
46 9.735047555108871
46 21.635865537255327
46 18.553066861651004
46 20.882165703353792
46 10.290004974647060
46 14.580945072879825
46 8.660625335480663
46 15.646098642809147
46 25.016902888120015
46 15.887528703374448
46 12.824309063383485
46 17.022371624324748
46 16.477652353017298
46 10.906819025850886
46 20.410955919241484
46 19.425001200244274
46 10.079940255818663
46 11.937995373556534
46 28.143346577214821
46 10.929835025431359
46 10.363207017585296
46 19.425136105367670
46 11.215192953325772
46 15.126187043744448
46 12.522140741597203
46 11.539965973470618
46 15.854475514857235
46 14.738203296838881
46 14.014387930532131
46 23.283904348638245
46 15.985755215950434
46 15.038566977015675
46 23.003249959851949
46 16.794648788719925
46 14.186153267070626
46 24.913799660171904
46 10.059863014481564
46 10.561534955099361
46 14.416547826893229
46 9.154363346515252
46 11.965613675146844
46 13.503490287037161
46 13.204498638747735
46 13.692908614490015
46 17.907004457092832
46 9.033189929311515
46 13.903789234339845
46 14.755381021297477
46 15.304951267251719
46 26.907311550119253
46 11.341027596259835
46 21.057827794516257
46 11.981208080806113
46 7.288200058558410
46 20.214637264848182
46 15.809314489136593
46 12.980582426667642
46 12.152656660084347
46 17.897167110665187
46 12.055063883335787
46 19.053522994027936
46 12.069714365968448
46 12.403970371815467
46 18.895968103794761
46 6.531296029332475
46 17.371131933577537
46 12.230396973165073
46 11.824682330025810
46 16.567559237308654
46 15.448180344911451
46 23.345671127172285
46 10.477978966307687
46 11.919759389371952
46 28.153747182385381
46 9.399904909490944
46 12.812531577432907
46 17.056701567411004
46 12.177351787818377
46 16.970880390312196
46 13.770124744651664
46 20.442649588121050
46 19.648979299114885
46 20.902835527098318
46 11.450174849036785
46 15.417981084209433
46 10.591618632261262
46 9.852379074779483
46 10.139835431220032
46 13.612098029878208
46 11.362825747424253
46 10.123383877727427
46 12.321453456943672
46 17.267636331434261
46 10.043746695155107
46 14.807492690864631
46 20.357550674673480
46 13.624750660081538
46 10.977875558976798
46 15.221697332049594
46 8.391285728294525
46 12.185345191253100
46 13.473132557603034
46 14.272615495830749
46 9.124001243621684
46 13.778752044528952
46 16.163190954622117
46 12.131303836894819
46 9.726599942245347
46 15.011757010407017
46 23.522519365740045
46 6.584707226837423
46 17.002966537383248
46 5.715710588887601
46 17.499638303401177
46 20.199039084323431
46 15.673924281804013
46 19.204276277513713
46 25.162134758760700
46 22.802657842597505
46 11.639634183242155
46 13.944446088032805
46 10.546342065830185
46 9.662085014132131
46 17.550413505061453
46 12.345071624789201
46 13.788220531837245
46 24.916260743612014
46 14.674827603565122
46 26.842714225346828
46 9.154083689039368
46 22.932461486618486
46 19.698204256147555
46 15.111277523676495
46 11.564255696641673
46 16.115531915230452
46 12.495654301640064
46 18.555599280555445
46 14.634040605419884
46 10.393724943757661
46 12.952450113539966
46 14.288828976427947
46 17.580736446093624
46 8.875348421154676
46 18.018259705692962
46 12.264792938314372
46 19.658412195222919
46 19.022936793004618
46 12.388392166005215
46 20.047785425411021
46 13.821065131889378
46 9.952743540298741
46 9.571422759099200
46 24.369308900126502
46 17.723425165249004
46 15.400576555746467
46 12.551385969139453
46 17.421085909765960
46 16.601855460454232
46 18.755470133106900
46 11.195658696760880
46 8.936832225863899
46 14.606418865009005
46 14.514623348384973
46 18.303322852068078
46 26.557829618086760
46 15.413353353247356
46 24.438407352838929
46 12.603135884169806
46 12.297384981051348
46 14.985864065648935
46 12.832131504074681
46 11.241682244809418
46 12.690752897833327
46 13.696812708854713
46 12.284349848486647
46 11.209733396013508
46 12.025251848447933
46 14.552968016829503
46 11.114663549442728
46 13.213294576842202
46 14.985111059895392
46 15.138645949672718
46 16.676021942222835
