10 0.023990460091691
10 0.021200670333185
10 0.033206555763393
10 0.011438253634904
10 0.018828176894548
10 0.010611264038455
10 0.020671638297955
10 0.019524592875909
10 0.010020729969305
10 0.022980024122790
10 0.009385942520054
10 0.014678777725415
10 0.021587316258382
10 0.038980272110380
10 0.028342990690951
10 0.011431281648094
10 0.011080062709073
10 0.029687061171061
10 0.015845140723635
10 0.011807325139934
10 0.007586306473020
10 0.020598457091581
10 0.016385630020831
10 0.027356298515328
10 0.016397584944536
10 0.020092114731459
10 0.011829887458815
10 0.020823948583533
10 0.033232230655178
10 0.023252042797701
10 0.016490819989585
10 0.020755423442471
10 0.019055166821911
10 0.023407544762723
10 0.022450458736531
10 0.022921423024082
10 0.022608642022173
10 0.018590379764174
10 0.016134339278029
10 0.013863019356454
10 0.025183933168910
10 0.020663845447882
10 0.017077277354298
10 0.010817490457740
10 0.017222400156345
10 0.012137999789514
10 0.011970189642920
10 0.018832021297685
10 0.019973294773336
10 0.012942884935480
10 0.010819804317751
10 0.016622549097587
10 0.014416308153870
10 0.012289285161007
10 0.014086781503322
10 0.018144688142265
10 0.010903197092183
10 0.044966528903739
10 0.030829896779886
10 0.013826953390533
10 0.018453393073682
10 0.015766599297335
10 0.011732761652313
10 0.010437368139598
10 0.010462513736101
10 0.022714235604339
10 0.021248828750526
10 0.011145852097332
10 0.017249728205828
10 0.020165576407339
10 0.008089984562571
10 0.018238901326205
10 0.013894999913144
10 0.027258062559938
10 0.012549914388668
10 0.014117604715366
10 0.027009412660780
10 0.023065270726489
10 0.007006266753142
10 0.027575629819559
10 0.030744054287380
10 0.012790982580322
10 0.013530897129155
10 0.023633730729741
10 0.027806609381653
10 0.013772055027662
10 0.014238231329388
10 0.021464148407184
10 0.014650793834767
10 0.015902918240488
10 0.018429551134861
10 0.011343930600273
10 0.026561047253342
10 0.014544245242848
10 0.013795075483824
10 0.022241572951771
10 0.033666529902194
10 0.023903742862656
10 0.022435406651955
10 0.012978822521805
10 0.016128903782699
10 0.013214875916823
10 0.022477555944632
10 0.019767036803375
10 0.017264467064872
10 0.013905493910027
10 0.019716221243678
10 0.013611111579313
10 0.016328068190985
10 0.023861180304829
10 0.015745545993852
10 0.014074798854468
10 0.011524477419054
10 0.018302329541320
10 0.011835416020980
10 0.028680271236442
10 0.013418995106781
10 0.014716493199502
10 0.011424119923890
10 0.028916557167048
10 0.017706297653269
10 0.009046370077004
10 0.028637530620856
10 0.011951923997010
10 0.022658132392722
10 0.012225236798776
10 0.021551191582714
10 0.038987602551719
10 0.029806774893885
10 0.014943764102719
10 0.011851110942525
10 0.014190377832743
10 0.021224293582772
10 0.017476979873446
10 0.014928551552871
10 0.016906283255347
10 0.011664332433029
10 0.014332032804820
10 0.043705274119644
10 0.013299527478021
10 0.016018303055900
10 0.016694884811523
10 0.021714718284300
10 0.019668091705095
10 0.016491221783914
10 0.021481826222754
10 0.024494028971432
10 0.015144181642136
10 0.034487727296077
10 0.013014035570152
10 0.020645806898426
10 0.013927015207578
10 0.008918496308590
10 0.023980669389111
10 0.020047897999576
10 0.016648335431147
10 0.010709288957616
10 0.014326051225741
10 0.009497585870714
10 0.013303418725085
10 0.021773457520966
10 0.012606294159460
10 0.017373909715460
10 0.016488806111750
10 0.024935998603770
10 0.019082666818399
10 0.024373964995702
10 0.029323062326365
10 0.012022766637894
10 0.027178166828478
10 0.011440532779182
10 0.015343126513245
10 0.021889340318336
10 0.015928755832076
10 0.020837026037621
10 0.024627417602112
10 0.021001635956059
10 0.013290438089614
10 0.028224684956000
10 0.017946737140566
10 0.013124895276249
10 0.021870317109380
10 0.007803340509451
10 0.014293096763261
10 0.022931047386391
10 0.009914978706749
10 0.016631910648344
10 0.017494483951335
10 0.012934461139606
10 0.035716806358233
10 0.029236171588500
10 0.028406683471072
10 0.023732413854182
10 0.022518662521852
10 0.018335330196466
10 0.009796162061060
10 0.013965509607081
10 0.011513162534490
10 0.020564631500977
10 0.025846918598617
10 0.012681422348568
10 0.017756736988773
10 0.014401261459218
10 0.029592783603965
10 0.012178089347634
10 0.025296649899536
10 0.016728959934876
10 0.036465060266712
10 0.010501236210123
10 0.026232674629188
10 0.016134838534829
10 0.011759733416186
10 0.008326133057882
10 0.021662091994224
10 0.023867494169559
10 0.014923240665061
10 0.020806404950840
10 0.014339829637106
10 0.028766201487082
10 0.016562861580065
10 0.015766822360306
10 0.013796492603858
10 0.020717062809305
10 0.032289052224810
10 0.010279649681172
10 0.021450252592955
10 0.023170197812111
10 0.027906544969311
10 0.019781439387556
10 0.023020267946361
10 0.026345282355970
10 0.026898628230057
10 0.015181961635165
10 0.020717384974502
10 0.013520169673338
10 0.016931079220605
10 0.027113285052813
10 0.012990054462130
10 0.016577357905942
10 0.018096719804193
10 0.013346262909155
10 0.014049681330466
10 0.013006738150804
10 0.034001075196066
10 0.017676688375610
10 0.023138859928945
10 0.012327314714298
10 0.014546057190902
10 0.024174382783655
10 0.015356270390545
10 0.018584493739982
10 0.015409925116240
10 0.015433200640319
10 0.013024789571094
10 0.011296166908601
10 0.025333796167886
10 0.018647689545391
10 0.010013815978307
10 0.014160777063380
10 0.010923705710281
10 0.014999626925019
10 0.017849426827630
10 0.010721995556238
10 0.017012165235908
10 0.018563016345744
10 0.036742525582766
10 0.013466733331020
10 0.014376400516500
10 0.020972290150641
10 0.039869901025291
10 0.018556714613930
10 0.020894407284179
10 0.015305626047427
10 0.015176887107161
10 0.027321459640797
10 0.015358227834767
10 0.029569918795034
10 0.011850490003596
10 0.011349547677193
10 0.010000016097290
10 0.029991690206898
10 0.024182373186365
10 0.012087020177894
10 0.016564631111248
10 0.012272965319759
10 0.012326691200469
10 0.015861674567737
10 0.026264123958652
10 0.008619176312975
10 0.024105025611428
10 0.013538383665727
10 0.030924130639674
10 0.016034589357539
10 0.013200188838660
10 0.024866029075805
10 0.019571138714839
10 0.025597278528459
10 0.017929912391274
10 0.008053347158901
10 0.020314993216390
10 0.013784813139071
10 0.019677279469970
10 0.012096893961557
10 0.021300242460264
10 0.015774428979308
10 0.020997109776753
10 0.024677451637993
10 0.008739854154078
10 0.012611161529842
10 0.014754562216642
10 0.021679408969574
10 0.016402082812580
10 0.011915049240821
10 0.015283169038999
10 0.018191511167121
10 0.031004732952329
10 0.026818561290332
10 0.025427294128776
10 0.021746526642058
10 0.027646613054732
10 0.032569884040340
10 0.015649875514384
10 0.022580008971714
10 0.022354676013234
10 0.020293650528549
10 0.014080366962067
10 0.013081044639619
10 0.034406584579257
10 0.019963148554074
10 0.023588790238609
10 0.013007684261530
10 0.017958710813016
10 0.018105350714385
10 0.022993666513193
10 0.009018624397528
10 0.013600220301877
10 0.018558034288219
10 0.012297422391879
10 0.015687709033976
10 0.013057029642312
10 0.014940376103010
10 0.010077324184864
10 0.029094589413269
10 0.015428594126105
10 0.013811481835303
10 0.012488274342902
10 0.029327178220970
10 0.030619061032214
10 0.014162829643910
10 0.017237647407073
10 0.015342867860475
10 0.020316147378907
10 0.016503702807824
10 0.020722536095773
10 0.019810544740185
10 0.023755961649975
10 0.016865850863095
10 0.010834639217925
10 0.020631344919471
10 0.031170563620423
10 0.027598494997522
10 0.016257754949903
10 0.015857398432190
10 0.012240996784917
10 0.016274200186372
10 0.020776193714473
10 0.034309442806571
10 0.010450273813286
10 0.009854854584678
10 0.017612939264130
10 0.017879668873139
10 0.022461565164273
10 0.017119514281176
10 0.012540929209261
10 0.009404064694714
10 0.019943905086580
10 0.020665755542460
10 0.015123519869210
10 0.020511701743304
10 0.025009242982107
10 0.018243767661207
10 0.025848470557634
10 0.019980728033822
10 0.019769198796224
10 0.010990590006406
10 0.018300374017150
10 0.014783567214098
10 0.018650032898890
10 0.023921291014879
10 0.011025714561261
10 0.014832824577014
10 0.015448508294502
10 0.017681003252234
10 0.021366934691957
10 0.021896025610018
10 0.010427316052692
10 0.018907450931588
10 0.021571289226673
10 0.025552209724552
10 0.018516133475081
10 0.025976554108902
10 0.024932093257721
10 0.012870806109769
10 0.013370275651609
10 0.019886966919620
10 0.021166841514226
10 0.011858275384533
10 0.021927955091262
10 0.025585332066410
10 0.021520003093807
10 0.030397482352809
10 0.017569978029919
10 0.017813370939881
10 0.013781789746847
10 0.008908048061980
10 0.025672638351353
10 0.016215694635287
10 0.014302184869630
10 0.014491725899597
10 0.014350290249172
10 0.020314218463465
10 0.024172109819494
10 0.015080350402117
10 0.018412820446002
10 0.013040021108072
10 0.015827323986812
10 0.010627300383995
10 0.023132827074634
10 0.012690627577098
10 0.018665386032874
10 0.014838938882518
10 0.023660161468611
10 0.010432139553690
10 0.014342834285827
10 0.015780793357572
10 0.025912673283296
10 0.026006191639417
10 0.022365322014084
10 0.014852847342092
10 0.015168616007153
10 0.018860112050396
10 0.016884461009551
10 0.026158923912338
10 0.010625101764494
10 0.010339744928366
10 0.020018527514267
10 0.019270602933037
10 0.019545734570968
10 0.010822080234312
10 0.007428693301995
10 0.012738785354075
10 0.019263239615633
10 0.013606804177038
10 0.022156440038005
10 0.015994209862512
10 0.023409378023731
10 0.021730193684371
10 0.012265520305634
10 0.013005928554247
10 0.021064031218311
10 0.024292271462397
10 0.024489264416783
10 0.017854363551872
10 0.010977351006410
10 0.015270313974077
10 0.020934452932769
10 0.010771423572912
10 0.026506224574623
10 0.033341136631148
10 0.013162782742589
10 0.020276160291823
10 0.013726508500390
10 0.010247659532080
10 0.016712376278863
10 0.014621072825956
10 0.009711888187307
10 0.026588345379668
10 0.017771594115384
10 0.024222957736694
10 0.014020096097460
10 0.019398368462097
10 0.014156360320144
10 0.011169247453476
10 0.018522766919363
10 0.016065532360689
10 0.011398156521431
10 0.027147224752421
10 0.025395057843724
10 0.016436396748194
10 0.009896752808276
10 0.031316888434456
10 0.027326841161460
10 0.024336907023996
10 0.016499829608307
10 0.011630136734492
10 0.016604116423074
10 0.018145474785823
10 0.032084711521390
10 0.027824032816052
10 0.019807410158784
16 0.168035827244407
16 0.099598106484877
16 0.073429151508863
16 0.177597022647163
16 0.087389933437566
16 0.066722647376598
16 0.101314944182139
16 0.112310412134961
16 0.058884147201014
16 0.114040340263451
16 0.112063937283834
16 0.133943492976237
16 0.069457875129149
16 0.161564170852734
16 0.081349182411428
16 0.099280935867142
16 0.105548308686794
16 0.088560557754910
16 0.145693280067619
16 0.181147967596372
16 0.098128258832844
16 0.066603556284705
16 0.099336083883798
16 0.070016593777510
16 0.120917982300860
16 0.092812975482161
16 0.138850684202358
16 0.100431457668956
16 0.135142484750336
16 0.160940033334891
16 0.246268972407501
16 0.108449172448158
16 0.102908250430256
16 0.099452301358623
16 0.091411252737469
16 0.083564498822237
16 0.086616786772904
16 0.068561623961750
16 0.093684778232679
16 0.124269841708369
16 0.052455238202532
16 0.104945528223483
16 0.184786346511022
16 0.087623317620963
16 0.093352195912430
16 0.082372252892051
16 0.076616843547689
16 0.157474424997631
16 0.096242756929528
16 0.063491615002138
16 0.099594599620300
16 0.135852605743195
16 0.087163849776761
16 0.122947767389975
16 0.092637327142421
16 0.111352946326249
16 0.071184128090652
16 0.087999638404749
16 0.137610125079198
16 0.127795113598670
16 0.061922157875235
16 0.063933444963586
16 0.111598592860500
16 0.077712541115209
16 0.066529810264359
16 0.099850978252205
16 0.059935622495217
16 0.087251880420712
16 0.113706715696585
16 0.130918636611427
16 0.072070902022974
16 0.050817128481443
16 0.065649208460224
16 0.065881871250802
16 0.086530505185012
16 0.094315545945612
16 0.044330687801137
16 0.068668084125828
16 0.143434280543471
16 0.053803689921886
16 0.149972385264558
16 0.106725370942046
16 0.064713570966382
16 0.127683162495416
16 0.084956046076630
16 0.093776056018317
16 0.070287600976133
16 0.113448996137952
16 0.069338686290442
16 0.171437349339304
16 0.119141614586243
16 0.078976154892999
16 0.099890091523212
16 0.064667744671504
16 0.123151760897570
16 0.104092426295834
16 0.149160790698820
16 0.105789862432828
16 0.127915910953506
16 0.195992807658264
16 0.094593607566408
16 0.111122551740195
16 0.057734532797728
16 0.071203675142498
16 0.061384913295479
16 0.074901296366956
16 0.180366297406806
16 0.150334698557855
16 0.092531598414830
16 0.110018290852115
16 0.108993402917365
16 0.087389826374663
16 0.139488600122446
16 0.159582886093639
16 0.077095825614703
16 0.076261824686625
16 0.094145151932123
16 0.064650196264797
16 0.226950862324649
16 0.087432519296008
16 0.114785685430623
16 0.045058487828535
16 0.111660866566870
16 0.135032058994337
16 0.111646041418452
16 0.064796934793183
16 0.098821854348718
16 0.100648118066453
16 0.097154216537702
16 0.159625014703865
16 0.160368608829642
16 0.079649189414081
16 0.081641548579904
16 0.176238849824599
16 0.123904636125517
16 0.091728012723372
16 0.105140311419822
16 0.057233046676237
16 0.131487634868593
16 0.074055164558462
16 0.086391416739336
16 0.089284056778885
16 0.041274607903178
16 0.131821414930168
16 0.073217165644278
16 0.132237782519099
16 0.127420155601875
16 0.079812877008923
16 0.095705885721778
16 0.108630535970633
16 0.122927619832645
16 0.084237667623893
16 0.057418198455301
16 0.089672236771960
16 0.151833685946743
16 0.097505279502301
16 0.153542980607049
16 0.092633264178515
16 0.148816330004669
16 0.093193948875427
16 0.168982965010935
16 0.190258045931705
16 0.164765124933157
16 0.106248637468498
16 0.069483844748365
16 0.176773539378177
16 0.113309640402844
16 0.085955557285454
16 0.043967587126067
16 0.060656016909795
16 0.071630982052712
16 0.147050222607551
16 0.052240545582682
16 0.082218937558152
16 0.145151464384413
16 0.072590124851040
16 0.100095207684064
16 0.146538955507933
16 0.143606782991754
16 0.101846988487303
16 0.083644566934907
16 0.099651999419526
16 0.052787333147722
16 0.148285454950667
16 0.114013169513777
16 0.098562931519993
16 0.078976704209697
16 0.067107747063672
16 0.070541634526982
16 0.101594428581015
16 0.069360902026676
16 0.056555193123905
16 0.141574772607350
16 0.139715302779423
16 0.109079573849201
16 0.070844163112563
16 0.079774270561731
16 0.135875981148201
16 0.131858267334232
16 0.097313015153749
16 0.096284550064839
16 0.124476533807975
16 0.149486747056219
16 0.103367605493915
16 0.118968355514985
16 0.114303208402228
16 0.111975406054015
16 0.097043017469117
16 0.136042751940110
16 0.082470845039858
16 0.130451647058717
16 0.090733516476723
16 0.103996122056282
16 0.096410322536910
16 0.099749537043866
16 0.092487914027395
16 0.098577584107801
16 0.145598041758461
16 0.089150072230907
16 0.103089437052330
16 0.162291095806639
16 0.084828918834850
16 0.053229838376947
16 0.067955311652207
16 0.170196837694770
16 0.109932672735360
16 0.097570552536916
16 0.044795985333974
16 0.115731032393109
16 0.097806671698261
16 0.089120871429962
16 0.062668905843676
16 0.104848778569257
16 0.110838430836560
16 0.146599101286953
16 0.104278018619995
16 0.154467516261058
16 0.084519818848092
16 0.115056788565892
16 0.105467899427978
16 0.054860141438965
16 0.075910933711614
16 0.119980335012131
16 0.071308658712532
16 0.128506319501146
16 0.182226391449677
16 0.098135806904808
16 0.097381804872128
16 0.137508945979714
16 0.139669181755069
16 0.102301650818027
16 0.107766972685994
16 0.066527857859148
16 0.093219555041918
16 0.053852413626458
16 0.070517994449005
16 0.208832835199426
16 0.128444875522104
16 0.139079665801096
16 0.134658398314247
16 0.115673770427279
16 0.065288825539890
16 0.079479598146052
16 0.168239476453336
16 0.118705852963034
16 0.139455192143676
16 0.151165270027110
16 0.087001917507808
16 0.090090581764586
16 0.060954086336431
16 0.124964104571126
16 0.130238250042764
16 0.136648104739852
16 0.081203343910858
16 0.175271944958221
16 0.088309047901681
16 0.204187742213161
16 0.108399752590610
16 0.086550112782892
16 0.125259433166324
16 0.059762313959460
16 0.068268322280130
16 0.070134300121247
16 0.083870255116955
16 0.206798991084424
16 0.112507950330240
16 0.063668328555070
16 0.102710218472215
16 0.114964720952308
16 0.065725962995952
16 0.087181430279240
16 0.151441635830199
16 0.146771477149398
16 0.233506993050742
16 0.067852418182853
16 0.089796695796631
16 0.135224841641753
16 0.124384244194173
16 0.117637670710189
16 0.172261153507337
16 0.073477633656827
16 0.122228669854210
16 0.130088005281756
16 0.130886600870445
16 0.085088282235189
16 0.099454855176924
16 0.099104004346999
16 0.078235861136409
16 0.137041572278134
16 0.057134634002869
16 0.141777212508969
16 0.138652445383742
16 0.126830089924458
16 0.142757470863760
16 0.058886027890024
16 0.085349103174775
16 0.100579658562786
16 0.075570314099180
16 0.070533559894395
16 0.164657846775547
16 0.129776774832015
16 0.044437480701251
16 0.078700088889663
16 0.104715569437157
16 0.060627425852192
16 0.125779900948309
16 0.108916738358204
16 0.097805756500746
16 0.047469881709001
16 0.104148626623409
16 0.109730617100682
16 0.130252179370797
16 0.094853327659680
16 0.083424580952920
16 0.076552493842437
16 0.065164066688551
16 0.091221879781536
16 0.102420090484550
16 0.093174874017004
16 0.109858570241420
16 0.071462345698615
16 0.056592573899629
16 0.097960456599282
16 0.110214410482600
16 0.189825857792026
16 0.083748288128873
16 0.056609291183541
16 0.081105510087267
16 0.148673661030804
16 0.183798156985227
16 0.069857483095117
16 0.088074244305535
16 0.169744158748863
16 0.101474389725674
16 0.070998857552367
16 0.165825714987821
16 0.125830578595483
16 0.153762843029217
16 0.096213937234524
16 0.126814297185215
16 0.119744307664484
16 0.065169786307073
16 0.045594228631561
16 0.114524629923811
16 0.052501139850897
16 0.058147860000085
16 0.169993393821959
16 0.088335186411802
16 0.133417233878590
16 0.254124759754492
16 0.072219831201719
16 0.069202916036561
16 0.058590805495033
16 0.112520561746708
16 0.119094928767727
16 0.127646357177124
16 0.094751903480295
16 0.059032258654824
16 0.117367111237535
16 0.065354261490679
16 0.079442060967726
16 0.078045058364693
16 0.101534740450518
16 0.091518444977797
16 0.081481801520015
16 0.104393316173483
16 0.088929772787499
16 0.117241735902881
16 0.067054909602610
16 0.109275253825163
16 0.081284731097076
16 0.061508912815644
16 0.101196523693170
16 0.134315075255949
16 0.056685146913061
16 0.167495453497487
16 0.146324912296021
16 0.067558275278927
16 0.107954988330959
16 0.094705321810314
16 0.105059394643974
16 0.076175135682177
16 0.127721103118718
16 0.096704708167640
16 0.062397320198321
16 0.118774674556774
16 0.107637906498508
16 0.178808899030367
16 0.137282187194445
16 0.090859396922035
16 0.071654286143336
16 0.082129860554488
16 0.071389341753799
16 0.082723993055072
16 0.077237152513956
16 0.080301007438810
16 0.075670234435482
16 0.110658871742562
16 0.146144484495297
16 0.067200594960067
16 0.097707904450930
16 0.147563128632284
16 0.093490622557074
16 0.106994469819896
16 0.069826086088896
16 0.062874104213185
16 0.126642019996738
16 0.098346898387276
16 0.267571162658449
16 0.131056928949103
16 0.094978540195660
16 0.046917435755844
16 0.170273167672968
16 0.064927437579392
16 0.052447063551808
16 0.096188253397153
16 0.184467020117077
16 0.147589306302865
16 0.110455264617806
16 0.117778146227793
16 0.136407167353041
16 0.133007831061410
16 0.197980759660128
16 0.080465985188623
16 0.071350139266215
16 0.061399307600302
16 0.079433300304725
16 0.149813520170278
16 0.149838486753240
16 0.126494949372629
16 0.091381855583890
16 0.088634202282176
16 0.071188906271547
16 0.102755672634128
16 0.182628592635146
16 0.087704419897627
16 0.076148830008565
16 0.069121918878265
16 0.050796139908001
16 0.088091127729123
16 0.105651921991436
16 0.076753729824271
16 0.072562750966290
16 0.125486237037544
16 0.142493625137436
16 0.087957559442052
16 0.074522732823389
16 0.063353804998223
16 0.154268658336419
16 0.069556200175760
16 0.069864370319537
16 0.165156188542452
16 0.064213130788516
16 0.116140451241207
16 0.091955036091163
16 0.085658481186086
16 0.100378936815479
16 0.067574608889980
16 0.102900249307243
16 0.099696758740538
16 0.083142348726050
16 0.125027108112518
16 0.051760749144500
16 0.083612766608095
16 0.102090992422895
16 0.061111922347378
16 0.122041466446645
16 0.066401505502350
16 0.080400101982988
16 0.103100717575884
16 0.081440808841283
16 0.072783601674825
16 0.078333503309425
16 0.193720661786630
16 0.142824193780801
16 0.140070212482221
16 0.052229603214627
16 0.073367912437861
16 0.082601350664539
16 0.144030555580983
22 0.407941405109959
22 0.250115797032259
22 0.514952144022250
22 0.262905901931841
22 0.401352061682311
22 0.167680854573649
22 0.298230266044544
22 0.205083152246086
22 0.547004206193175
22 0.378005263335335
22 0.414880732484682
22 0.253910173142327
22 0.338721714758163
22 0.196236961671928
22 0.304981902083695
22 0.295152932326523
22 0.484616313016226
22 0.252491373442246
22 0.307412871854035
22 0.210314612725471
22 0.351366628763944
22 0.465225886329183
22 0.317302619136867
22 0.231342272246201
22 0.238533742735576
22 0.343858120427345
22 0.357801538072364
22 0.599572800914151
22 0.299305743524964
22 0.265549349214692
22 0.217377375527390
22 0.521159928586612
22 0.352220488505643
22 0.332085559228735
22 0.598807398170789
22 0.238169936222331
22 0.157572368702342
22 0.230611729434765
22 0.245599745949603
22 0.526425701068077
22 0.334566651182042
22 0.423145717352994
22 0.505180606007481
22 0.311569763614868
22 0.532284745922714
22 0.331498746572363
22 0.229880115772648
22 0.285262065946431
22 0.194119977310681
22 0.174679787191592
22 0.229500744608885
22 0.349346566475779
22 0.158271459337080
22 0.340861248078599
22 0.229125080808481
22 0.471269672717536
22 0.446595790577597
22 0.224250376348972
22 0.470932602037453
22 0.333500779182434
22 0.542043211971941
22 0.348003498949191
22 0.223867391323624
22 0.379414973893507
22 0.323774790958518
22 0.435870051966981
22 0.451689185214954
22 0.346021179594941
22 0.326409595548237
22 0.329363336774376
22 0.580316052258468
22 0.516005141532105
22 0.325073940471158
22 0.619933280470650
22 0.228979101920443
22 0.205115207583364
22 0.239146505388244
22 0.254859520180503
22 0.243386081906375
22 0.576461177008897
22 0.230185419005905
22 0.387521603993558
22 0.280013540931065
22 0.510085563952311
22 0.249143950833678
22 0.139779926115647
22 0.320233145274769
22 0.382805263702739
22 0.437657594175096
22 0.204417517518241
22 0.232901025702361
22 0.496209303727736
22 0.226470123463184
22 0.286025529556272
22 0.208254773182714
22 0.267596644307603
22 0.150660591074053
22 0.572888747496748
22 0.395594520903077
22 0.164667096635946
22 0.405164120796615
22 0.368400267734432
22 0.159919763217797
22 0.267211302475755
22 0.452492316931251
22 0.290046594808905
22 0.248824932893259
22 0.272436699616991
22 0.276500401129420
22 0.267713976321296
22 0.321133736202910
22 0.268485789565081
22 0.295616934806127
22 0.224681032880124
22 0.444937698946007
22 0.421006429316086
22 0.369511344995368
22 0.287462897667133
22 0.417639872814204
22 0.819296350005718
22 0.356823819428250
22 0.235019368139531
22 0.276076078339288
22 0.311849380296410
22 0.378914843189538
22 0.187567560028490
22 0.292892314779612
22 0.464510009704214
22 0.145396828684775
22 0.452952355357131
22 0.424162725959071
22 0.305899552916670
22 0.365850932438652
22 0.364493174229190
22 0.181707165810369
22 0.384501756798057
22 0.178600746512286
22 0.298238134385632
22 0.324890153387869
22 0.472506678799467
22 0.296265297789350
22 0.192704434539859
22 0.349276943956337
22 0.250915470769804
22 0.242125623096291
22 0.404001204931927
22 0.378781229380056
22 0.492305848640506
22 0.223315748952125
22 0.320747970917996
22 0.361182946541828
22 0.476378101807303
22 0.538618324011111
22 0.211932176762285
22 0.351897026504606
22 0.407511961203672
22 0.303503809098551
22 0.333331623235846
22 0.532977575381495
22 0.610698676942193
22 0.234739454441407
22 0.354550379290178
22 0.185588353320318
22 0.205108364158029
22 0.316501960864387
22 0.363978507659731
22 0.337221080315726
22 0.302184565139497
22 0.321136553895383
22 0.214817432870718
22 0.479804685360589
22 0.482603652407650
22 0.292311773030171
22 0.381702587434769
22 0.268518964686117
22 0.406822957235281
22 0.248716339384809
22 0.386856188918400
22 0.293197014192606
22 0.265535157029612
22 0.147599161662841
22 0.292540682838296
22 0.293636265526601
22 0.396395435932630
22 0.268058919219315
22 0.395826213222354
22 0.165971952809814
22 0.204627014205412
22 0.268220112514423
22 0.595381304585754
22 0.243517989929276
22 0.232191746812330
22 0.252724841142030
22 0.385868392389817
22 0.278534806116558
22 0.186464641635012
22 0.477465697407404
22 0.293863752544889
22 0.295130891614231
22 0.171938418333074
22 0.294232640563227
22 0.347916104147407
22 0.395491836977805
22 0.449149654108738
22 0.308109837874774
22 0.138307321983739
22 0.317676823367865
22 0.214618440401694
22 0.220050040944778
22 0.391464118459991
22 0.303263013744138
22 0.181478316345954
22 0.307201226395047
22 0.439116674083113
22 0.241276015257226
22 0.522742313546729
22 0.427205519626999
22 0.224560335999669
22 0.354791025897686
22 0.365333197426912
22 0.247678432280925
22 0.234236143382307
22 0.347842743772433
22 0.215152867097778
22 0.278808186337368
22 0.187365700695063
22 0.250089377953955
22 0.281634298768035
22 0.430429028383520
22 0.299792895227426
22 0.271576085979601
22 0.258068286661623
22 0.293481085641189
22 0.440227694279069
22 0.336713255346436
22 0.399780586883708
22 0.269070227453292
22 0.248890730005401
22 0.268452170073370
22 0.252844233548293
22 0.181691519784181
22 0.485451918521980
22 0.336844170541260
22 0.175211605557219
22 0.390322274914181
22 0.332800123186050
22 0.200623484768943
22 0.264586482941115
22 0.277726899348838
22 0.287177909945069
22 0.271387248040413
22 0.497379292895709
22 0.537161234103532
22 0.370610529905895
22 0.346335998743816
22 0.322378298006385
22 0.313586932937032
22 0.211685863590382
22 0.242315196509737
22 0.308093268512366
22 0.340808328650280
22 0.419874643888677
22 0.166989888835763
22 0.367499394106002
22 0.337638659158638
22 0.210155985493496
22 0.387252123846799
22 0.696509599933817
22 0.269568324514894
22 0.281320364364936
22 0.133498896029806
22 0.225343921054369
22 0.491752431281558
22 0.385417317218153
22 0.367634463543917
22 0.157316718530687
22 0.327981205587724
22 0.250072140621959
22 0.252384940341493
22 0.341380223931477
22 0.249427292213301
22 0.320576071330290
22 0.401543774680526
22 0.321741574143096
22 0.261640159364680
22 0.355679431649194
22 0.263194162656932
22 0.402891815594797
22 0.450010503080071
22 0.275230114427962
22 0.201238047192113
22 0.314008349578998
22 0.537852205686294
22 0.388010030236915
22 0.373516202969756
22 0.595536698822212
22 0.234680055855697
22 0.248522260373907
22 0.487049982726124
22 0.285489708056192
22 0.347077967292698
22 0.407089718858340
22 0.193244962996228
22 0.492689997649629
22 0.336005168094106
22 0.217999166047498
22 0.503945231565823
22 0.438505995723519
22 0.289060541487662
22 0.283956652530363
22 0.407184039518254
22 0.301104064282150
22 0.171155125672103
22 0.433144534125394
22 0.294721482065239
22 0.237454019771628
22 0.264391047081040
22 0.456210949452967
22 0.210222102531155
22 0.283944583391856
22 0.167693461644263
22 0.260472770786610
22 0.196730549069109
22 0.282261899919269
22 0.286190227072709
22 0.391008170884928
22 0.236534289878609
22 0.261334271391565
22 0.270945484579697
22 0.296357280639572
22 0.292299670153035
22 0.275686900378570
22 0.153213911722020
22 0.452213010839651
22 0.352866253466221
22 0.231724746427856
22 0.581073292839963
22 0.302192940234506
22 0.193581882241174
22 0.396677033647051
22 0.381213025102361
22 0.207986524401133
22 0.372043954057305
22 0.338563076861067
22 0.266174611732476
22 0.189620468660602
22 0.201689082899326
22 0.424154351414800
22 0.614640455440757
22 0.301387308234796
22 0.220948264718691
22 0.320662763595431
22 0.242765879099902
22 0.319808572886505
22 0.364390390043547
22 0.277999005305380
22 0.377952339907774
22 0.352701644712861
22 0.294584284839121
22 0.189625779999995
22 0.593486613174976
22 0.239709376750796
22 0.483726630726087
22 0.256185778467945
22 0.329776901113465
22 0.393705086283799
22 0.255890816352599
22 0.333633873858809
22 0.343602827935103
22 0.184755620904149
22 0.262339636710637
22 0.191052910366331
22 0.279753072518657
22 0.284407164156386
22 0.180234727381296
22 0.354278666467813
22 0.189950081337343
22 0.323454137244334
22 0.183400947699007
22 0.354700560953538
22 0.333554237655820
22 0.240046384510952
22 0.236648101276770
22 0.393611698499974
22 0.419114552967751
22 0.304860552324432
22 0.267798633324998
22 0.471133118038882
22 0.344695761952055
22 0.241893332530716
22 0.207653245674441
22 0.182255238935289
22 0.131306734745590
22 0.427683324963305
22 0.310024056595614
22 0.317153075172631
22 0.379423756901230
22 0.259570848263906
22 0.352591982905028
22 0.505128355857324
22 0.356571556896855
22 0.624935522392502
22 0.281361124237463
22 0.439679731052301
22 0.322198513796933
22 0.212892573491162
22 0.284622436901194
22 0.159247973778847
22 0.331938990568631
22 0.542972759150768
22 0.461588114760155
22 0.308819174962204
22 0.313797198492066
22 0.398118631511490
22 0.273077749453313
22 0.186849561139391
22 0.432561018457671
22 0.301368679007870
22 0.255790529915588
22 0.338523524446736
22 0.335172616477105
22 0.473928868831139
22 0.332142368496936
22 0.237967440186605
22 0.533683560695731
22 0.338826689130777
22 0.521553192323806
22 0.358394772645878
22 0.606485791965527
22 0.287923239382662
22 0.243942251052620
22 0.207181492115055
22 0.468382015986284
22 0.507210113425288
22 0.253352687760955
22 0.319433862200576
22 0.150764430962481
22 0.220300166834711
22 0.311681133414667
22 0.204778549109256
22 0.321239843674460
22 0.182619838611732
22 0.432432839140544
22 0.416249455807769
22 0.460416469970749
22 0.280843805129640
22 0.334362690414094
22 0.187429173795259
22 0.261529285050221
22 0.364144216390927
22 0.343482378725241
22 0.436472287934838
22 0.281664696517868
22 0.234604708965711
22 0.488923596033082
22 0.419528175985391
22 0.398305051644071
22 0.373509161148218
22 0.359113675586794
22 0.543984525200658
22 0.613559377807763
22 0.317420881275189
22 0.336169687119447
22 0.444206977121233
22 0.402787338629683
22 0.445049488586783
22 0.462740768429329
22 0.273763161055712
22 0.298686239803295
22 0.207995198452042
22 0.619967792475368
22 0.390185622627449
22 0.391988810854865
22 0.235963822578575
22 0.225056000594720
22 0.269900765450848
22 0.243392793639213
22 0.303932882646333
22 0.228502009585714
22 0.387450885007351
22 0.198939044696236
22 0.338438074724133
22 0.465062277692789
22 0.186359586619818
22 0.355235109100134
22 0.321640351706780
22 0.409699344236873
22 0.533287845178830
22 0.262888482108460
22 0.380988879998151
22 0.270765953710984
22 0.231345631969958
22 0.762507852855947
22 0.262403724785166
22 0.380602741347752
22 0.401216279116713
22 0.223000206579410
22 0.201972602904763
22 0.317123734813801
22 0.185192423785952
28 0.479045437053443
28 0.749665306736740
28 0.841564065455390
28 1.153322434198708
28 0.716141784573557
28 0.708093522654366
28 0.456856366419401
28 0.563371283143813
28 0.542373436203428
28 0.663697256179948
28 0.799307206514676
28 0.618314224575121
28 0.834975742205236
28 0.715689043190125
28 0.657741133115952
28 1.155564076056953
28 0.682850871995108
28 0.809976141676733
28 1.031537882899127
28 0.518360906876516
28 0.589952425656577
28 0.927416258293541
28 0.384553782103906
28 1.035424574326435
28 1.219108938083744
28 0.715712633439544
28 0.987762049036723
28 0.444554246278902
28 0.695221437782307
28 0.726529917173345
28 0.584189562444110
28 0.969342371385080
28 0.637193165505397
28 0.598219500109408
28 0.923150411924178
28 0.666637695365276
28 0.407691302957470
28 0.773818650090278
28 0.597561939954404
28 1.117154799450382
28 0.573875023265521
28 0.393229750939776
28 0.338664155146642
28 0.647585271996286
28 0.478816106615871
28 0.480362928690906
28 0.696088740889415
28 0.466825975969239
28 0.549689167995489
28 0.600551660610638
28 0.532548914002918
28 1.465037388346802
28 0.947371245007727
28 0.807562696421104
28 0.587636316667490
28 0.623928638229748
28 1.272004416556670
28 1.350050249948461
28 1.018254863440452
28 0.865765326239045
28 0.863442231988423
28 0.510645152418678
28 0.963481707647858
28 0.972758162824449
28 1.105200753388029
28 0.526452601784691
28 0.583432583195195
28 0.712627140168543
28 0.696106227166936
28 0.568970455576264
28 0.510057029669532
28 1.091143744520630
28 0.850707546781413
28 0.938959699037929
28 1.102998463202899
28 0.717869016043299
28 0.565769152188925
28 1.041411038852730
28 0.563922385657731
28 0.967278738513046
28 0.631518041843104
28 0.515639729650697
28 1.076187603384716
28 0.459557145142806
28 0.772325426698367
28 1.370434719869463
28 1.155256779272600
28 0.708510121550899
28 0.645902324005235
28 1.015051030875036
28 0.842834048704512
28 1.265375950611093
28 0.461953126320189
28 0.582129665437900
28 0.591863145816776
28 0.532743327392579
28 0.626590815169384
28 0.824413352619257
28 0.945421853657184
28 0.683149629012754
28 0.401594930479233
28 0.822842895276354
28 0.490856797792957
28 0.919833471952465
28 0.911568742660971
28 0.777175155710993
28 0.815838552516566
28 0.733128431019053
28 0.529052593303940
28 0.271046358458911
28 0.928867833127561
28 0.316543299767668
28 0.400059401473001
28 1.186943028463697
28 0.807870675258290
28 0.452908407402024
28 0.837321816962926
28 1.012720069315495
28 0.484794001592788
28 0.573816927912445
28 0.854266950010774
28 0.613268290445366
28 0.742047353945947
28 0.544611768216314
28 0.881581053366432
28 0.590035571963015
28 1.059012847862030
28 1.073825594001697
28 0.551808735954158
28 0.773272450409655
28 0.405724404518410
28 0.580567065185821
28 0.437800719775477
28 0.844594497719866
28 0.757242583865441
28 0.763669003839092
28 0.718807981786318
28 0.822464763553231
28 0.695635660524124
28 0.462628630066296
28 0.735715686773506
28 0.552175575198335
28 0.811144230505070
28 0.860355129556074
28 0.682228233353536
28 1.006989065808450
28 0.471202311024636
28 0.789033516983698
28 0.614212354633292
28 1.021729104117980
28 1.089780056617778
28 0.719839076087004
28 0.337839772584458
28 0.496838184580113
28 0.491503469721950
28 0.659307630559844
28 0.894535761228481
28 1.276372312425716
28 0.509181321905150
28 0.850678683819295
28 0.724606698142784
28 0.561629075389233
28 0.849657483148686
28 0.908257441189970
28 0.459890955405426
28 0.702277145813320
28 0.965531155545646
28 0.910257798318375
28 0.401817454251939
28 0.596372014143423
28 0.438908465865486
28 0.450208829985121
28 0.695331661595801
28 1.196310274862643
28 0.729013327288476
28 0.429932636793355
28 0.844765440017391
28 0.435567477016198
28 0.813832235569218
28 0.672730424756288
28 0.666364255051112
28 0.652426430736125
28 1.014448206409989
28 0.819578595290479
28 0.701951173797715
28 0.667955201599954
28 0.867329300435608
28 0.474201528457641
28 1.069875540671725
28 0.544364849485627
28 0.504119739773600
28 0.440353808871927
28 0.999043372421234
28 0.724936138141591
28 0.968617517939719
28 0.886356784353385
28 0.748530916076940
28 0.794687234652234
28 0.563216637766548
28 0.527644654844911
28 1.184387907226153
28 0.747181957699630
28 0.638724568589987
28 0.637287444412058
28 0.572671432966375
28 0.815567479192826
28 1.026661864543246
28 0.936740301181346
28 0.680218789367807
28 0.991372071807290
28 1.224522923993239
28 0.845421200742574
28 0.766146864123603
28 0.736392880932927
28 0.397575177758017
28 0.725782952933806
28 0.724879640880774
28 0.742604379072386
28 0.388314380974462
28 0.399796076447193
28 1.113767251531695
28 1.013294299551318
28 0.610958970913919
28 0.978164501924114
28 0.969128569356197
28 0.517223954815393
28 0.702230686468143
28 0.443899260455781
28 0.936820249621366
28 1.123369343721048
28 0.943993965722607
28 0.357566811246252
28 0.728809072134966
28 0.673293440144509
28 0.568608817812692
28 0.406543023520351
28 0.309960852534417
28 0.986282791339946
28 0.572524515329073
28 0.992040907999193
28 0.639262166418966
28 0.508296986157341
28 1.009360373140909
28 0.426959140393479
28 1.242954782828642
28 0.634406381653737
28 0.602322344950330
28 0.775388466993362
28 0.851870268504015
28 0.457940328736202
28 0.724169465281101
28 0.573433716652802
28 0.637511795008860
28 0.725567278983472
28 0.638876902308005
28 1.113565224298742
28 0.689465057325495
28 0.910454604072978
28 0.477540427836290
28 0.773526660575047
28 0.704520491811584
28 0.681308679951077
28 1.404705538010111
28 0.599725718121078
28 0.927664584033701
28 0.606298797064116
28 0.603642667833049
28 0.416662821714458
28 1.180680327078127
28 0.521540745950584
28 0.751518903711459
28 1.586755301327258
28 0.487834746797828
28 0.382792920214643
28 0.676874787080316
28 0.670334412502744
28 0.507163840413753
28 0.741501020775916
28 0.829420328227988
28 0.848633976021875
28 0.552638509143944
28 0.614043326549162
28 0.491254215665060
28 0.326664487001024
28 0.860197659287048
28 0.620024719069382
28 0.971797451421197
28 0.949177453376174
28 0.736449059046436
28 0.638830871396756
28 0.879429945449897
28 0.990443129012311
28 0.501483718096311
28 0.616063551706790
28 0.973426314368986
28 0.613781889526190
28 0.312799688867075
28 1.298512922142148
28 0.744364617580351
28 0.837758024976329
28 0.684210814861778
28 0.700699877603323
28 0.473415769705885
28 0.576886164788585
28 0.762227730449136
28 0.551785371453099
28 0.718561612096137
28 0.421275949070505
28 1.278632372122488
28 1.359719067835658
28 0.427355560986771
28 0.818221135018176
28 0.568982759305058
28 0.511750833056734
28 0.686376579681663
28 0.564581716980447
28 0.844217196553305
28 0.387477809092633
28 0.736019838246085
28 0.371120877827275
28 0.601901590229747
28 0.484345948515637
28 0.780888116591519
28 0.402030059136986
28 0.564099105737373
28 0.481929817830069
28 0.573784331059909
28 0.425495895288981
28 0.577235602711795
28 0.628777391149216
28 1.036317606430794
28 1.050754535675963
28 0.599573024967484
28 0.618914163476961
28 0.885965869711214
28 0.861600754704457
28 1.381420952265407
28 0.865711421024107
28 1.084976373010075
28 0.406615988879441
28 0.503003161043390
28 0.507786409868170
28 0.318926439442166
28 0.860724223921022
28 0.851750126227507
28 0.471491967060184
28 0.889899741721207
28 0.594116510810714
28 0.933767982312228
28 0.561506501690331
28 0.472256455476859
28 0.500687178896162
28 0.858118719839514
28 0.966893548567432
28 0.483647498643918
28 1.097835082529735
28 0.667310920427237
28 0.748922336951125
28 0.504690305180539
28 0.399121761979464
28 0.622649926241130
28 1.379728395993998
28 1.150620948271483
28 1.056594568893354
28 1.043582399736297
28 0.796806842698415
28 0.869912768092537
28 0.496750150413503
28 0.681879597482392
28 0.399932882459613
28 1.097724493652859
28 0.431295398288093
28 0.634012347127467
28 0.597814876221455
28 0.476201661905788
28 0.749981876645909
28 0.817217486567065
28 0.671034529305973
28 0.587430271338963
28 0.444253562124905
28 0.567630800848942
28 0.494368512231463
28 0.542408963674092
28 0.891683790667380
28 0.441317475235825
28 0.465132956191670
28 0.884740835336850
28 0.726187549782594
28 0.487524399319343
28 0.610301984218366
28 0.440685949853239
28 0.680868715153762
28 0.799123552183385
28 0.807023042502466
28 0.716626528148547
28 0.534720682142606
28 0.760167262012783
28 0.931059137773225
28 0.484998040933107
28 0.573599088287932
28 0.710909929907558
28 0.302940435779568
28 0.924879748377193
28 0.386659077263357
28 1.009096039412206
28 0.479585311651690
28 0.889351640366790
28 0.320176211146997
28 0.717553186902788
28 1.086641390986004
28 1.035319364748888
28 0.743223858443436
28 0.471326368138192
28 0.623938707230502
28 0.681703071064425
28 1.038409711819327
28 1.090625017770537
28 0.581218978015806
28 0.315962607436939
28 0.732947914128534
28 0.530340706536187
28 0.729936990256962
28 0.943906633516726
28 0.652277992125366
28 0.792985555049295
28 0.811397966713172
28 0.643480027794480
28 0.543262802748360
28 0.779802776068085
28 0.391708128958005
28 0.493525816534779
28 0.595807918394898
28 0.431851207747573
28 0.703028872837571
28 0.909006490312986
28 0.484262960978410
28 0.882392281466901
28 0.600438618953598
28 0.591217522785679
28 1.157422585041414
28 0.576535700663226
28 0.545630756085137
28 0.468860342073355
28 1.015800996072526
28 0.637469472458712
28 0.657621802778506
28 0.552800725633571
28 0.792457650395878
28 0.539297020350948
28 0.595693003667622
28 1.184799744784310
28 0.593143907259385
28 0.591918031988378
28 0.794280429146833
28 0.923598106240474
28 0.685806286839158
28 0.678956492638862
28 0.712801872132191
28 0.830631352696454
28 0.845504761150499
28 0.876852100086613
28 0.943309793247934
28 0.991342738864391
28 0.851072431779195
28 0.644156209494224
28 0.838310472660238
28 1.151253736952005
28 0.619305112173825
28 0.767665175722984
28 0.650360257044866
28 0.762710044457915
28 0.791882642019254
28 0.849545312934501
28 0.835804092333956
28 0.375545907203994
28 0.412611332402589
28 0.448370142049057
28 0.514772943671788
28 0.875468298114485
28 0.717432238329540
28 0.831392121434082
28 1.035643815234714
28 1.366030567520467
28 0.474352571124864
28 1.309077045496532
28 0.817907432439990
28 1.194542839897826
28 0.461654988552903
28 0.460541014401788
28 0.328490465284708
28 0.675319401633406
28 0.494968175511694
28 0.661370756731451
28 0.627848466090294
28 0.788356590569785
28 0.488574636733800
28 0.752136666161701
28 0.376864236190074
28 1.162769888833874
28 0.580924251052890
34 1.201120951668422
34 1.245255562823462
34 1.899110683959742
34 1.605756258540397
34 1.196474920515774
34 0.853520647070261
34 0.674894519854262
34 1.650569146198329
34 0.956816259254986
34 1.268256579811307
34 0.684156248910309
34 0.844334838207694
34 1.497752162572187
34 1.834055246157234
34 1.111765969919882
34 0.607397674891405
34 0.950619492358910
34 1.050799953325220
34 1.772869364715028
34 1.036689883221753
34 0.872552187695679
34 1.079764090121384
34 1.043057176121130
34 0.970278491803912
34 1.434680837202195
34 0.923523768171314
34 0.669287363158263
34 1.574209299764622
34 1.999754538756928
34 1.049478102494567
34 0.890900123396361
34 1.213966539485679
34 1.012097010373068
34 1.295068351074598
34 1.530255429678726
34 1.001466578256861
34 0.623862745475185
34 1.704367483570856
34 1.534025034262037
34 1.796870692356061
34 1.096807764843879
34 0.972441999408511
34 1.088791171023610
34 0.703846946737866
34 0.551608451119954
34 1.343527642544704
34 0.912789113653330
34 1.654499207930869
34 1.533786470660475
34 0.884082625231223
34 1.745067178081565
34 0.882267814976023
34 1.672915622924428
34 0.980842754670102
34 1.067825618327100
34 1.163728289192203
34 1.521584487195729
34 1.267902044913180
34 1.114327608108173
34 2.044177438411697
34 0.915786310235680
34 0.902337006179192
34 0.607759348055113
34 2.769923843726739
34 1.177570845629677
34 0.663456751410111
34 0.952109206216758
34 1.042756322386226
34 1.402308484455991
34 1.132403285580806
34 1.373969060689037
34 1.543956504894876
34 1.357806442909725
34 2.370325874010474
34 1.129357167494126
34 1.370404782928213
34 1.340363069885412
34 1.679395201467664
34 0.895531728141746
34 1.966758116080633
34 1.563627287749934
34 1.108653753164237
34 0.955073159198700
34 1.338864870050215
34 1.185520859450294
34 1.628181826973283
34 2.292380349778905
34 1.338389275059084
34 0.798496008489752
34 1.428169842447155
34 1.356392284024333
34 0.592802223894109
34 0.831439992613598
34 0.564439711914590
34 0.999955016092377
34 1.400818190696985
34 1.305593750980957
34 2.111396517842463
34 1.654635549154585
34 1.161089273237286
34 1.440004243445672
34 1.057138697506412
34 1.212655115510582
34 1.780350074356845
34 0.795500371592421
34 1.904257369019261
34 1.403714830410629
34 2.061817844911431
34 1.134935565682676
34 2.340242004156732
34 1.031765209403359
34 0.673685427132255
34 1.199407161460130
34 0.518923208060627
34 1.779646035173599
34 1.121553433054570
34 1.181947591932385
34 1.083910236712533
34 1.246793707784907
34 1.014979849670582
34 1.056709755209054
34 1.081482411869153
34 2.402055338716807
34 1.423880450782304
34 0.926895925803990
34 1.386447027144253
34 2.004555309462974
34 0.812876954912896
34 1.942521844299207
34 1.607954719069824
34 0.903233650338712
34 1.459317462142441
34 1.850917495832342
34 1.079275093080051
34 0.928925495434824
34 1.384349323181405
34 1.753409490007671
34 1.469644710311685
34 1.132140869643812
34 1.688150284608056
34 1.250903837378547
34 1.203010823736922
34 2.263312334323672
34 1.910289192508188
34 1.582043811688873
34 0.948621674331212
34 0.795024482438824
34 0.817952635648050
34 1.584993060572478
34 1.515545196732001
34 1.095675519636137
34 0.890620567649039
34 1.265491590283683
34 1.520383962640520
34 0.708635302158485
34 0.845549828655709
34 1.052650687014239
34 1.214161989058290
34 0.716518549106836
34 1.783415998599787
34 0.904378257421724
34 1.188306465242852
34 1.508080580457936
34 0.825491156483007
34 1.794062828456456
34 1.619021442727425
34 0.721703169816543
34 0.802858413136224
34 1.403427423622964
34 1.865531605542392
34 1.517973379309359
34 1.083073707675380
34 1.072491491415769
34 1.479739089586181
34 1.245349448969188
34 0.972486446715941
34 0.825156802975891
34 1.409738000773382
34 0.887484482528493
34 1.065476932502597
34 1.980460866095775
34 1.210428410767437
34 1.102179192860361
34 0.799823677824922
34 1.399339462146340
34 1.531819503140693
34 0.687684693759345
34 1.421038002173109
34 2.139847439630153
34 1.357730275752403
34 1.131615673035768
34 1.203432641185987
34 1.992732441561363
34 1.478858424951914
34 0.771326167342114
34 1.105205987431879
34 1.834360262894226
34 1.570115830897483
34 0.689983940263864
34 1.121036222492783
34 0.710072788670828
34 1.288354165818276
34 1.173631121913627
34 1.151396982378253
34 1.106644809910891
34 1.635346183149321
34 1.260569036332020
34 1.543932506794792
34 1.796312712739844
34 1.282818120541454
34 1.173321940845494
34 1.087423928209426
34 0.823990280486817
34 1.113078110811087
34 0.830836942089045
34 0.520260111841737
34 0.929295432116157
34 1.773472808396241
34 1.513485291714293
34 0.874021817182538
34 0.678527305514866
34 1.049622712389619
34 1.111722230840495
34 1.387295513463704
34 1.928569127329711
34 0.950571596616769
34 1.372252010951158
34 0.855913768697503
34 1.216853801638357
34 1.204513926973102
34 1.563704956828032
34 0.791878005571004
34 1.869306004340394
34 1.118506601492349
34 1.446388199033986
34 1.082167759789917
34 1.068091732899728
34 0.900435832784285
34 2.705875872371138
34 1.295467918622682
34 2.463141357535354
34 1.390192489970687
34 0.652744063768719
34 1.002496351142821
34 1.263113133647361
34 0.851160054399943
34 1.318385996519964
34 0.525484518449006
34 0.700598926620895
34 1.023192279877688
34 1.100695600574606
34 0.975829118367288
34 1.396544770284332
34 0.946185221007498
34 1.683549929144394
34 1.971498077806223
34 0.955782084169549
34 1.219327051235055
34 1.203419803024073
34 1.133982510019255
34 0.753867679528299
34 1.731579187287407
34 0.845481541912841
34 1.118843752298215
34 0.964241367830956
34 2.001828486352794
34 1.532953658476077
34 1.483565560143337
34 0.921869826466028
34 1.269632856899300
34 1.070567752193154
34 0.827995427503647
34 0.836833149510754
34 1.623589003561746
34 1.810895241062907
34 1.379517234553036
34 1.045414669193927
34 1.580559149461740
34 1.634040844087994
34 0.653398952943609
34 0.992084358185318
34 1.464079119869894
34 0.645708442642714
34 0.981974765425226
34 0.884609668786874
34 1.003051102541239
34 0.697058204035684
34 0.669370140586905
34 1.067957819302499
34 1.011110902998563
34 0.560118987141702
34 0.885467604127425
34 1.136292752885465
34 0.865386169149265
34 1.126801097636466
34 2.102470036327713
34 0.840506596202460
34 0.881969666784696
34 1.076656442456286
34 1.256276822411738
34 1.261225102263091
34 1.333988227795348
34 1.488411246153267
34 1.552129231962101
34 1.401834652624416
34 1.054579480204729
34 1.062190705897584
34 1.180710704295112
34 1.108266132367993
34 1.189394951153535
34 1.526575987772950
34 1.080900992649147
34 0.925038097367995
34 0.867652167388710
34 0.974521388293141
34 0.804792590582077
34 1.219123343310350
34 1.569597671309863
34 2.539074874312313
34 0.608464676210325
34 1.902935283260939
34 1.215504844857903
34 1.975325708169993
34 1.281840082523458
34 1.121182488093057
34 1.645347524266409
34 1.353679273385859
34 1.921630624510104
34 0.675883076467407
34 0.769255014704447
34 0.789586156497330
34 1.058650423826744
34 1.922055847911121
34 1.723306478501929
34 1.886518934238094
34 1.159746350085973
34 1.004019238593100
34 1.253543832009158
34 1.413717174892341
34 0.861833642738846
34 1.782257136992491
34 1.989805337938239
34 1.277961220255595
34 1.348980148722898
34 2.025750534384278
34 2.251844040382524
34 1.185550409311800
34 1.514453883140254
34 1.017746313666638
34 1.124303275816627
34 1.798564853292279
34 1.359364657125579
34 0.573936879909651
34 1.450236358510794
34 1.405353285381374
34 1.658326516917026
34 1.211673704685970
34 0.829753229586904
34 1.312149582406327
34 1.685457363625021
34 0.822737557385786
34 1.019778424068354
34 0.978142771132426
34 1.128164119406989
34 1.120854696337622
34 1.201136016679746
34 1.692344994510327
34 1.571781108078026
34 1.804898060131180
34 1.219226818936878
34 0.994328166309017
34 0.659733513923642
34 1.635873102499621
34 0.880247968709741
34 0.953544052960968
34 0.818161251360285
34 1.178692212067166
34 1.313930660291736
34 0.839564866797402
34 1.030182044962067
34 1.137534614250284
34 1.069058070578177
34 0.753965282130926
34 2.442144590566809
34 1.530767699203484
34 1.835808800884312
34 1.128735620735084
34 1.351281660298970
34 1.648443178570968
34 0.868628673043093
34 0.565010706280821
34 1.543524515183226
34 1.397359175687041
34 0.734749462521117
34 1.378537002570025
34 1.455920709136340
34 1.425071384273912
34 1.411793915498802
34 1.225068864984445
34 0.654332317383705
34 1.036613822114764
34 0.694946728062038
34 1.348700913073966
34 1.763742096857628
34 1.368166981283601
34 1.276832361902796
34 1.246672657392255
34 1.350190710766515
34 1.536133605885704
34 1.550038677192389
34 1.218774278701114
34 1.463271366098392
34 0.954362022515308
34 1.888083414137092
34 1.159482459169914
34 1.413922511012762
34 1.443206988854207
34 0.698485620429590
34 2.035885151977253
34 1.184898190944756
34 1.369038036803396
34 1.427907272358699
34 1.016249037514697
34 1.426823073148999
34 1.622429523204993
34 1.029053878833606
34 1.478943331815744
34 1.065232860531766
34 1.796497927828285
34 0.649120423797715
34 1.395349981210979
34 1.741973241721938
34 1.751615758700321
34 1.432214878751417
34 1.014148794141924
34 2.035789268222242
34 0.804162063703328
34 1.380347696395040
34 1.436134349801327
34 1.669040809191636
34 2.540611519353820
34 1.346052673674534
34 1.117352909504522
34 1.394769273944228
34 2.257039344835449
34 1.399901889546693
34 1.765054173950459
34 1.255418745579044
34 1.269915514397344
34 1.442554480612916
34 1.077530098414797
34 0.925824548859407
34 3.067974288485241
34 0.656723454575913
34 1.203579823847697
34 1.647563818904028
34 1.865159078791804
34 1.058867543167801
34 0.919064313889334
34 1.223820614523103
34 1.132486070933325
34 1.203032079385207
34 0.975651281655705
34 0.707810890534307
34 1.298310564348001
34 1.386041091610936
34 2.051458511283493
34 1.122322672568030
34 1.413640935510817
34 1.377473997997411
34 1.468201329860482
34 0.828244990221810
34 1.314133556922652
34 0.716063660901941
34 0.848548916354664
34 0.672111530150908
34 0.876238874110810
34 1.097723908450688
34 0.691308760482256
34 1.285244144381619
34 0.859440312974098
34 1.337520413528297
34 1.041390612840866
34 1.205567162657220
34 1.298747663796501
34 1.354976066552777
34 1.227665360176858
34 1.351461565702088
34 0.668958394869803
34 1.808968564481606
34 0.639224417017470
34 1.412803474918860
34 1.173501270334610
34 1.019233028371857
34 1.016733335974162
34 0.759483221140574
34 0.898218925344122
34 1.963074899258924
34 1.692819500903971
34 1.691075941893287
40 2.432471829672359
40 1.752089531405028
40 1.855346014716792
40 1.463775846406369
40 1.892074168076494
40 1.937620856942186
40 1.441667094201439
40 1.828880192141107
40 2.122874906675182
40 3.985906109560487
40 2.319962868108726
40 1.942924429000726
40 1.248770481106334
40 2.522868978064492
40 2.423678666644042
40 2.687715479524731
40 1.541678845324277
40 2.611771047773427
40 0.768258896892294
40 1.906604818926718
40 2.589400292663155
40 2.223528177034812
40 1.396161249046482
40 1.297399615361153
40 2.275587225161068
40 2.028474095404656
40 1.283497217714388
40 2.252929308251225
40 2.052524864600703
40 1.107046335576499
40 1.628442598461803
40 2.945521552164854
40 1.712173547700987
40 2.478599067913327
40 1.742787049663657
40 1.838791189763259
40 2.210549591811583
40 1.127811763492430
40 1.432178325591215
40 1.249082867451305
40 2.278535820954602
40 1.601768834783890
40 3.258101560207576
40 1.642781390383028
40 1.697245375422790
40 3.339185257200308
40 1.327006697705331
40 1.572136929856605
40 2.957478222489670
40 2.466431803264666
40 1.941057243233757
40 1.547778977644926
40 2.075869418544599
40 2.871180170683820
40 3.774526728082778
40 3.145921283301353
40 3.179470939968347
40 1.452143451456663
40 1.820601604691717
40 3.629220274467754
40 2.073776856949634
40 1.747158659852657
40 2.299734638159427
40 1.153752030318431
40 2.966455971341500
40 1.034260556620341
40 1.403539421315301
40 1.854796985285352
40 1.624001234863325
40 1.756885882152663
40 1.444015220142444
40 1.632530523071075
40 2.220786116725440
40 1.210433027663276
40 2.746748739623616
40 3.279665273982532
40 2.300811585729227
40 1.547686636024499
40 2.132514774741791
40 2.657820562704186
40 1.022548102532049
40 1.195891174051446
40 2.660097604953584
40 2.498297985984478
40 1.420415050031718
40 3.588308089630052
40 1.958566301582977
40 2.803905392668630
40 2.121985347688306
40 2.081067579783323
40 1.481174097179594
40 1.264244320136042
40 2.896914634810349
40 2.238824055478194
40 1.345038723356851
40 1.102864332842531
40 1.446222975517232
40 2.069013632554867
40 1.764804539684757
40 1.512777476822450
40 1.402268173174185
40 4.244456619705847
40 2.911083104124364
40 1.420614772117265
40 1.327796231173077
40 1.733671815916604
40 2.536527882351490
40 1.480323229066872
40 1.856664429215986
40 1.428569369932370
40 2.159134766921133
40 1.919405487634563
40 1.397381782976394
40 1.888727862347649
40 1.360018583533163
40 3.477719748640199
40 1.810823538773357
40 1.647323618141330
40 2.022717026800679
40 2.216037710806778
40 1.453850247429981
40 1.330568752704432
40 0.951543323947458
40 2.187972195532838
40 2.104025454610488
40 2.550321657030780
40 1.396335592547853
40 1.838025716945990
40 3.196964039809403
40 2.158999616028915
40 1.630215023692624
40 1.509142654082440
40 2.291484120829407
40 3.088623988901343
40 1.749648310528043
40 1.460579570540503
40 2.282057843457356
40 1.615770402479801
40 1.353235273881833
40 2.399754245581934
40 3.417291573986965
40 2.382329386693698
40 1.823461084508048
40 2.334216876691105
40 1.148255451642507
40 2.323459370853962
40 3.405266755397417
40 1.902822264541541
40 1.019860625636802
40 2.232739593910400
40 1.585511143690917
40 2.108263581527424
40 2.830607166820912
40 2.097046123690760
40 1.844648266222982
40 2.073736926381160
40 2.916961302724534
40 1.120563454301676
40 1.124915465103186
40 1.929698008381616
40 2.923753881312642
40 1.248247145938144
40 2.244782944186850
40 1.716193981861220
40 3.148295252465710
40 1.591268248621471
40 1.979279551220802
40 1.573274092555115
40 3.141200282237544
40 1.835747793260729
40 1.345477272137510
40 1.842466281200011
40 2.162947960830141
40 1.056057513767621
40 2.052912083754896
40 1.705948468557263
40 1.174486080696596
40 3.292868596250020
40 2.308916274495437
40 2.169081013821140
40 2.195283352406769
40 3.341937265571140
40 2.185983655909425
40 1.400968623244465
40 1.555262979350071
40 1.496937817404388
40 2.865384520916993
40 1.351188596047916
40 1.683184544936591
40 1.448077334833310
40 1.816023549761794
40 1.135486625073947
40 2.968659654611526
40 3.109430774144997
40 2.181187650967988
40 1.499648730104976
40 2.775979866105789
40 3.867756539313785
40 1.321429036047725
40 2.193873182789337
40 1.882920504523216
40 2.005910452962400
40 2.954745038554631
40 1.705413849896416
40 3.036394275684414
40 2.895783106045517
40 1.483542116455544
40 1.344162434485393
40 1.365070750983731
40 2.084107891838601
40 1.513710573110297
40 2.254771401517435
40 2.763180054560841
40 1.850834698906064
40 2.431101633844396
40 1.959166211315174
40 2.359874653575115
40 3.577676317971127
40 2.065699866702035
40 1.707822407895298
40 2.927836485453518
40 2.844555329969813
40 2.051664299188509
40 2.733488434336101
40 2.804057919887466
40 2.163510547602227
40 2.331655257222687
40 1.600112552155323
40 1.316265215510536
40 1.508044337727337
40 2.522098725035798
40 1.760102017105735
40 3.302751939986937
40 1.315052184034496
40 1.977797164256980
40 1.081290361364326
40 3.060775371281940
40 4.249614034480258
40 1.146882482613288
40 1.818686563469290
40 3.427510037940380
40 2.189070056758244
40 1.958906863958235
40 2.341780871863511
40 2.383843884467591
40 1.878669462740487
40 1.649417352880821
40 2.352428853160667
40 3.563904057854907
40 1.201122211681773
40 1.492130446976775
40 2.591713642329827
40 1.782467265443140
40 1.597447851697725
40 2.840090114414650
40 2.941129548790668
40 2.195868242295336
40 3.175272398617432
40 2.990358769391014
40 3.181388792705666
40 1.674846689596956
40 2.263166707252674
40 1.134932847755776
40 3.127712227309786
40 1.751943735768823
40 1.466577605190845
40 2.855382483240414
40 1.749429970322261
40 3.402872389335721
40 0.986189817394850
40 1.722746772935507
40 1.358039265606450
40 1.923628542524217
40 1.287402473437989
40 2.219165334880699
40 1.235832084890369
40 1.717516450377921
40 2.724369717519247
40 1.464940745692376
40 1.715488762385855
40 2.452039188798981
40 2.170643627506239
40 1.853741037925760
40 2.129373203453929
40 1.402365986521628
40 1.993312081316111
40 1.894400647261840
40 2.800171828926704
40 1.987586687127695
40 2.605546156682912
40 1.068817862762103
40 2.737120362775062
40 2.246878038740004
40 1.785162743214452
40 2.045210801908313
40 1.890790507705920
40 1.227914782646378
40 2.006906656496461
40 1.904264264761528
40 2.443401004223059
40 2.221435361082150
40 2.296542796445234
40 2.031527199803147
40 2.081930526863601
40 1.283556692856514
40 2.612074367592653
40 1.738472627954471
40 1.563029360851829
40 1.713159697469118
40 1.461960729556678
40 2.956957318170486
40 2.647718768483728
40 2.886060992766069
40 1.737351942519080
40 3.309687858733905
40 2.713404427153623
40 1.533557461167957
40 1.421636942818756
40 1.470010494238043
40 3.495307313304515
40 3.205279806517158
40 2.033226633077204
40 1.455588520309682
40 2.507706188324709
40 1.249300585351472
40 1.772701883668351
40 2.651363246018597
40 1.654231649246503
40 3.066038455696717
40 1.666512201141538
40 3.378888408033932
40 1.676876894734264
40 0.984185060159376
40 2.024509294892415
40 1.945332672614850
40 4.199053713932678
40 1.634816111808835
40 2.293011096110980
40 2.126724920562307
40 1.933348185883784
40 2.742794865447025
40 2.078363642800065
40 1.360134680239613
40 1.764972792449505
40 3.480944823633764
40 2.219417173001384
40 1.521053986872792
40 2.649184229465336
40 1.200819629976453
40 2.583939011247267
40 2.569491002098458
40 1.524975121161223
40 3.075493260664643
40 2.096703204415837
40 1.555928478389848
40 1.293671462068145
40 3.316131560878619
40 3.710712227974708
40 1.326921573061838
40 1.532217864246115
40 2.296140377194748
40 2.544331266587450
40 1.737443108912661
40 1.646853718011023
40 2.447045295474684
40 2.420999441481387
40 1.872409363030126
40 2.502690206926422
40 1.517662939131517
40 3.547022076291559
40 1.869180813658256
40 1.790051800014171
40 2.246452994900203
40 1.019896182335961
40 1.947267070492751
40 1.382193486654737
40 1.249597028287585
40 1.506203386660747
40 1.923742219772759
40 2.024754751599435
40 2.441489607714714
40 1.678878448517059
40 1.876696168179012
40 3.199858081976720
40 1.802390473443836
40 3.674108397776548
40 1.278678225235270
40 3.788544543782084
40 2.929518963555701
40 2.861408676477017
40 2.176976409952834
40 1.905665449353160
40 1.612183846295322
40 2.146642584970428
40 2.252619334887096
40 2.047606664408216
40 2.945358662741658
40 4.126858852461526
40 1.644847206319561
40 1.074720981427243
40 2.073040352210599
40 2.460643443728612
40 1.395632089168473
40 1.935781706383317
40 2.497168770157707
40 2.915754164091713
40 1.536208924764962
40 3.193989828060484
40 1.396067502665188
40 1.093347407196870
40 1.835169782544369
40 2.090611505537552
40 1.242834684573324
40 2.687156555791383
40 2.380912975335935
40 2.180209662732338
40 1.947389334253923
40 1.566340330029393
40 2.013558025064475
40 2.426056069330198
40 1.181505293961031
40 2.124352805745213
40 2.817807976754070
40 1.637343641478845
40 2.521809054099375
40 1.808476037651387
40 1.618744279805320
40 1.834633211534660
40 1.055317507626201
40 1.875466297558911
40 2.720591649541492
40 1.938722991479646
40 3.223244497094412
40 1.288749695887139
40 1.775600178143189
40 3.091909452929128
40 1.270866172781169
40 3.252248013323851
40 2.618021752263637
40 1.182820194610899
40 1.289109900624998
40 1.926461423740010
40 2.304034678789888
40 1.885866587436541
40 1.294030731963895
40 2.080823117778415
40 1.756972370704647
40 1.826104082389024
40 1.594861819010752
40 1.469431018778001
40 4.243662137363115
40 1.858748802193825
40 1.697228508566578
40 1.170038109876140
40 2.241514443569191
40 1.692042986606205
40 2.584519882380416
40 1.939104701273813
40 1.168282935753616
40 3.141177142979554
40 2.743940209422890
40 2.786368031105923
40 2.052882447079391
40 1.547318769872847
40 3.035470477082189
40 1.980115469345924
40 1.475757973238332
40 2.048044369202744
40 1.178591267147564
40 1.926620672698087
40 1.639859497308905
40 1.808787810549145
40 1.772170318618416
40 2.015149854953611
40 1.915625481034114
40 1.810350652147395
40 2.362942283481678
40 2.661043222988585
40 4.916227292469113
40 1.513283178463205
40 1.705973856670171
40 1.143606106353253
40 2.011466480030631
40 2.081475085187607
40 1.828190320745539
40 1.920275439473464
40 2.684300190590042
40 2.916792255985390
40 4.043664709739773
40 1.583513743359938
40 0.998420360654174
40 1.426295910334427
40 1.764162407163446
40 2.646595916970574
40 1.936638107750325
40 1.132000492756818
40 3.403080143861041
40 1.794976124687455
40 1.681924160049958
40 2.347199313431282
46 2.708822400022047
46 1.655998719393112
46 3.680321210111900
46 3.621490157672592
46 2.486969050183800
46 3.084812151425179
46 1.966161534547823
46 1.927316143275219
46 3.184468069465029
46 2.694546006003796
46 4.038198878425108
46 3.365644597154287
46 1.613905836661548
46 2.351645154967737
46 1.911221824519404
46 2.662952225471619
46 1.923516991267330
46 2.734865126656449
46 3.238447119829273
46 2.287180488948605
46 5.118577786742882
46 2.534982227149652
46 1.881881842191907
46 1.421015680688085
46 3.340707304089427
46 1.993532118662042
46 3.422344432423412
46 3.047471828350480
46 4.754811188096114
46 2.016335651853854
46 3.673617958858959
46 4.765392091497425
46 2.517286573969562
46 4.242550589382435
46 2.113618206210958
46 3.151462292205203
46 5.132674438142174
46 2.159770033204855
46 2.222940223560491
46 2.499954326542152
46 2.784826654350689
46 1.843787900496388
46 2.405173317961476
46 2.975711769641307
46 2.681937357668726
46 4.246170546937267
46 2.337688792277649
46 2.897894283971860
46 3.273639850219457
46 2.689457363005329
46 3.753439669241417
46 2.951443634072832
46 3.825090319918520
46 1.995256339111941
46 2.550844038551087
46 2.789525977775265
46 2.868824873269840
46 2.454751816851254
46 1.885516959726704
46 2.618147308406360
46 2.082010618774467
46 2.980177594419986
46 2.119589184286742
46 2.002376418070100
46 0.997653367110601
46 1.907721754169140
46 5.396453800890428
46 1.926925819862559
46 1.989527281928732
46 2.277032912852985
46 4.081534318438525
46 3.558836364531122
46 4.241344319676781
46 1.725754329320521
46 2.969441914079529
46 2.096442055084089
46 2.616504922435967
46 2.881437902612142
46 3.371555406715530
46 1.949524620760174
46 1.516614693376558
46 2.244488116116208
46 2.412009503402360
46 3.133388598521436
46 2.954521542093329
46 2.376169824375446
46 2.918431318431929
46 3.398687789297810
46 4.042349712117893
46 1.536332858439689
46 6.770912036951622
46 3.394810827679571
46 3.712808747767371
46 3.949011732073824
46 4.013513102507053
46 4.366509841513133
46 3.054715329979044
46 5.130960287804056
46 2.826700030844497
46 3.446783527511899
46 2.935832508633984
46 2.233036190966390
46 3.268479697372703
46 2.056086377649302
46 3.558902791272589
46 2.562388318138082
46 2.128442375587624
46 2.238835868223629
46 2.510042240288185
46 3.212537727660440
46 1.790148846138321
46 2.766408028579933
46 6.901103601400081
46 4.568831202249896
46 3.827830280240326
46 2.573966983259631
46 3.872389131296664
46 1.685001493373373
46 5.874818310657163
46 4.227499629925479
46 2.404838050497439
46 4.033004026207948
46 2.361619503834402
46 2.222421682205525
46 2.531219708864749
46 2.758353434403922
46 5.131482788584065
46 1.783197286830365
46 3.077525439534825
46 2.873611431534492
46 2.064190925007284
46 3.216283327996084
46 2.244561395834926
46 6.058385314451251
46 3.616691827380375
46 1.807413747265891
46 2.341092575830008
46 3.215670868912607
46 2.640187682892201
46 2.507897265580915
46 2.247006940314103
46 3.089617101807972
46 4.530744568840469
46 3.867925465540092
46 4.229540743514841
46 3.503768401078076
46 1.901622298348023
46 2.439550907295973
46 3.783131649115375
46 2.834320493017699
46 2.126474579861680
46 3.918237882967726
46 3.244648779025991
46 2.524793275898850
46 3.593082123712629
46 2.079933953706781
46 4.018868849140107
46 2.989362816456741
46 2.839935073272033
46 1.743756002103352
46 3.856261083093432
46 3.806951139075045
46 3.956847017649745
46 1.918742457704888
46 3.500605342552195
46 2.740319961397585
46 1.655377651782144
46 2.158289642620629
46 3.609230110817658
46 3.537328995874305
46 3.654398307442611
46 3.657199925167948
46 3.068916372289282
46 2.810745571983932
46 2.905156213368250
46 3.561335987617302
46 2.414260623310326
46 4.131756914588506
46 2.727907436044259
46 3.336445648622881
46 2.110053562821438
46 1.891942358760895
46 2.943542299885238
46 2.294218694131333
46 3.368323246309961
46 2.733537782582880
46 3.650533772781863
46 3.166000594181862
46 5.059050660166291
46 4.376875997221592
46 2.475085175351794
46 2.654957979613992
46 3.804505585070070
46 3.271030002914352
46 3.834982278792695
46 4.961450041246680
46 2.950848273574775
46 3.025875918499328
46 2.553727930399191
46 3.867294067893267
46 2.870627704059905
46 3.725352439263266
46 2.598079606315476
46 4.822436981776204
46 2.914403965641731
46 2.873418664928272
46 2.936266506029268
46 2.409766733538614
46 3.960041363618748
46 2.242263908515238
46 2.392260887787603
46 1.786788766060432
46 4.907240546728969
46 2.587183043202684
46 1.860097909194767
46 3.461273302905625
46 1.985965457348359
46 2.403917153143615
46 4.666145028463458
46 3.378616914317956
46 3.755466558963467
46 2.919157275171383
46 3.568741701324842
46 2.134930362263384
46 2.190271319181374
46 2.915369698784907
46 2.942628918441763
46 1.915640662875711
46 3.346544137966829
46 4.732939832447820
46 2.096667950272472
46 2.634758160708499
46 2.647231147889998
46 3.080323891874047
46 4.511209409823421
46 3.831058773526946
46 3.843883330454800
46 2.508349868047154
46 2.016004488901042
46 3.008706994326299
46 5.480974440374649
46 4.281366767592367
46 2.865602885161036
46 3.478876745935651
46 1.572678402546769
46 3.454854448419603
46 2.896246695051485
46 2.354676138936366
46 3.155708864891237
46 3.198810351473741
46 3.869758542547725
46 3.536492238329808
46 1.784239178263679
46 2.747616831505990
46 3.481938249720012
46 3.181919275120667
46 2.715150711647062
46 5.645080124844394
46 2.098133946282079
46 4.648650459660856
46 2.293498755454892
46 3.380702184050877
46 3.760643623309921
46 2.006563098073606
46 2.974089969431355
46 6.701982634058110
46 1.965475003956969
46 2.619290546655729
46 1.972818395976591
46 1.403216302623263
46 1.638163527345037
46 3.038590694142128
46 4.223395576851632
46 3.016868791805747
46 3.376064223956363
46 1.946120407252922
46 4.370142253117867
46 1.676459291896277
46 2.672913351262916
46 2.104647224173658
46 3.318811509657291
46 3.147336167951853
46 3.990445746297882
46 2.449234995553153
46 3.308019578395671
46 2.515237818003098
46 2.893995039314526
46 5.678167508156048
46 4.470764340632215
46 2.693113930019964
46 3.111934427798372
46 2.399253494836899
46 3.055540486219569
46 3.395082927999448
46 3.080703244326671
46 3.087947675361637
46 3.864121062598987
46 3.059592085222310
46 2.524462257390542
46 1.975071599633347
46 2.119216380324941
46 4.562589381795906
46 3.520346781622626
46 2.212592240311671
46 5.099228398856961
46 2.869353750672961
46 2.578858309387375
46 2.768195217610466
46 3.066517275410365
46 1.734849333193493
46 2.355383710188139
46 4.658862547840841
46 3.196645297408351
46 3.911167530362567
46 1.919655617653000
46 2.437651459113892
46 4.816419218293317
46 2.492353625998617
46 2.455780352517241
46 3.436367619575366
46 1.751485093062908
46 3.809853011708620
46 2.713368899773406
46 1.842187055702303
46 2.531511665745989
46 2.610925716454241
46 3.063518603970667
46 2.117735490636602
46 3.686816316416615
46 2.415100336816930
46 3.137216131586198
46 4.194483426329521
46 4.312103903752279
46 2.978208928112004
46 3.980813070601196
46 1.806951267053161
46 2.739395540226303
46 5.425977963809320
46 3.036387724189615
46 3.329398874616638
46 2.041800533434478
46 1.739812844990541
46 2.270415148494638
46 4.058622069564664
46 2.098764528602952
46 4.806299220538465
46 4.628693948830357
46 3.092168362026366
46 2.199634752129838
46 2.138352977492825
46 4.283553519298884
46 3.474284235338820
46 2.690605042770257
46 1.900245838073380
46 2.979279977643948
46 3.251715561607640
46 2.384453882698533
46 2.417245240458285
46 3.421057361571863
46 3.403342500638083
46 2.218781937766970
46 2.203504338730390
46 2.569293115870712
46 3.813393251282902
46 2.472662416752246
46 1.857021769390628
46 2.087097109059232
46 2.289652540432483
46 3.442453945324286
46 1.814071720412151
46 1.747868270296797
46 7.003322682481977
46 1.772327907365658
46 2.628400560426938
46 2.276018564445122
46 4.024619564132903
46 2.871656221189612
46 4.595417840287418
46 2.759883972415902
46 2.485693857765874
46 2.745233447625359
46 2.766720674313989
46 3.489859474502420
46 2.703869691660755
46 2.078592075047082
46 2.403574292484200
46 3.447489716834345
46 3.711319377848611
46 3.394336176047054
46 2.005567299263331
46 3.757294550070815
46 3.384539371251253
46 3.759254954205170
46 2.109681389613435
46 5.392544865149928
46 3.089610309719895
46 1.736308061131687
46 1.820410207419870
46 1.962754070285639
46 2.862501708558512
46 2.365254552007240
46 2.225025174322188
46 2.088314951437291
46 3.798312913274483
46 5.157176286109224
46 3.566078813251891
46 3.664826985931156
46 2.643917149374082
46 1.665589699141527
46 2.417730401763532
46 2.120788465115288
46 2.420938994121144
46 3.423061555532175
46 3.895887749995650
46 3.480996531837824
46 6.316235564015799
46 2.281407789657192
46 1.857036911290390
46 1.709762452518789
46 2.842822390752099
46 4.015001373559169
46 3.180097988678597
46 2.324159698901139
46 2.810740564665736
46 2.388498377473061
46 1.642186793449850
46 3.477225993583761
46 3.400239955569477
46 3.044654262075792
46 2.015296814730305
46 2.002424599189065
46 1.781450413088913
46 3.641360154026998
46 1.565201777382534
46 3.659499577196139
46 6.062431093532242
46 2.280061288725506
46 2.272611340966851
46 2.051190230887958
46 4.597823096026509
46 2.134318886531068
46 5.152128098070779
46 2.415065280616159
46 2.629486788899852
46 1.637855710529921
46 6.315765283935606
46 3.575435344378848
46 2.219285520373626
46 3.286244431331478
46 2.278665087120004
46 3.118573323375801
46 2.464354773598592
46 1.927396716371645
46 3.200176232888460
46 4.115124048776986
46 2.930217405623643
46 3.920118066471043
46 2.828613133916093
46 3.067990884418768
46 4.235688516467022
46 2.164443644422494
46 2.464070673531847
46 2.305874422561640
46 3.360661213908249
46 2.509768506378196
46 3.325501925449110
46 3.652592743829969
46 3.071863585944890
46 2.827037267191573
46 5.653690047698810
46 2.106161549507354
46 3.347283825075006
46 3.129331493486439
46 4.134211032105003
46 3.271691298453978
46 3.624185212155163
46 1.895202555680914
46 2.223285387358891
46 4.595477592750052
46 2.348408628780544
46 3.307803326771093
46 1.861222917952483
46 3.711750136701375
46 3.559271262895952
46 2.888912207759351
46 2.253536085782943
46 2.321638889017098
46 4.763351065718963
46 2.448127847008407
46 3.408513315000273
46 3.745511392679455
46 3.913492109664049
46 1.902864530992291
46 2.475522557620558
46 2.624697125432162
46 3.353089044719573
46 3.921968487770154
46 2.535699782051427
46 3.178906480614461
46 2.039194884540899
