10 0.014315133015452
10 0.009768956232757
10 0.010894547745893
10 0.012131428638801
10 0.010080268197021
10 0.009394762195982
10 0.014212836378550
10 0.009685723398114
10 0.008883947209921
10 0.014185287010309
10 0.009275485888055
10 0.010825680296601
10 0.011617808594001
10 0.016879805822233
10 0.010686916075335
10 0.013881628343727
10 0.007576738626352
10 0.018810130133949
10 0.009889166020373
10 0.019622316876305
10 0.011865628125554
10 0.011730643734269
10 0.010747907769798
10 0.015256900822565
10 0.009482484250124
10 0.008217694731518
10 0.016169746505864
10 0.006679918200689
10 0.011576853174240
10 0.010493282209522
10 0.014592763351636
10 0.008288681403534
10 0.009971200059067
10 0.009916182088415
10 0.006789256962053
10 0.011400946161155
10 0.010084976722713
10 0.016349013536998
10 0.009528590580211
10 0.006671096373731
10 0.011589183531665
10 0.010386312250451
10 0.011567283842802
10 0.013477252748443
10 0.010624314465980
10 0.015315484887789
10 0.016057556358657
10 0.008039382651337
10 0.012256074973396
10 0.011841698462565
10 0.006057289139578
10 0.006569551653851
10 0.014934723603018
10 0.009417829738359
10 0.005840353052461
10 0.016658946275120
10 0.007768130594864
10 0.012682421061456
10 0.007981180565489
10 0.008707602527675
10 0.009898491542427
10 0.018280771461845
10 0.006429872880567
10 0.011553027731395
10 0.014947651891674
10 0.010081716214330
10 0.016834598941163
10 0.008687732496489
10 0.010906720202004
10 0.012550755591425
10 0.006573683271281
10 0.016059194421741
10 0.005258037976183
10 0.012870724650255
10 0.010811690960436
10 0.019666867631646
10 0.010406543444145
10 0.012097603024064
10 0.009851648572817
10 0.015067602700455
10 0.012016030109731
10 0.013494280596354
10 0.006246944287000
10 0.007067010691200
10 0.011131071159241
10 0.007119834842112
10 0.014145564671946
10 0.010237227023309
10 0.015454498413766
10 0.012145059274375
10 0.008124779398748
10 0.007795405140731
10 0.011069948943349
10 0.015185623675098
10 0.009523581416172
10 0.020618089575785
10 0.009802236328305
10 0.009170432997108
10 0.012424389594120
10 0.015705048287693
10 0.012527670994453
10 0.011581940790941
10 0.011989206785280
10 0.014987035022074
10 0.014119218169891
10 0.013057063655759
10 0.009590349864549
10 0.008130497757420
10 0.013601756550319
10 0.006271410021097
10 0.012827816612233
10 0.011496028705061
10 0.009501364243946
10 0.011514681572230
10 0.009904966709752
10 0.013609788018127
10 0.018109855886477
10 0.016753373557571
10 0.014535159066941
10 0.004953744203569
10 0.010890175181636
10 0.012341154599233
10 0.007372333959472
10 0.006394082726536
10 0.011677566902795
10 0.016924527374569
10 0.007664756085904
10 0.009053308569210
10 0.013817690665049
10 0.015689119366708
10 0.012007512968182
10 0.018726974740801
10 0.011920608527217
10 0.012752407122122
10 0.008688340618980
10 0.009038283584862
10 0.010083779756088
10 0.008314284003774
10 0.011988043328829
10 0.012622853887302
10 0.006882105891406
10 0.013005133460405
10 0.009798042262976
10 0.012085624336042
10 0.009789630120532
10 0.012693510070989
10 0.005210886073663
10 0.007846270477302
10 0.009844055257251
10 0.008927145500021
10 0.011875284178614
10 0.007578450778789
10 0.015305115234041
10 0.022704085071899
10 0.024217323147679
10 0.006294808708865
10 0.022807286368264
10 0.013420934669266
10 0.012122404582640
10 0.015425070169176
10 0.009704499956541
10 0.014827713258080
10 0.016621392615047
10 0.011814163711817
10 0.008005146722439
10 0.013678374128995
10 0.006217483871895
10 0.016050671009076
10 0.014127744665589
10 0.018456612197041
10 0.007153358304529
10 0.008271900781249
10 0.008141885962404
10 0.007730464766695
10 0.009393839269261
10 0.014226706648491
10 0.006534183136561
10 0.006829459750355
10 0.014675297536278
10 0.011476768524751
10 0.016958342846373
10 0.009384757392952
10 0.008405821280660
10 0.009275361139999
10 0.014125388222965
10 0.017816385818224
10 0.008977122680804
10 0.010271768370207
10 0.012235855400532
10 0.009215687873046
10 0.011130932274913
10 0.008711036293199
10 0.008396091255893
10 0.011926873945470
10 0.006535936938973
10 0.008251002699750
10 0.010441456664285
10 0.008075657229967
10 0.011540671662416
10 0.012060305164040
10 0.010575680975438
10 0.014692581531872
10 0.015827009414231
10 0.008425751208559
10 0.017575708154646
10 0.020066832198002
10 0.012407531572870
10 0.012480041582852
10 0.011500020524723
10 0.007676708753204
10 0.015413463141172
10 0.014222272646837
10 0.007040650481699
10 0.025260462453734
10 0.016114398885135
10 0.006172114298958
10 0.011011990028828
10 0.012256008900394
10 0.007968549233595
10 0.012786387533325
10 0.006217689899262
10 0.004436064607525
10 0.009901309690837
10 0.007162344283457
10 0.012171708939202
10 0.010076277904536
10 0.007746600113863
10 0.009873007363361
10 0.014603835423447
10 0.012926468018689
10 0.012169678035475
10 0.010008466167094
10 0.008388728002283
10 0.012968439182625
10 0.010265724763710
10 0.015988662908141
10 0.005031094906444
10 0.009785925585083
10 0.012470067904177
10 0.013004725599620
10 0.006223950555719
10 0.010752321175376
10 0.013775534040300
10 0.011791615310997
10 0.014368800239635
10 0.005509928461625
10 0.010335462713004
10 0.011456300529987
10 0.016362016423398
10 0.022050706092395
10 0.005820570048898
10 0.007143750656880
10 0.020388862612320
10 0.011253764332924
10 0.014357190934325
10 0.008835656087330
10 0.007256613156768
10 0.009620944607672
10 0.013132394660842
10 0.013969560545206
10 0.009934372250861
10 0.017374916115318
10 0.008640089765261
10 0.008594296357144
10 0.012134183451981
10 0.009021177203066
10 0.015255811217970
10 0.020684909569399
10 0.011393867297609
10 0.011006483601809
10 0.016687295578926
10 0.010882261973913
10 0.010871433724118
10 0.010163643998990
10 0.010293544815980
10 0.010595756312537
10 0.004596899874451
10 0.009174360996991
10 0.009267299085709
10 0.015508301635600
10 0.007184066993115
10 0.015476064298815
10 0.012951216369646
10 0.013187139258428
10 0.008254370996360
10 0.007199779038862
10 0.008400349624321
10 0.007086777884072
10 0.014078257519659
10 0.017534509986226
10 0.017458213929836
10 0.010943401082983
10 0.009571745763499
10 0.011971855291265
10 0.020118610444340
10 0.018481681568189
10 0.008368141969235
10 0.015110720589173
10 0.009656122832123
10 0.014092549204808
10 0.009039800522306
10 0.017628120317306
10 0.019495337880769
10 0.009502518738328
10 0.015232663555726
10 0.010132569161883
10 0.013105676859784
10 0.018643831546689
10 0.010898968463663
10 0.009738147024457
10 0.009744814561108
10 0.011033065012263
10 0.013626317132857
10 0.015993530098945
10 0.011609663212130
10 0.010352358691857
10 0.009922634212810
10 0.007947544452574
10 0.017699264211639
10 0.010586565642043
10 0.007420923627454
10 0.013802026920267
10 0.009578021711282
10 0.020009183755694
10 0.013774996250158
10 0.009031231453132
10 0.008186066164340
10 0.010142831092630
10 0.006624000619924
10 0.017160714607204
10 0.008791755435573
10 0.011299727532432
10 0.013629151053568
10 0.013425447491365
10 0.011131605202946
10 0.008286949854210
10 0.009897148563160
10 0.010642751456772
10 0.009614469453037
10 0.010543804797862
10 0.023480440464839
10 0.007248333871302
10 0.016431837858118
10 0.007204214124051
10 0.006342044628223
10 0.005696920034273
10 0.009756818004208
10 0.013465889971714
10 0.005503475646267
10 0.006772924706808
10 0.013161831198028
10 0.008804190039904
10 0.013767655569103
10 0.010119070113002
10 0.013790755353191
10 0.012621742927455
10 0.009414938403784
10 0.007348025885926
10 0.014779673003884
10 0.012354959459403
10 0.012918752341152
10 0.014000311942516
10 0.006280598962625
10 0.007586433773947
10 0.018295551156819
10 0.011196336548143
10 0.010795142726805
10 0.005654228548622
10 0.017574904609580
10 0.014482306792087
10 0.007051883218878
10 0.007331724945314
10 0.013590065585946
10 0.015685754442015
10 0.009826923828906
10 0.012054028738275
10 0.016053611264283
10 0.017050237907387
10 0.007563955757755
10 0.026640075155560
10 0.018924373649341
10 0.006254956429773
10 0.013780799882101
10 0.008081022203109
10 0.008603409931552
10 0.011538041823531
10 0.014657542196183
10 0.011437312916765
10 0.005559793272299
10 0.010032890601826
10 0.008698165403793
10 0.009760621487813
10 0.013779271412274
10 0.012800951057542
10 0.016997348974278
10 0.010561163751739
10 0.008641660672617
10 0.016671718214069
10 0.007548724071090
10 0.010097250968392
10 0.010519960652065
10 0.018248868372499
10 0.009065225254642
10 0.018872234422896
10 0.008871586826274
10 0.010236370071480
10 0.009908830021893
10 0.009268991412596
10 0.018296239837275
10 0.011012872874802
10 0.006406699361401
10 0.010127684212074
10 0.014468096044419
10 0.012308885982142
10 0.013069336835858
10 0.008540165048832
10 0.013466410109427
10 0.004015021397480
10 0.008464491776042
10 0.009174767083014
10 0.007495953714675
10 0.019445395598520
10 0.006468705724157
10 0.007502404230560
10 0.007530200989900
10 0.008558167796815
10 0.007912714674032
10 0.008003750592613
10 0.014192801873854
10 0.011310373727271
10 0.007784332416815
10 0.014390586327872
10 0.006533536835353
10 0.013341619938095
10 0.005684107974636
10 0.009996408974731
10 0.009239427219080
10 0.009483518446257
10 0.006922248273253
10 0.012884458427564
10 0.014685246648645
10 0.011742988794898
10 0.014285785964832
10 0.007827132123749
10 0.015407879851623
10 0.010447161929207
10 0.011243532730924
10 0.013643030739254
10 0.012019412365243
10 0.012459980691999
10 0.008542911636234
10 0.009611273267210
10 0.022927296211588
10 0.013234805605319
10 0.011264394414142
10 0.010125896920609
10 0.012063029186281
10 0.008138390356144
10 0.008346973906630
10 0.023748460397786
10 0.012432300952439
10 0.018440270293529
10 0.008418678065651
10 0.009987307327607
10 0.009903523757971
10 0.015035628820951
10 0.020216671920258
10 0.013773834916739
10 0.009635016437133
10 0.014903451982973
10 0.012573792130009
10 0.011749348325611
10 0.009437547273778
10 0.006720792082865
10 0.011577895178090
10 0.008929202209891
10 0.012455952164742
10 0.020818952723099
10 0.006769230923518
10 0.017214906313968
10 0.013921837435811
10 0.015184758041624
10 0.012188332473637
10 0.014852275192347
10 0.010148018729746
10 0.012273603510423
10 0.015595014285309
10 0.008241308170978
10 0.014737702588972
10 0.011227550152729
10 0.019549938777824
10 0.009264346757475
10 0.008341528586599
10 0.008677481906822
10 0.011600648323428
10 0.015064391581378
10 0.009234809226904
10 0.011655818112682
10 0.011705524479289
10 0.007439220648156
16 0.088244837005031
16 0.042632416997269
16 0.090952743357953
16 0.070574221153724
16 0.144060527481807
16 0.055815992971597
16 0.134634729594808
16 0.169375718131939
16 0.070545308843455
16 0.071186357845955
16 0.101517014331748
16 0.075938022152406
16 0.062324425571101
16 0.040867073027127
16 0.082597760923284
16 0.097038784636856
16 0.034738044505789
16 0.051475566362687
16 0.059055448493041
16 0.075074051020066
16 0.088984291306306
16 0.075360309602956
16 0.066821901838163
16 0.058411915497573
16 0.059982521856744
16 0.051346279003015
16 0.071930665333620
16 0.065012979073523
16 0.112121826205549
16 0.047304196621971
16 0.139738505373985
16 0.054534159103339
16 0.050447267208576
16 0.079736038128593
16 0.074690821541553
16 0.145381434308279
16 0.059520875826550
16 0.061267636842865
16 0.080042348518075
16 0.029993264716516
16 0.067542568751234
16 0.092649965941744
16 0.079717975537435
16 0.073278410826117
16 0.080040624200498
16 0.083433181118692
16 0.070362997951331
16 0.037745447754427
16 0.083390337916520
16 0.077190111481168
16 0.050403976819941
16 0.050576155390110
16 0.045745922423281
16 0.059152739081079
16 0.116400741022565
16 0.103881916739530
16 0.081899647165160
16 0.096805801925047
16 0.118453549266037
16 0.044438742578762
16 0.078686445573107
16 0.079560879112406
16 0.060591710289022
16 0.085886346714945
16 0.135325936607484
16 0.074815347004979
16 0.156469745051753
16 0.028597827781671
16 0.044801848397476
16 0.059073010329241
16 0.049134149704225
16 0.061178196085990
16 0.061907670437702
16 0.046415747021380
16 0.050320474177887
16 0.044956941461821
16 0.059145376526776
16 0.061769035142677
16 0.052004733652346
16 0.080272840737898
16 0.066496343660206
16 0.084675726921101
16 0.068803462180157
16 0.080271032866628
16 0.079499572035118
16 0.110078756574043
16 0.083022628589596
16 0.090410766000231
16 0.057323961160363
16 0.046648250205141
16 0.056272737488652
16 0.085677089876276
16 0.055553222257774
16 0.122239827550380
16 0.141853813148701
16 0.063168507421881
16 0.039912862273388
16 0.062684535596824
16 0.059811556525915
16 0.057817128349595
16 0.074086100124112
16 0.076956266317431
16 0.061739508280646
16 0.068031142538068
16 0.042029662205959
16 0.114841291848343
16 0.065486890940099
16 0.097616216838983
16 0.068907270749115
16 0.167670473960769
16 0.058976359823088
16 0.085344482848955
16 0.086404653910798
16 0.063965388959610
16 0.100377769262288
16 0.046801030160393
16 0.052482018835423
16 0.046250331251324
16 0.047421942367701
16 0.113855002003265
16 0.068487164999265
16 0.055937019945975
16 0.068997115387892
16 0.089118080721098
16 0.032652766173670
16 0.085013676349421
16 0.061609634913156
16 0.044580646283759
16 0.058099110473543
16 0.072985088798514
16 0.051649409748151
16 0.051575981031595
16 0.043496810289306
16 0.066208887303491
16 0.061536674897503
16 0.042036498240119
16 0.106727653345312
16 0.055060693625468
16 0.061912771291963
16 0.116719972984473
16 0.103386921405044
16 0.048998745565132
16 0.106741638448685
16 0.076361062378284
16 0.127057937143828
16 0.079851758258918
16 0.054710616704835
16 0.080124409912717
16 0.065584649865703
16 0.073368959626686
16 0.048640315458919
16 0.102001705687005
16 0.062407124991616
16 0.089280609252260
16 0.076662014275558
16 0.080118587293003
16 0.078252054139179
16 0.063005502669876
16 0.103537173737497
16 0.043918441899269
16 0.050569936528053
16 0.061681896118767
16 0.064026938767553
16 0.058439538205327
16 0.077364999479566
16 0.091092029713578
16 0.072829145227637
16 0.057795180788420
16 0.123479848252032
16 0.085397516008956
16 0.105306390520924
16 0.073963292392859
16 0.062617157814901
16 0.044367680908535
16 0.076789964588097
16 0.049685544735035
16 0.086574118038066
16 0.076623632367401
16 0.106699860427522
16 0.067083121911116
16 0.077039930802694
16 0.079083515364129
16 0.123986963120553
16 0.076074300266320
16 0.048629070798513
16 0.102208793538931
16 0.135659162766082
16 0.107017240893771
16 0.060611737467545
16 0.103626338915985
16 0.070244219905251
16 0.123377371427549
16 0.065427153554673
16 0.034504124108054
16 0.065677973135195
16 0.067712346661484
16 0.052865584639749
16 0.063568803886348
16 0.062549010042249
16 0.071101132193757
16 0.139962658991680
16 0.041763813882441
16 0.071368635219515
16 0.084492978934406
16 0.111346994273448
16 0.052714528148824
16 0.094045818026244
16 0.076409226384240
16 0.066777769692045
16 0.091960333081337
16 0.123765110568595
16 0.089619792901314
16 0.108178859756700
16 0.106452176689027
16 0.051110853866414
16 0.059256751876217
16 0.091148526414444
16 0.076073644048855
16 0.049363619627901
16 0.103977648711872
16 0.061765786855255
16 0.057051609383674
16 0.104128966232346
16 0.052715973285298
16 0.081027031178510
16 0.071573009841143
16 0.090472905241416
16 0.057493603336103
16 0.103458351069817
16 0.044582121730196
16 0.046000866325760
16 0.102919529947700
16 0.054139991546742
16 0.104652038527222
16 0.059133200159484
16 0.056879024041153
16 0.073606872673374
16 0.071535102967552
16 0.085629404499801
16 0.074276483454693
16 0.041868299461343
16 0.165322578443236
16 0.067157834489426
16 0.094348377242220
16 0.127494303938526
16 0.081219810047232
16 0.070865366269221
16 0.036433039686852
16 0.060955828527482
16 0.096164167763751
16 0.046972597405611
16 0.070340794121664
16 0.064862639726021
16 0.122133404482690
16 0.042483507998294
16 0.062212503470863
16 0.064300576169305
16 0.048124576017707
16 0.070360920283428
16 0.073581940186314
16 0.082228526799762
16 0.055828976468699
16 0.037715867799144
16 0.082598446452207
16 0.052095297289521
16 0.084555594254479
16 0.108512963187434
16 0.076812855380982
16 0.063258715009723
16 0.100594794680928
16 0.057988533616943
16 0.072735145951696
16 0.055388684078914
16 0.082963760213671
16 0.044005372002289
16 0.072014587097628
16 0.090229408305037
16 0.075282130988630
16 0.066922224188288
16 0.072392195923729
16 0.053751834337016
16 0.045425098834901
16 0.118974927789715
16 0.077222311050940
16 0.059083622389088
16 0.140487385323303
16 0.085041786644870
16 0.165646704786424
16 0.087820665003572
16 0.076288326338093
16 0.056255145918535
16 0.079445019778195
16 0.062910462495548
16 0.065744556659495
16 0.070340168588837
16 0.072640657261813
16 0.077801537037858
16 0.078932330401365
16 0.049935323038318
16 0.071024973333057
16 0.065765267107601
16 0.080766938787867
16 0.107430882529509
16 0.055177025168004
16 0.053558749587423
16 0.078852182998040
16 0.137579855313917
16 0.096486395466886
16 0.102390337664088
16 0.061546588536891
16 0.092565615456111
16 0.062794662589147
16 0.083215421828057
16 0.103838950288070
16 0.139465020811473
16 0.061209879909335
16 0.081328650614993
16 0.061673282151180
16 0.109689086830204
16 0.050470950583406
16 0.090905633081482
16 0.070772488595200
16 0.047924973383765
16 0.056999950124629
16 0.067911196917595
16 0.104993466062065
16 0.085135365218453
16 0.070786132712382
16 0.071342079257968
16 0.049626506673979
16 0.068520055391916
16 0.037766188694843
16 0.066043403258830
16 0.043847109304292
16 0.093198275314774
16 0.065569486135816
16 0.059855861142613
16 0.140297365792219
16 0.109536598639799
16 0.101423630344984
16 0.051012115149847
16 0.055250453951170
16 0.080882172729174
16 0.074288929413277
16 0.108860493135472
16 0.081061172003522
16 0.123107104255228
16 0.043287150354421
16 0.062864695709526
16 0.084332270980427
16 0.064934122651237
16 0.095816017915278
16 0.075948195872305
16 0.035364335995023
16 0.060822063809208
16 0.058270702619550
16 0.067446850159136
16 0.067305886964469
16 0.085100606237878
16 0.110291029497084
16 0.072789662665964
16 0.080513672927474
16 0.054476482998972
16 0.053278134663323
16 0.056752007962035
16 0.130900417778074
16 0.128179916079757
16 0.061245790149174
16 0.073026642333027
16 0.135448840343202
16 0.098819031238992
16 0.115151193022602
16 0.179677881391330
16 0.059568721969770
16 0.078027967053515
16 0.068428176970970
16 0.065184490606130
16 0.101175745349059
16 0.079614960601015
16 0.059336695511690
16 0.083919460870174
16 0.108422150824241
16 0.042225147157847
16 0.066330463260923
16 0.099334986791451
16 0.072533373349425
16 0.066175991316346
16 0.078785147081773
16 0.076153551301093
16 0.065281289769426
16 0.095826341879873
16 0.061035740539536
16 0.047410875874126
16 0.074182543381252
16 0.118420438781194
16 0.100361130006538
16 0.082399333832338
16 0.068079595644173
16 0.059935850981296
16 0.060835905371753
16 0.108269577916928
16 0.065939238152948
16 0.087649247835372
16 0.147302134500425
16 0.070504630081260
16 0.064235081418469
16 0.049970525296928
16 0.091660848663480
16 0.074729164559584
16 0.124539206140904
16 0.118286262260102
16 0.064280323019398
16 0.074910555621360
16 0.080596516184612
16 0.065934996789406
16 0.087110866710123
16 0.056757160535986
16 0.088873109601631
16 0.033520904346895
16 0.077644466232738
16 0.040980347497558
16 0.033983710827703
16 0.048440753415408
16 0.047817922702122
16 0.052111176954486
16 0.070101020731646
16 0.057443785985033
16 0.118122764849583
16 0.050585852234509
16 0.076354350565324
16 0.063383565091003
16 0.054462454416860
16 0.093745988127480
16 0.050449749136111
16 0.045624150603086
16 0.061693467417938
16 0.075797647813075
16 0.080588252164084
16 0.041667986092527
16 0.059427267840415
16 0.062949930029666
16 0.067508480568604
16 0.073580100890918
16 0.089578350855665
16 0.044660414715407
16 0.084809485623727
16 0.067893682848204
16 0.074465790809578
16 0.090538952625381
16 0.098401842124680
16 0.073447675413816
16 0.047198640032870
16 0.060936656069903
16 0.046517583944340
16 0.084658333828165
16 0.086472316216490
16 0.090356993893698
16 0.133529642023554
16 0.082537357785148
16 0.100938969294777
16 0.073764003928890
16 0.100132169402981
16 0.087464877811503
16 0.086440484183646
16 0.073409870598726
16 0.077641787109589
16 0.079016310029020
16 0.148063853647306
16 0.049150410881899
16 0.089357259068717
16 0.130353983398624
16 0.104196855769498
16 0.079222160526312
16 0.043978075422519
16 0.101523014639779
16 0.047117034886116
16 0.050637079389542
16 0.105877632674739
16 0.063240185684384
16 0.039510602411189
16 0.076025978415196
16 0.075341634788855
16 0.087347032446033
16 0.086493181263951
16 0.052029178822268
16 0.073660470608189
16 0.085606121875869
16 0.047918897535150
16 0.038003543809940
16 0.150268400778449
16 0.072282294697114
16 0.035857488522185
16 0.063836064265981
16 0.125767436508456
16 0.050100952965401
16 0.076845025768508
16 0.072105288364455
16 0.093117824219318
16 0.072281353465636
16 0.112337966228298
22 0.236552574978748
22 0.288470687237725
22 0.199419033285475
22 0.389641354208845
22 0.152300533508991
22 0.256487645313979
22 0.351105911860718
22 0.236238171822744
22 0.347969071814800
22 0.337507217213439
22 0.330854964633564
22 0.269219436398996
22 0.213129713758883
22 0.152454071881724
22 0.298248984143151
22 0.273073631801664
22 0.383810977239190
22 0.497713402338932
22 0.334017454392370
22 0.286704589994014
22 0.388551116320666
22 0.367320085380117
22 0.357431366743231
22 0.172673550342894
22 0.210781836187226
22 0.172455889210596
22 0.423591103244498
22 0.215131885088363
22 0.164832939521510
22 0.229869873948715
22 0.353118980654338
22 0.522224506690013
22 0.189744171708885
22 0.164218005738328
22 0.213768543466691
22 0.228921524038031
22 0.223747309080008
22 0.288609809375242
22 0.187415135762329
22 0.276873791111719
22 0.157546063141749
22 0.390505204697416
22 0.333694149957545
22 0.387365883601301
22 0.374809091612895
22 0.266436898254556
22 0.284629950602573
22 0.314988793739178
22 0.171381414635156
22 0.287834242924631
22 0.327008916446268
22 0.315369409682047
22 0.222650592931419
22 0.260690259779322
22 0.263528168589147
22 0.291382231159448
22 0.296127188469982
22 0.244863733641384
22 0.133256896644824
22 0.204285648363755
22 0.321661554940089
22 0.329258227643993
22 0.123304032513634
22 0.440384830684664
22 0.298791407839702
22 0.151601833926842
22 0.221405921275414
22 0.498027348313817
22 0.258565246741934
22 0.197434328594315
22 0.154803170342583
22 0.192867070662814
22 0.284274682309689
22 0.156254258863209
22 0.642775808412313
22 0.322398981286860
22 0.302651124975438
22 0.300866947961024
22 0.183087338262624
22 0.150312057155756
22 0.262051974473960
22 0.146983725684879
22 0.411413576949885
22 0.275510304050875
22 0.274502067892394
22 0.411726989464187
22 0.201308436640999
22 0.438873684352499
22 0.212802783367724
22 0.325963070952485
22 0.243846655300497
22 0.331824968403340
22 0.234517575540440
22 0.247805492799315
22 0.169870729804190
22 0.294260561049229
22 0.218541119118443
22 0.416305585690227
22 0.191181659917283
22 0.640133167540479
22 0.386474640520475
22 0.205868820462756
22 0.295445791996140
22 0.151204832271342
22 0.171477081333587
22 0.180339097050446
22 0.263067435275027
22 0.201830222723550
22 0.258501295750818
22 0.275774608117924
22 0.238601367561622
22 0.254037500150045
22 0.186475796636383
22 0.446883061591814
22 0.179464375955650
22 0.362001759382085
22 0.281291148137100
22 0.182493235322752
22 0.371806741987290
22 0.239054665862623
22 0.125875200292737
22 0.330511415147035
22 0.180153763887465
22 0.344196744666278
22 0.363769991089474
22 0.243664598569064
22 0.374039568021515
22 0.569234089957563
22 0.209047668739406
22 0.239391968584538
22 0.324234905152083
22 0.273455647840686
22 0.229815646879860
22 0.198082679641124
22 0.187966991535626
22 0.313471539103077
22 0.451279445348736
22 0.207157954763208
22 0.181379974917660
22 0.364952245414809
22 0.284578524542313
22 0.268402523468826
22 0.237611060367856
22 0.225094818400968
22 0.174130410341922
22 0.391133136364390
22 0.368899620604286
22 0.219896856388951
22 0.281106385849859
22 0.156836755302010
22 0.224065636680698
22 0.156314997238931
22 0.158442124804183
22 0.182597519336123
22 0.233518863062555
22 0.330379812010261
22 0.185747839782242
22 0.142879816920045
22 0.582293168836569
22 0.300510814195826
22 0.377636519936869
22 0.368902562112950
22 0.222839764543549
22 0.285637176668180
22 0.176737883140435
22 0.313927267913641
22 0.195007943541462
22 0.231910678564951
22 0.225030107617321
22 0.304789128786024
22 0.168776184487833
22 0.132469542853277
22 0.295796583048749
22 0.233126866139257
22 0.332342112119667
22 0.324486813664609
22 0.285736224622384
22 0.334521343008684
22 0.408628183546895
22 0.356088405773572
22 0.177464726548271
22 0.355772168438349
22 0.364243563719847
22 0.203801235313627
22 0.161139892875815
22 0.214816479650240
22 0.317109365140047
22 0.572456127758070
22 0.368910307376115
22 0.322308658830178
22 0.247870441563231
22 0.379120435516691
22 0.221148048208302
22 0.237035673573815
22 0.270244281459641
22 0.217554943975728
22 0.176731971781095
22 0.192861101802236
22 0.404990324787763
22 0.246793839806124
22 0.432194205764139
22 0.150663163280744
22 0.268229361301729
22 0.161903145791109
22 0.497753147920097
22 0.306432802540254
22 0.451065176103327
22 0.379091975764488
22 0.290451636347225
22 0.472557926797764
22 0.200225810032090
22 0.435373853624418
22 0.221458542388004
22 0.520216755005259
22 0.170189582027565
22 0.203905556174628
22 0.241088643000511
22 0.204532994813512
22 0.250063874813878
22 0.367615449086775
22 0.289497916211395
22 0.265352794092867
22 0.158075222638309
22 0.212549655941690
22 0.256618243753009
22 0.227843346952930
22 0.297791819098554
22 0.364461712425792
22 0.296591354222766
22 0.376788161939413
22 0.310976821098025
22 0.144536023573284
22 0.315432824872686
22 0.381475851648237
22 0.213642477548469
22 0.322988619363707
22 0.212098793544119
22 0.221740350198333
22 0.319210870024475
22 0.276834835163372
22 0.346613235650428
22 0.299168176627292
22 0.281776597448939
22 0.355855926596768
22 0.340531519693847
22 0.207696690061694
22 0.198840771105691
22 0.214910314877126
22 0.397975482484792
22 0.149036435761840
22 0.168580709822626
22 0.195162917953697
22 0.225442134392448
22 0.280949639648081
22 0.488787262875968
22 0.233879819624995
22 0.196150365161248
22 0.346925105504774
22 0.241891357117049
22 0.262185394103354
22 0.295451078049834
22 0.219505963547200
22 0.252976951838415
22 0.334450727562801
22 0.261063304546712
22 0.259370267912812
22 0.291839750847735
22 0.145727199098711
22 0.229265530033116
22 0.261697216715063
22 0.293582458528455
22 0.154554096009688
22 0.274951883746066
22 0.237095842455502
22 0.264165241207181
22 0.287154131448783
22 0.241129476925459
22 0.217051868179066
22 0.290680183018568
22 0.427878111501142
22 0.467599847877665
22 0.234352022222086
22 0.234664114820099
22 0.281267005427825
22 0.343409417166310
22 0.328920382537618
22 0.190584633846020
22 0.311721621892267
22 0.272751921417585
22 0.327947361536705
22 0.262841062967837
22 0.260120936577212
22 0.246450670137270
22 0.154281794494391
22 0.465888078018737
22 0.169993131812264
22 0.449713367861571
22 0.434787962641105
22 0.217556216194528
22 0.254632147025863
22 0.336431767684732
22 0.428774121155041
22 0.227701373585908
22 0.231943351958829
22 0.267644684271658
22 0.177857654027601
22 0.320881610253982
22 0.235414984919945
22 0.200543673628018
22 0.301721538840041
22 0.264415767345115
22 0.327005561904445
22 0.161520957409002
22 0.263637524223101
22 0.432324177689274
22 0.429259686242649
22 0.260031339965273
22 0.343192518309149
22 0.149862457488983
22 0.241660979610614
22 0.227474652513394
22 0.408333412354134
22 0.181111857393583
22 0.259960448446023
22 0.209150732881655
22 0.176748246800419
22 0.285559200484502
22 0.299809429164448
22 0.195364966440430
22 0.423881670697973
22 0.500983681606775
22 0.221452356552683
22 0.152471698369227
22 0.352158047009072
22 0.374926235429346
22 0.219508423890410
22 0.283614521306095
22 0.438874913882944
22 0.335357221012302
22 0.180971314057682
22 0.225192505770132
22 0.198286556279826
22 0.186080859103113
22 0.204798257207005
22 0.759414104860042
22 0.354714642320100
22 0.110492496383294
22 0.622842402149679
22 0.219580107664116
22 0.297545366850162
22 0.394202099961227
22 0.383276390877540
22 0.230370944037461
22 0.212494475041409
22 0.434266472905809
22 0.375650374021468
22 0.199228188709647
22 0.300997620746210
22 0.209869541483684
22 0.406561029977247
22 0.265701198713298
22 0.236956381938053
22 0.303977166318509
22 0.302751496833937
22 0.222800319468344
22 0.259016483411443
22 0.199717506222030
22 0.493483305044587
22 0.378930498056247
22 0.252620764361641
22 0.293578530388089
22 0.220435127618373
22 0.298105754814482
22 0.283670007193694
22 0.188549466341132
22 0.219529925390640
22 0.458574175338112
22 0.289940845753796
22 0.315688831609380
22 0.256760321467404
22 0.293739303022885
22 0.392323957931943
22 0.425898417030146
22 0.328415714090552
22 0.528359889008507
22 0.209187259082998
22 0.295726091043308
22 0.216734543346954
22 0.148381601873991
22 0.287030007116689
22 0.442509798301297
22 0.432666360419556
22 0.179018519046204
22 0.150843932277559
22 0.324978598474365
22 0.559477705542790
22 0.305120418450722
22 0.247766301924761
22 0.379272993552028
22 0.184640514012822
22 0.226243286113954
22 0.278970347398259
22 0.441867575699390
22 0.234478545798170
22 0.203259303579246
22 0.315093796778853
22 0.210151547427613
22 0.203337779977451
22 0.287645687832398
22 0.397956429700915
22 0.297973213831087
22 0.383420604428803
22 0.270125989160440
22 0.445084964478974
22 0.326102447330360
22 0.503570929614878
22 0.188147174689266
22 0.323144938057355
22 0.407934329679356
22 0.181779066963318
22 0.431683699029069
22 0.198975867875214
22 0.291359671673222
22 0.579237834197741
22 0.199949491309093
22 0.346598397313074
22 0.380186234643334
22 0.284959510519738
22 0.292409828698176
22 0.408515285696188
22 0.238036540537402
22 0.149515047407136
22 0.259853254241366
22 0.243333250121677
22 0.270396069234633
22 0.295322948516810
22 0.135299332663175
22 0.205602861938428
22 0.488254759667677
22 0.252622950912089
22 0.373894640247332
22 0.353973209862885
22 0.492854535105005
22 0.271929532173985
22 0.195465643370091
22 0.244820404475650
22 0.344185381034452
22 0.241819163059266
22 0.335937093600719
22 0.441908929298742
22 0.264822779917037
22 0.314695230841387
22 0.188420591816967
22 0.397367298412660
22 0.311993894943244
22 0.293128336717647
22 0.216285433920101
22 0.257158336499650
22 0.272658427900895
22 0.306609584179611
22 0.279898200678631
22 0.353959825096004
22 0.380140926175524
22 0.199978639689213
22 0.390452935410992
22 0.218014957317167
22 0.612434653817405
22 0.233415748467992
22 0.394228495910486
22 0.160999929090558
22 0.418408092765341
22 0.197198358534262
22 0.335077214335867
22 0.243267787197889
22 0.191339200608266
22 0.239501947115406
22 0.285860574409047
22 0.462035959287632
22 0.349510811943129
22 0.264502806424899
22 0.278012453574289
22 0.501806604994779
22 0.363144717100412
22 0.250062435970335
22 0.177645889553420
22 0.251614091561800
22 0.222502171349646
22 0.188924905361965
22 0.300009930149870
22 0.238854071871796
22 0.260202564596528
22 0.191431755272511
22 0.260625214777360
22 0.174747456037719
22 0.240107078330197
22 0.310585618345243
22 0.241059472065889
22 0.295866248282714
22 0.164911134102593
22 0.423965288704953
28 0.764577718306639
28 0.401642919983639
28 0.499416867267942
28 1.746984187973457
28 1.397947125764920
28 1.078708497551059
28 0.509386696930004
28 0.514917246851571
28 1.028082120667635
28 0.871589332720007
28 0.509592947856135
28 0.636119483343535
28 1.233563779252870
28 0.494192329925574
28 1.047361310143598
28 0.758977255365195
28 0.504537698753650
28 0.629667350972018
28 0.832343068967305
28 0.770734771929565
28 0.614652133713585
28 0.502953907326620
28 0.776292861505303
28 0.832884847771859
28 0.793031232406508
28 1.035770204794653
28 0.583723667471555
28 0.857654940680690
28 1.184583904921970
28 0.425613942745889
28 0.507548701392140
28 0.813084915168604
28 1.088005510313432
28 0.403183484108827
28 0.507988073147188
28 0.508107668592161
28 0.553145830435230
28 0.889011896072829
28 0.560861673747677
28 1.403257670008211
28 1.062372027145173
28 1.649490478435851
28 0.403912424040442
28 0.618793566525250
28 0.598516809022425
28 0.946368392423511
28 0.792363584209490
28 0.798264385473037
28 0.438362126444130
28 0.522069184805541
28 1.008205657827412
28 0.395285365435903
28 0.742096116441770
28 0.437725439848292
28 0.324614207933374
28 0.507359841664811
28 0.631214425769241
28 0.917696519737767
28 0.764056525563233
28 1.130936001285320
28 0.748536095449544
28 1.037774621164655
28 0.656480312240495
28 0.500674229532657
28 1.157924877337804
28 0.818746093074321
28 0.584061463830553
28 0.940199583028362
28 0.680056211820028
28 0.692978573637687
28 0.907823665354151
28 0.659501713324184
28 0.614411018577772
28 0.737576014402481
28 0.634299327588667
28 0.630546976129248
28 0.697964402503087
28 0.847699446286097
28 0.494784299608857
28 0.508629973722997
28 0.512287441540410
28 0.764372599151605
28 0.267272207647337
28 0.664413011279422
28 0.383654969868185
28 0.929672013806949
28 0.963864669536599
28 1.045740574954067
28 1.290185881799232
28 1.114366203591641
28 0.816870927834209
28 0.741374615455247
28 0.709296544842905
28 0.563484409854209
28 0.735897930156709
28 0.569538265948655
28 0.384179491695602
28 0.909629767029482
28 0.865456499521717
28 0.466632644411412
28 0.917713720174501
28 0.332834327150761
28 0.521491500788971
28 0.709522866767102
28 0.668378770624359
28 0.630673829836381
28 0.468467369980592
28 0.866718395927178
28 0.848032285205771
28 0.524814567377550
28 0.981620229197291
28 0.461831843429676
28 0.487080978544603
28 0.680889786477859
28 0.681223107872672
28 0.492843702789163
28 0.861785185094883
28 0.550184527233092
28 0.518978653846107
28 1.608256492099419
28 0.854533223739155
28 0.544342917424137
28 0.633717832897992
28 0.371389867894401
28 0.686271323667218
28 1.213987075714188
28 0.546871428011626
28 0.640337525097571
28 0.957732768630867
28 0.473557290384776
28 0.636914584036044
28 0.789479265301617
28 1.145077630205653
28 0.611373068775231
28 0.957373512332005
28 0.913070181715220
28 0.528676867703123
28 0.522398445552836
28 0.571917976630056
28 0.604139092079413
28 0.620192980122905
28 0.656004468667480
28 0.710419404928879
28 0.586267726811753
28 0.634416378332141
28 0.696338314902565
28 0.569592784967391
28 0.806759036122502
28 0.567703915519920
28 0.780533560736794
28 0.407439074382548
28 0.524649054361485
28 0.371168407763289
28 0.732723974947766
28 0.482207539771328
28 1.104365576082738
28 1.006304975172286
28 0.596714657094500
28 0.678719639475067
28 0.463204065866381
28 0.915690327115828
28 0.595465089853957
28 0.441252983222675
28 0.783844273179369
28 1.138143637250441
28 0.606981556985166
28 0.486418430451169
28 0.686758261074933
28 0.837837533681259
28 0.428024658683253
28 0.839362438802298
28 0.463621956459645
28 0.604944424405156
28 0.937369204105717
28 0.641561381386374
28 0.977694788823349
28 0.515671513777736
28 0.516172743430936
28 1.158635472633835
28 1.031493200934229
28 0.566574181592761
28 0.528259484018914
28 0.558073077650932
28 0.834926567441628
28 0.791583393550208
28 0.899712270785494
28 0.833225571740047
28 0.338231970824813
28 0.808273836255987
28 0.857962026106943
28 0.410090385213228
28 0.744220061469480
28 0.920591224996724
28 0.928449559924646
28 1.125101180452993
28 0.552515279720562
28 0.882264636734257
28 1.149851562170112
28 0.686306810551474
28 0.607325267356328
28 0.616515013553097
28 0.545736629440372
28 1.295733785051745
28 0.866749406303655
28 0.741182974866701
28 0.623236174530658
28 0.487580684543699
28 1.304105974114028
28 1.024422254439636
28 0.519237690493537
28 0.505858518567353
28 0.751165536549355
28 0.585463082557689
28 0.937517726414410
28 0.560884762497953
28 0.682271362516964
28 1.490307284732830
28 0.895632034468229
28 0.718829058478669
28 0.662682204113874
28 0.972277138077423
28 0.937328808062388
28 0.480503878542147
28 0.762302743538045
28 0.690087906407093
28 0.752552828358758
28 0.807478913238583
28 1.068188638125654
28 1.138945305568811
28 0.747190519768954
28 0.957278555319834
28 0.606332353285671
28 0.638245185148952
28 1.130659782958499
28 0.560197547128527
28 0.479852845897918
28 0.638555393982112
28 1.016607487405770
28 0.703090170816314
28 1.141188404434857
28 1.052915137478123
28 0.417504855262883
28 1.085728751388065
28 0.397410245888430
28 1.507530823073838
28 0.420065543957403
28 0.688832592220124
28 1.155959948640035
28 1.059501905531941
28 0.400547639113693
28 0.703388998893032
28 0.647960017099191
28 0.563639515744086
28 0.509102648582684
28 0.856111503073686
28 0.661542533730827
28 0.579762146088159
28 0.766174920035252
28 0.492478347283359
28 1.224377225228321
28 1.060808814516420
28 0.803100790599518
28 0.618736826124191
28 0.957048042467304
28 0.973400503612983
28 0.656955307955487
28 0.968870956967807
28 0.779562197235927
28 0.771594921934049
28 0.676292119939077
28 0.597750667555318
28 0.856479340316622
28 0.552528691061958
28 1.092230863306291
28 0.594246862077502
28 0.506187341993296
28 0.474865757376781
28 0.496632580755850
28 1.041027352702597
28 0.670540831831498
28 0.716498523334861
28 0.533652274740874
28 0.674381233784038
28 0.699335352526951
28 0.630318634189352
28 1.199861895856892
28 1.026098802540932
28 0.821014150596867
28 1.070904388657056
28 0.868445682224615
28 0.685183156823522
28 0.686580440569156
28 0.438117677036296
28 0.342275072122075
28 0.751861950220695
28 1.116137186273168
28 0.717879228099085
28 0.965242634791203
28 0.875648544546157
28 0.413395985936244
28 0.940420236550768
28 0.642701729254263
28 0.401419973381534
28 0.543467155347725
28 0.522621578558149
28 0.620964398706487
28 1.118595470583935
28 0.465581489759088
28 0.677698646100979
28 0.551720286890152
28 0.818424086355845
28 0.555730315873233
28 1.416255606663673
28 0.845983558156112
28 1.358567239872468
28 0.699020251046663
28 0.424486951038930
28 0.456403074369375
28 0.571061509685104
28 0.692498023708392
28 0.493427303308564
28 0.684412888296935
28 0.791427902893116
28 0.867796866556647
28 0.555055325732364
28 1.114238377301503
28 1.201822654672145
28 0.805987648245194
28 0.817923039673217
28 0.806733895605439
28 0.620787811356846
28 0.661533016311647
28 0.515259268493443
28 0.705533244554421
28 0.474852306777604
28 1.000889946699320
28 0.931760568918164
28 0.347971872293740
28 1.038168246042422
28 0.556079796949945
28 0.688490421799243
28 0.920832528128463
28 0.719791852265806
28 0.631725166643590
28 1.126394731057126
28 0.884746428990163
28 0.771015522044890
28 0.547140493701662
28 0.573395990312662
28 0.912070900001175
28 0.694758216775342
28 0.513370519973310
28 0.991268829123261
28 1.002684171574819
28 0.705409530304867
28 0.429287257783634
28 0.832458655644577
28 0.475927234245057
28 0.333241265174827
28 0.701885849931560
28 0.504188155392773
28 0.513013399998219
28 0.541111894991865
28 0.453454491121995
28 1.187808618495669
28 0.350896039641307
28 0.628695650620639
28 1.230121113672571
28 0.814346384416634
28 1.079889533790510
28 0.830616736433505
28 0.619842837205995
28 0.637781555063354
28 0.398543466127056
28 0.702306438545539
28 1.040591046818599
28 0.328945000995069
28 0.353303453429541
28 0.728648183193388
28 0.482964639432329
28 0.763966490478526
28 0.548667626637483
28 0.585755537322806
28 0.559277923263207
28 0.644321792375388
28 0.807783888819576
28 0.725759046781691
28 0.785128664335376
28 0.406033810884212
28 1.029534394111510
28 0.426263123685261
28 0.606652312367708
28 0.562960367392890
28 0.468837920685693
28 0.726439259851635
28 0.806055335669909
28 0.689563380062144
28 0.723211576968577
28 0.708300456110177
28 0.987503691702046
28 0.766252915765429
28 0.462994119335361
28 1.744622224391891
28 0.572369096486177
28 1.015500398523077
28 0.745575208415374
28 0.869007378644912
28 0.613814199156467
28 0.765734251669887
28 0.440056097972253
28 0.642380955899035
28 0.682758241685331
28 1.624473337725225
28 0.916728906312592
28 0.722259622331188
28 0.436681172419177
28 0.463768004514970
28 0.606437720030581
28 0.471121662207388
28 0.671184886230305
28 0.411826999760089
28 0.713508177017504
28 0.345832143481450
28 0.603650471103722
28 0.828711248418043
28 1.113853370041022
28 0.352748689295414
28 0.511795219148563
28 0.952576940063378
28 1.106343678213228
28 1.401724370570059
28 0.859936127116654
28 1.064426718965336
28 0.766959190054740
28 0.700139591753919
28 0.670384312291780
28 0.561367107616963
28 0.624716255806082
28 0.454903476216552
28 0.404699670066851
28 1.018268664992274
28 0.987370469634462
28 0.821597909976120
28 1.218108921142703
28 1.038469810317075
28 0.542139673593685
28 1.314336928489619
28 0.667390029129024
28 0.285536169869914
28 0.578107192443397
28 0.957421325760651
28 0.510628553768510
28 1.091752875611097
28 0.430772385131265
28 0.478037325829130
28 1.196091839553134
28 0.325257513767903
28 0.700770162148506
28 0.372415168721071
28 1.045022768046510
28 0.634939331816867
28 0.505863840753789
28 0.723485207868255
28 0.726421899614689
28 0.921145657003797
28 0.519753438671448
28 1.069486854930269
28 0.520335309157797
28 1.290036819233371
28 0.746986830557373
28 0.527975286399403
28 0.593435766665704
28 0.598091571430271
28 0.594218021229676
28 0.873633334063999
28 1.048877156939526
28 0.436536319670627
28 1.008319808111988
28 0.614734965793985
28 0.476571171990102
28 0.642846014729652
28 1.031872283866335
28 0.548172562615741
28 0.475686888736280
28 0.702589073955505
28 1.593339134494377
28 0.598462705064558
28 1.133553559855896
28 1.319278296932012
28 0.613482293095763
28 1.054892668939869
28 0.569398474291108
28 0.434256693247322
28 0.606372588522713
28 0.737804081258306
28 0.928537579675689
28 1.176095123742974
28 0.888112978335143
28 1.188741220582261
28 1.103272479294802
34 1.647757410466271
34 1.394602639805741
34 1.798685128126630
34 1.144279768324041
34 1.968704621289116
34 2.100447357157043
34 1.386205414804832
34 1.255136908920290
34 1.905690666957313
34 0.877375338439344
34 1.759363954259775
34 1.422245817038690
34 1.464518352249195
34 1.221942744833953
34 1.188653959571955
34 1.020654142800376
34 0.842183168476837
34 1.893726223359943
34 1.534414210983584
34 1.249263009873944
34 2.298360094588279
34 0.858798372439807
34 2.495188932489734
34 2.562731772052743
34 1.907142140729261
34 0.808123263139835
34 1.085672227335791
34 1.460355941663519
34 1.223962859945785
34 1.799244800739697
34 2.076879513966285
34 1.234439382986101
34 1.843380629386767
34 1.170967908721543
34 0.857872419136383
34 1.124588181430575
34 1.468625913003399
34 1.308859928069919
34 0.865424074342769
34 0.964692313268684
34 2.009158807150049
34 1.930246286715525
34 0.918293314300000
34 1.774451255999199
34 0.822862545018100
34 1.456828311094644
34 2.059139938657511
34 1.923782335048832
34 1.317955882128316
34 1.081900492705306
34 1.852625091463128
34 1.439583604948094
34 0.740167395156014
34 0.938455499584109
34 1.645203226605844
34 2.153734002690925
34 2.134088042998223
34 1.010090131079364
34 1.355712071900055
34 1.802380928781428
34 1.135095683832965
34 1.761227516135278
34 0.872201965616710
34 2.301465487942747
34 1.804378079623511
34 0.804144503393228
34 1.098543047032293
34 1.208803778638770
34 1.658952317479571
34 1.108214150803355
34 1.071785223126030
34 1.832484413781204
34 1.820548964610584
34 1.040542035998078
34 1.155053901927218
34 1.169336915298764
34 1.430412541890759
34 0.889955644742319
34 2.617087084809600
34 0.864466943546983
34 1.600524726202480
34 1.068000465905580
34 1.477610043962811
34 1.114765041563071
34 2.045259649022170
34 2.660646465348583
34 2.437267213688065
34 1.663103217694942
34 1.630348705048729
34 0.886971082411305
34 2.206634468871030
34 1.241404356859062
34 1.850856135799931
34 1.937433272185999
34 2.482387263980789
34 1.352221768459464
34 1.455306561965656
34 0.938536145411699
34 0.657243226658826
34 1.569120274291111
34 1.254072572503516
34 0.930277223560434
34 0.984199874350157
34 1.776267420326801
34 0.827578758144756
34 1.724017167787618
34 2.200782504093107
34 0.766350330961628
34 1.000943671011367
34 2.757086078776626
34 1.610591774131937
34 0.922674801730757
34 1.324587984461370
34 2.492557046780953
34 2.463842602221341
34 0.751168537438410
34 2.263104821367624
34 1.254317807813630
34 1.077880207759628
34 1.213999823639199
34 2.281556952589304
34 2.020633699727953
34 1.496899344375981
34 1.243568229137859
34 1.441094622552369
34 1.349159489179626
34 3.786075464221513
34 1.839406471582316
34 1.060820866652203
34 1.709399609611964
34 1.821308501082863
34 1.230816224956194
34 1.557424284700485
34 1.692705532946911
34 1.663267184816309
34 1.738970901904424
34 1.631643122348914
34 1.374640784403825
34 1.239537839486604
34 1.887996417310446
34 1.816337449635646
34 1.203382572200008
34 1.178323585717889
34 0.903134203498754
34 2.995380357801309
34 1.606046159360565
34 1.781551614766243
34 1.732357491307407
34 0.945192370924101
34 2.117340549892694
34 1.468455802596264
34 1.472519461944064
34 1.468411193705502
34 0.988519932693243
34 1.735128963056134
34 2.906369124653203
34 1.972269005257336
34 1.990579456248499
34 1.681387740212287
34 2.097254003740255
34 1.405891554588680
34 2.537996862600056
34 1.288122526779278
34 2.173849218750176
34 1.836867880629089
34 1.081733309164649
34 1.783002919032307
34 1.121371767465246
34 0.735677858519868
34 1.385144764445449
34 1.959231919899382
34 1.421467959941710
34 1.550949216437416
34 1.788853708587782
34 1.706969587741695
34 1.338100678320348
34 1.288007181412290
34 1.357313807968971
34 1.240024633280111
34 1.818841608696276
34 1.206942204088716
34 1.310077217070112
34 2.028006646569374
34 1.434101514179007
34 2.210097566719733
34 1.460626849362517
34 2.454392029225594
34 1.818793672195215
34 2.327333451765020
34 1.968894112975440
34 1.967546690132820
34 2.931003067101454
34 1.313731179865019
34 0.992107312532843
34 1.682865049232114
34 1.457500146556933
34 1.348384877394344
34 0.885513614238268
34 1.430829135518453
34 1.287270746280284
34 1.367137668367769
34 1.973769348532371
34 3.208044997825342
34 2.768564106993073
34 1.454262127408096
34 1.217293544485556
34 1.294120630001187
34 1.207497642237160
34 1.926119855048063
34 1.406420712754643
34 1.196420071282636
34 3.450222140148602
34 1.170480606492291
34 1.277747792071550
34 0.960130294637616
34 2.548426310632262
34 1.604893689428111
34 1.539637649430349
34 1.621529250222570
34 2.837337292029561
34 0.738073903891078
34 1.666295126995639
34 1.609771196570501
34 2.268783107926140
34 1.438249797276349
34 1.478123503447452
34 1.753152736618015
34 1.437290730631020
34 1.439780670758951
34 1.503082855308907
34 1.205354506074967
34 3.439094434857711
34 1.873767624377272
34 0.873367436038641
34 1.354700879524805
34 0.741367576252261
34 1.311995933792399
34 1.718720288914273
34 0.749887860639985
34 1.831008423722574
34 1.214224826079120
34 1.206963296454014
34 1.180307566700428
34 1.802634231671232
34 1.794800288588390
34 1.637256146315246
34 1.639738586706062
34 0.994251368612270
34 3.026099199806722
34 1.114354106291022
34 1.277899756815557
34 2.318545153699644
34 0.908504441867692
34 1.536421770907042
34 0.873478743829542
34 1.848896515984823
34 1.019268328199871
34 1.809052520913613
34 2.162563642452500
34 1.152849727101896
34 0.756039725823646
34 3.261985714011869
34 1.460781455282052
34 1.117645618876926
34 1.210973195789190
34 1.250620813143138
34 2.201210232507729
34 1.620489536763889
34 1.590423064900278
34 2.512522566687748
34 1.970203674351284
34 1.490888650308112
34 2.118785733896641
34 2.660535392552271
34 2.308568528027867
34 1.131413808223568
34 3.394749072151290
34 1.116655602786127
34 1.919572027162830
34 1.002628883433351
34 1.434038313599456
34 2.263856672181495
34 1.041095606053934
34 1.368740838024443
34 1.537071042586605
34 1.449134478241830
34 1.858809251523595
34 1.536693136024780
34 0.910826313859713
34 1.513916942509030
34 1.073712181506425
34 2.297155579844348
34 1.297793593170175
34 1.662422079791773
34 1.741518138160796
34 2.733122589135682
34 1.197852178972946
34 1.087715983127481
34 2.210293995904536
34 1.781499415834692
34 3.404974500957892
34 1.914747088117843
34 1.280376389738259
34 2.592503648910707
34 2.739612275901321
34 1.189358235817818
34 2.192862607398132
34 1.530770723211413
34 1.565863980228691
34 3.048097412648819
34 1.535025276854815
34 1.475626764818102
34 0.670684129088632
34 1.265393456524772
34 1.905648543477726
34 1.757611202599518
34 1.924714276026414
34 1.409734315510535
34 2.145721664497289
34 1.589120967485110
34 2.401919209607016
34 2.037552488778060
34 1.169325951388879
34 1.106155819410870
34 1.025936145270572
34 1.189409969794047
34 1.905191357819970
34 1.754140451518943
34 1.854471905934439
34 1.424231987536408
34 1.448720651730933
34 0.927514128539330
34 2.603287293928727
34 2.050343053767135
34 1.551741032861020
34 2.039004693036614
34 2.458953016369881
34 2.101173650662748
34 1.434991724405201
34 1.602119980266004
34 1.735008463495621
34 1.650698347688518
34 1.156919797188006
34 0.849176944692958
34 1.457386196410273
34 1.453884251164489
34 1.257971913766792
34 2.169993278611715
34 1.159757701809739
34 1.993094449816567
34 1.327739811973941
34 1.021948509740733
34 0.838778420220830
34 0.938690783920958
34 1.714069983388001
34 1.550869658046938
34 0.855052169007844
34 0.972274525519023
34 1.122618732762273
34 0.844879719340601
34 2.597622644523979
34 1.449654742055049
34 0.849334660360490
34 3.293017652112863
34 1.769863636280539
34 1.116301031597024
34 1.381173045002510
34 0.959205754991798
34 0.891958317122302
34 1.615006496905784
34 1.810645653891275
34 1.312781705707987
34 1.205476543176326
34 3.029807361246300
34 1.043654845583395
34 1.392240427193608
34 1.587011122092699
34 1.092654792252256
34 1.042918798617851
34 1.724207202406838
34 1.972818960392059
34 1.766165988025368
34 2.243800156868027
34 1.311525660670075
34 1.775200112275413
34 1.193071818835364
34 1.040997940888616
34 1.434153014336355
34 1.725294506538194
34 1.088763788799315
34 1.056224071295531
34 1.560880474558306
34 1.632200403380152
34 1.044362057045636
34 3.876633872814459
34 2.264991834990986
34 0.763767621386943
34 1.434262560497682
34 1.381101049947199
34 1.357026261727035
34 1.333084316987742
34 2.408372510103815
34 1.805390885435707
34 1.921779889059603
34 3.058729205315479
34 0.978568374904849
34 2.542359051027138
34 1.719521984087443
34 1.067444483521271
34 1.749056850346415
34 2.196882289078961
34 1.597825061183557
34 2.981045399163388
34 1.817884108374115
34 1.335710939574362
34 1.731173786931143
34 1.840469565498273
34 0.732381637686753
34 1.611106423471309
34 1.282134248507239
34 3.150557218079264
34 1.624079291936006
34 1.600132920661427
34 1.537358974567590
34 1.344778014039979
34 1.295767089758173
34 0.908467653184568
34 0.946380419310162
34 1.419729365992384
34 2.322589791507025
34 1.714433728014720
34 1.827736193853121
34 1.197973272677352
34 2.891086842651569
34 1.625004909521083
34 1.192779355685482
34 1.692093864216640
34 2.246675606606673
34 2.356556966465653
34 1.804698150124691
34 3.881879599437738
34 1.462934191108085
34 1.963487698240528
34 3.003255933836668
34 2.048438220464716
34 1.318025898678092
34 1.461146775780393
34 1.754836944384833
34 2.928342605791888
34 1.678074401931277
34 2.437946824372874
34 1.126418169451563
34 1.920319981493179
34 1.743491452267198
34 1.489502818819987
34 1.705062815866048
34 2.044581822052500
34 2.521945872292795
34 1.742876867903939
34 0.801610777374120
34 2.472843812670687
34 1.252253338924001
34 1.227477981138315
34 1.601387022409587
34 2.741954584766653
34 1.587707617470137
34 2.521817969326233
34 1.119435420977985
34 3.278565513888918
34 1.616894495228098
34 1.435677730826598
34 2.277991124228890
34 1.625491779925874
34 1.748130228595516
34 1.656940344331209
34 1.663985809890777
34 1.589612759126117
34 1.424801004100978
34 1.804469747999912
34 1.556693346611465
34 1.305259437228832
34 1.260796151525521
34 2.095955037924963
34 2.041673671991240
34 1.981945818256352
34 1.375084237799689
34 0.983150562985580
34 2.414884354381190
34 2.262577995908675
34 1.401758803680433
34 1.094524228531419
34 1.826748016999506
34 0.862927469398229
34 1.622379349522080
34 1.390474956880635
34 1.345077997651642
34 0.934602474840406
34 2.984933834711342
34 0.911516063762067
34 1.136400609375622
40 3.183167256824431
40 4.535506676007101
40 1.792860090010382
40 3.591545104017964
40 4.219918925405503
40 4.396517741048395
40 2.403297453300137
40 1.827122875420093
40 2.525160494982380
40 3.915877309106090
40 5.625221242561375
40 4.131817267946101
40 2.469522389095103
40 4.603342188304644
40 1.748325697738766
40 6.981499555948892
40 2.463573046324276
40 2.825279843433663
40 2.714877981322079
40 3.813165306906990
40 5.465658129095557
40 2.601953619823400
40 1.976393058158282
40 3.636206287414430
40 4.335876076160489
40 2.854761465818916
40 2.479796972444950
40 5.317568606762180
40 3.419831163105343
40 2.989788069335801
40 5.257177382332806
40 3.466053548137114
40 3.659179526935711
40 2.275195057361483
40 5.725673613476897
40 3.025676861597149
40 2.334203887542349
40 2.207570598143661
40 2.227664388839303
40 1.994140507151362
40 5.711191554058035
40 2.093366847264926
40 2.511475566797964
40 3.097682589401451
40 2.442428931898071
40 2.787762098183300
40 4.209887755442598
40 1.782412702864755
40 3.442575514561069
40 3.395029766526095
40 2.248244754780499
40 2.356786640810613
40 4.428040619624831
40 4.928728595524795
40 6.426044395597808
40 4.184620933970105
40 4.090064585190464
40 4.294563888602482
40 3.171067973723026
40 5.675581432134118
40 3.674101794882271
40 3.443576149426103
40 2.131734237554243
40 1.965244644607891
40 2.943586003675728
40 3.880395101134559
40 3.739302082308328
40 2.986956940254131
40 2.065045406003776
40 2.131402396492507
40 2.430098897402972
40 4.540600838348877
40 2.647558327029468
40 2.799198708895860
40 4.533667438559908
40 3.377334817382714
40 2.872273612205239
40 1.979862244712578
40 2.748685168157483
40 3.341567692917913
40 3.233841685222005
40 4.549899000955863
40 4.415149628488532
40 1.677337619056940
40 1.722513385765124
40 2.494642075814296
40 1.925494072018697
40 3.969887774541553
40 3.623503557261790
40 3.271213532357446
40 2.938589240977144
40 6.428834938639728
40 2.096286037061069
40 3.968926590462667
40 3.333865818695221
40 3.309120561687349
40 1.755894521549437
40 2.831149639551183
40 5.703455662998540
40 3.453831267877879
40 4.667019615405746
40 6.124629796337071
40 2.320999070188785
40 4.864004224200020
40 1.780860828996179
40 5.004474591122095
40 4.274290819201200
40 2.769329443272378
40 1.765099121511538
40 2.722574947772969
40 3.116226815060582
40 2.269013462205089
40 4.285122263978145
40 2.174167757168959
40 2.525352113267209
40 3.966177600554138
40 2.629166980725156
40 4.098871900957596
40 2.227247361900591
40 3.429117515965586
40 1.778697980058638
40 1.915005588631779
40 4.137320223214434
40 4.472470821769830
40 3.329012453870257
40 1.523991266108226
40 3.239192733642315
40 4.411354090335013
40 6.227256367135201
40 2.358479941855746
40 4.647605586790890
40 1.785332730184062
40 4.682244352638257
40 3.782399308028453
40 3.904833951259645
40 2.905401817088055
40 2.479307451366664
40 2.340936759512847
40 3.070849815467241
40 2.425143572359801
40 3.657294717797042
40 3.305305308805471
40 5.596009725845006
40 2.236051848661379
40 3.766539633484556
40 3.269462744267248
40 3.303594174534298
40 3.078622934117371
40 2.396767670015329
40 2.239368859412002
40 3.463774968426793
40 3.339535741288719
40 3.467481428723742
40 4.119025211914694
40 2.424109033815181
40 3.959130102400817
40 4.213474429244549
40 2.119795859131459
40 1.773971210299415
40 7.327877615903416
40 2.647506863897913
40 1.556498949120087
40 3.767069086413063
40 3.715228272662687
40 3.685766338704557
40 5.550035795890241
40 2.056079780902589
40 2.733313644666960
40 3.830159255342349
40 1.983777647810680
40 3.162419275423094
40 3.588128151050940
40 4.005022808623860
40 5.549483696439667
40 3.759609452931363
40 3.869066182942007
40 5.426903971057069
40 3.394104072322846
40 1.608015643840920
40 4.516410977961943
40 4.816341521841530
40 3.482900921457845
40 4.697925186975814
40 3.037784234668848
40 3.655519251199435
40 1.990226282988228
40 1.950242178808754
40 2.115107235886225
40 3.943782948860434
40 3.932309887498374
40 5.729104605808088
40 2.337326981536400
40 4.348020462553297
40 3.150646402876475
40 1.691041384352193
40 2.309651066897075
40 2.266859026669803
40 2.476495958278633
40 2.824452289063020
40 2.236224377492484
40 2.161432333444441
40 3.395047130859492
40 2.050447904535369
40 3.804635388997634
40 2.240590766759723
40 2.794580610691154
40 3.773180763275477
40 3.496506697733712
40 2.295484577548366
40 3.444388372251004
40 3.168901656714704
40 2.404475334991348
40 2.546981435199370
40 1.861055301483830
40 3.739215122485507
40 3.011044083003835
40 3.554591181624981
40 2.316681998418403
40 3.195444752096307
40 4.938980730292839
40 3.660741965626947
40 4.417684647161394
40 1.429411696477454
40 2.469533442039909
40 3.597832864112674
40 4.218031082066547
40 2.385274504601789
40 1.718242832107466
40 2.824015683285000
40 5.891778118180941
40 1.861061561879598
40 3.707118838826268
40 4.716589387776452
40 3.250572630765767
40 3.363492544449793
40 3.571415222467417
40 1.500766447764292
40 2.779601098845069
40 3.927136445422271
40 2.655165897123082
40 5.157869025927817
40 1.927535621812928
40 3.102172849660411
40 2.466870694046380
40 2.025638902338619
40 2.842141502960256
40 5.721083385010649
40 2.798678323782843
40 3.575971813529110
40 6.976569630486312
40 3.484442973415468
40 2.141567700226457
40 3.374930585046290
40 4.381476504159931
40 2.610490092918021
40 2.875827130499498
40 3.424503591640936
40 1.727668020969922
40 5.071566044751016
40 4.872005290581345
40 2.610649792771053
40 2.327768830173621
40 1.414508986508299
40 3.295519554042034
40 3.615525341845174
40 2.350610564786132
40 7.100556705666197
40 2.269377661306951
40 2.455695506336281
40 1.975419962457291
40 2.149403612738087
40 2.722136563451231
40 2.438169419535711
40 2.527274078189588
40 3.406154093714350
40 3.292690920005347
40 2.022868952521442
40 2.419212563393146
40 5.351486473856619
40 1.338588395823193
40 3.350076178438959
40 2.436934869354939
40 1.425386193854651
40 3.214418269670678
40 5.528770971066761
40 6.059283131140294
40 3.303429948663648
40 4.518735456502512
40 1.967542221426616
40 2.802218302077731
40 3.874363962794950
40 1.773059828960959
40 2.385624997430330
40 4.062305613247856
40 3.692905571794038
40 2.937238110025271
40 3.779171644340810
40 3.414975436823807
40 3.306369824001610
40 2.631490787620493
40 3.208077432465653
40 3.863927752053577
40 2.774981560135742
40 2.755750131822495
40 2.034902617282397
40 2.915624239632684
40 1.540583742249991
40 4.666438424115768
40 3.051643004699709
40 3.665041382917609
40 3.121198220564089
40 1.899637869833640
40 2.767560137203585
40 2.362653255895667
40 1.800983579425178
40 1.772713488780672
40 2.649919168716204
40 4.075588963985600
40 5.496557443835258
40 1.758386415692215
40 2.463773254937998
40 2.266382144264023
40 5.376580748899169
40 2.557576095800362
40 2.418987620624758
40 2.689961740463085
40 3.236146634621630
40 2.813540891978082
40 5.523944000658945
40 1.846093310797738
40 4.477929903966110
40 2.910871014628263
40 3.956456428825500
40 4.621119072283255
40 3.124596101104101
40 2.454257865940260
40 3.939235511300299
40 1.830593718828160
40 4.394607129907907
40 3.786038530871254
40 3.196689401174403
40 3.805830717058174
40 3.756821695393614
40 2.128122045987263
40 2.106432565832365
40 6.012165095783759
40 1.445953184147729
40 3.486948758022587
40 3.635898715407379
40 2.436801206451271
40 2.446773860661655
40 2.509645191540664
40 2.301465214078719
40 2.115082286486833
40 4.226573222127799
40 1.781173731099608
40 3.782435096066859
40 2.465157934967523
40 3.394529715220997
40 3.601900741301609
40 2.921676651355947
40 2.911269912142735
40 2.447758666366693
40 2.051860536967840
40 3.395794111115901
40 1.724981187637010
40 3.659319857265807
40 3.118442815532970
40 2.244308617886981
40 2.008104583890784
40 4.915677786252967
40 3.500028474200289
40 3.146787018944641
40 2.824309743449636
40 6.016592443440576
40 5.572911532149813
40 2.729618397162898
40 4.733579461193298
40 4.589202724925571
40 1.902692340974685
40 3.174868859439409
40 3.321181251428486
40 1.872491599670278
40 1.549272520145691
40 3.152628988669894
40 3.379228496821369
40 2.254262848207503
40 3.097523667890697
40 4.671857977548960
40 3.878813311734310
40 2.404365992236741
40 2.171832171380961
40 3.244973734671379
40 3.263396575540830
40 6.636006538193629
40 3.741509762147359
40 4.401149633859037
40 4.039521672753354
40 3.911222034755414
40 3.500501854404455
40 4.298141978003947
40 3.133593233032200
40 2.196999549791848
40 3.726406578974338
40 4.912823253953059
40 2.872294559358496
40 2.682564205543976
40 2.336872917606911
40 5.790513869672841
40 2.181058398948474
40 1.467871093402874
40 6.379705892818732
40 3.319243781503201
40 3.532423898683826
40 3.042531401265576
40 3.553738044051786
40 2.174885420920392
40 2.431561889441667
40 2.690331183624647
40 1.785447029270829
40 2.891450238522971
40 3.314982328581663
40 4.971263729462617
40 2.268437347816743
40 3.797648351322382
40 3.698938686843534
40 3.658785868494233
40 3.310288957335333
40 3.009236887844338
40 2.674446762410811
40 2.591538898248206
40 5.113475833067726
40 3.894335181981729
40 3.223419752342227
40 1.620144563017558
40 1.600352681076096
40 1.858058957659164
40 2.232306386440076
40 1.996784172462961
40 1.997458484227669
40 3.599555771985605
40 2.060376581997696
40 3.300248781204143
40 3.862061702570891
40 4.245711029032432
40 4.998991395307239
40 5.360020361913103
40 2.226612871042947
40 5.021733516651535
40 3.170409877530492
40 4.673374484215166
40 2.589760643062341
40 2.661319950466227
40 3.437653269631062
40 1.757969538101593
40 3.240784540747429
40 2.306313496095715
40 2.358427872531330
40 1.772574513127607
40 3.679831714336860
40 3.410688967967968
40 2.593027420149273
40 3.081483022528181
40 4.221933418877624
40 4.428114997412534
40 4.036327503607118
40 3.176325239273823
40 1.578847451397781
40 4.327370365077087
40 3.952222265984714
40 4.687969939826715
40 4.613563786976645
40 3.088748044052428
40 2.944340293873802
40 2.294145864817281
40 5.282244605221543
40 4.615123097084837
40 1.671412173866482
40 2.054169889655485
40 4.507919593091721
40 2.769051535633786
40 2.069172869557498
40 3.142004842470811
40 2.830550183937499
40 4.126800120927344
40 3.130429318797786
40 3.888037682719613
40 2.646528692105768
40 2.283667120465777
40 1.679675265611371
40 3.235830068048727
40 3.420156694327924
40 2.186082203019620
40 1.662297534418910
40 2.928039103434379
40 3.106089610142462
40 3.275244531393323
40 3.972852374951847
40 5.121517587390100
40 2.025097350543401
46 4.640263115539542
46 5.385161065180947
46 6.847787014566920
46 6.856775431164857
46 5.766023635796493
46 6.128373675758307
46 3.472738033170092
46 4.823210874709304
46 6.163283622951693
46 6.773196804478836
46 6.735398457824642
46 5.403540487282173
46 5.700223888417574
46 12.089873023643062
46 8.512966164460748
46 4.507886003428812
46 4.670850290479251
46 3.231749107542286
46 7.883872201594598
46 4.043660929620298
46 4.024614575634830
46 7.051603267048101
46 6.460762413168302
46 4.765927969306622
46 5.174902131821964
46 3.978473049622146
46 6.224978476059157
46 4.849369908531010
46 6.485198784310976
46 4.192320233740329
46 3.447840850352886
46 5.089500380476161
46 7.948700813643318
46 6.684455607535710
46 2.968989716874505
46 6.007791625270653
46 9.374918949316918
46 5.323960687285949
46 3.296819400687634
46 9.795265500595551
46 5.462143649458470
46 3.331855399756029
46 5.140766968115919
46 3.825392244928915
46 3.337872235003603
46 5.214142213324166
46 4.451214520349563
46 3.352418598475665
46 4.857460922181762
46 4.820475131132958
46 6.614991479455013
46 4.723330262950482
46 5.350170707054268
46 3.881586665679439
46 4.669033383352901
46 6.946510526799533
46 4.165725224276343
46 11.208999762192320
46 7.562259903887714
46 3.958595891084583
46 4.448769504039320
46 4.579552804372140
46 3.118628757734011
46 4.305690792380523
46 6.065543118716466
46 4.440548871254069
46 12.088477649495381
46 10.444429803447786
46 5.920668612007137
46 6.024879247179635
46 4.261582112318404
46 6.832916203094195
46 8.203367168652331
46 8.030355418378655
46 9.588428364102104
46 3.329422103600087
46 3.561959212204188
46 4.235254671852038
46 7.166208084141340
46 4.722094378679857
46 8.335171754235088
46 6.766419695186894
46 4.986981798294702
46 4.109246410106507
46 4.710732420084524
46 3.582752070207218
46 4.392652179202572
46 7.936867064308092
46 4.753123730289762
46 3.231168594811745
46 7.920320365075316
46 4.474174475731636
46 3.747781731424668
46 3.055414261037014
46 4.175124973740537
46 5.526251841551351
46 6.223822396624822
46 6.515978253520817
46 5.702089242716571
46 3.810104439168510
46 4.514139678924376
46 4.764369115017601
46 5.704567951206822
46 4.110230559583139
46 4.119464499573642
46 3.602714594033097
46 4.542619700115306
46 7.942296039891906
46 4.427119261710931
46 3.690359103011597
46 4.461407095916685
46 9.013402123120756
46 4.045462252364602
46 6.075379632988587
46 5.210205034255369
46 6.867740684707766
46 8.186594169271302
46 7.044481960021036
46 3.620752536042130
46 3.227386790327063
46 5.422430380873940
46 3.787512010954914
46 4.492671666530335
46 7.606267405822019
46 5.016964242946207
46 4.132281917617753
46 4.335620524776733
46 4.642368983627225
46 5.268888446922071
46 4.394441107693249
46 9.224094529576373
46 9.815617473246466
46 5.574094979550882
46 4.766212902142699
46 7.914412452938127
46 2.578607867726867
46 7.367504245855900
46 7.364621031767483
46 7.013279772206709
46 5.530243594701564
46 2.794249017729570
46 5.230049800758724
46 4.898928850567620
46 5.754667196519911
46 5.028055426404001
46 4.981348509332228
46 8.383820588658603
46 4.296082539754368
46 6.810469725477788
46 2.633668234088824
46 3.720655274411930
46 5.334353130520392
46 5.465200762298856
46 5.161518140910748
46 6.938222543374692
46 7.874285694961607
46 5.512649107563965
46 8.937888230213959
46 4.880694406698387
46 6.584924602227352
46 5.981007287183733
46 6.384280248133985
46 4.579749897774162
46 5.941723749938281
46 8.956920978883756
46 4.662946815383231
46 6.073268369436782
46 8.985597280841791
46 3.412264447082268
46 7.302800402561566
46 3.101988075332181
46 6.176346217504642
46 5.437477374014526
46 4.560767802585966
46 6.295593373025946
46 6.544541223051901
46 10.597087235750408
46 6.535558120762448
46 4.972491170637841
46 4.140822921790948
46 5.251700390390383
46 4.803782571344575
46 8.250240304519455
46 5.044010300235529
46 3.158376913328414
46 4.389141760964549
46 3.212107485926929
46 3.096102038919616
46 3.938342222229326
46 5.077675809449596
46 4.961257678424929
46 7.004360555849442
46 3.844307366974215
46 3.289417928770781
46 3.392371659586610
46 6.950447603946192
46 5.822819539420275
46 3.663663544432111
46 5.147553923967901
46 7.807422746459146
46 4.426716615479828
46 3.035926907701562
46 9.824956221405554
46 4.605870370631285
46 6.526349521542695
46 5.793030414468042
46 6.524714588902571
46 6.602418786155154
46 5.125201616666459
46 5.251155913735413
46 5.653788979493566
46 7.289838004625604
46 8.077838325882443
46 12.010366591118766
46 4.677421835313365
46 3.297495248558837
46 8.111605361212552
46 3.920819776463108
46 6.068310264644284
46 5.777082229837534
46 4.146762439562526
46 7.043811055990015
46 5.549281810652470
46 8.116016489197143
46 2.816083581171390
46 4.504929610859818
46 3.942858695299803
46 5.777590464291808
46 7.622620582948427
46 4.729244085736672
46 5.235840085697701
46 3.998532997612942
46 9.038175538098731
46 4.803301273142404
46 4.981830339078364
46 7.194602889197395
46 10.126889599854994
46 2.849206654459368
46 2.910179264831140
46 8.371534094752025
46 6.899635830286729
46 5.072873411488923
46 6.965701889794809
46 7.100980926636474
46 3.026156266484141
46 4.060394818048607
46 4.110639354827711
46 10.859082981949989
46 4.023731684040980
46 6.866006986939871
46 5.907480095203120
46 3.453230720525399
46 7.640412465919779
46 3.833231296214651
46 5.376720221279508
46 4.144376823735899
46 5.920821867706466
46 3.843633732169978
46 5.699174243820533
46 3.894771475740016
46 4.085562581603043
46 6.647397695827673
46 7.058248485218490
46 6.005092669456176
46 5.695110083323644
46 6.018863302782174
46 7.152831933204510
46 3.705268625471577
46 3.721351503190205
46 7.990316498015344
46 9.373179239971098
46 7.686729339597916
46 7.298052932532431
46 3.927906417227554
46 5.001411841126341
46 7.931274395058079
46 7.253660582948289
46 3.002716942336193
46 7.372467813918320
46 8.525732818259712
46 4.605266470557860
46 5.780844699737278
46 5.464425244592481
46 8.512191862476625
46 5.787827349383888
46 10.085538233109395
46 3.088285908858999
46 10.565174913025750
46 5.439784100564440
46 6.197579960430284
46 3.072800482437882
46 4.724375263073185
46 3.360323518212624
46 6.205055873149898
46 3.409130177793235
46 6.527474450500419
46 7.837410599545816
46 4.659731887648025
46 6.207501094806580
46 5.486411531308173
46 4.654346581614634
46 3.541689433125754
46 5.419549967973526
46 6.445180519302383
46 9.396186897254083
46 7.120120707941683
46 8.646696151964454
46 6.130547273286274
46 4.604756975282911
46 5.600406458190859
46 5.076876145100363
46 8.420588762790928
46 5.477168203669784
46 6.486769745466348
46 10.846046315694482
46 5.749373467213059
46 4.351786683737836
46 10.668881392714333
46 5.003593390530995
46 4.322655355336802
46 7.147771075082422
46 6.580469089494994
46 7.713505857410632
46 5.577114761281285
46 5.911305706309950
46 4.848163632287943
46 3.135749799105939
46 3.913061997030269
46 7.425776138690649
46 5.661718306936981
46 5.585446957866628
46 3.432953169550786
46 7.207767953786351
46 7.922744851348615
46 8.623038332237064
46 5.015864236568762
46 3.390936199605978
46 6.335581117024303
46 3.990111154812282
46 6.604692409834631
46 4.745140669075809
46 4.887152515642721
46 9.893370306215800
46 4.161473398003125
46 4.126215207195303
46 7.850243484428202
46 5.955164012503146
46 3.554110351812191
46 3.674439934245762
46 5.657777754693790
46 2.971933449399496
46 4.026717547681019
46 9.929443118835287
46 8.115743399721470
46 7.261373251935376
46 7.345223027093713
46 4.166631257421701
46 6.643516854994513
46 6.846993759115822
46 8.546287247311369
46 5.433463340916612
46 6.522662402632626
46 5.171152601161763
46 3.747946644473060
46 4.565123517483448
46 4.404518819256315
46 9.769834765565186
46 4.599336927815916
46 8.087305585297388
46 4.593635200011338
46 5.692264553066193
46 2.884562270489105
46 2.846351992764724
46 6.816933878038483
46 5.051417058905664
46 9.451825789340699
46 8.943616225910503
46 8.680397973303737
46 3.346966380303932
46 5.003719222978759
46 6.341232886988251
46 5.905551778273588
46 6.899582225157596
46 4.651971912175872
46 4.763081425039627
46 4.114506596269428
46 8.467602809948211
46 3.805154183973564
46 6.217567738201050
46 3.300254823867883
46 7.646947694376915
46 3.047714809381182
46 7.437144798376852
46 3.249536697632097
46 5.600119038427740
46 7.791834877296446
46 4.304757599315119
46 4.094066046040623
46 4.173676505542407
46 7.991994952345135
46 5.595544593861115
46 6.770659341448937
46 4.783921052724621
46 6.669938435592413
46 3.969657390232749
46 5.617284021275395
46 11.934005099299871
46 4.401339542681265
46 3.448348234792902
46 3.526793611256741
46 4.373575419206233
46 5.201523043288606
46 5.812695658721759
46 5.351263165777162
46 4.701396389377485
46 6.521974732316101
46 4.619835946992201
46 3.850862572549325
46 8.146281232791683
46 4.306937575812432
46 6.147846040670307
46 4.758185231993587
46 4.990039420794680
46 5.023834898203418
46 5.040650645500904
46 7.179772652116220
46 5.010981727020425
46 3.849664620649953
46 5.024863315750038
46 6.289445785957437
46 4.733847947791013
46 5.043143878408215
46 4.648247242228289
46 3.848597117309202
46 9.060911421597197
46 4.317650706643563
46 6.998600294931481
46 3.977497876398246
46 3.360287564614266
46 6.439874409856386
46 4.942492222008822
46 5.615376614062110
46 6.365315603879677
46 4.192925241617580
46 5.790263245303932
46 4.329262972796909
46 6.744505342944664
46 6.421313488454421
46 7.016347302211319
46 6.752503983110648
46 4.646382258802507
46 5.513746645458141
46 3.665318216243192
46 7.945148104859559
46 6.762966655022287
46 3.774057355562321
46 4.524644227609485
46 2.954695178272678
46 6.169411270721086
46 6.554421562653605
46 6.729445012136378
46 9.382237808684344
46 2.693378379258966
46 4.869425511073641
46 3.645418029119659
46 5.196235121190767
46 6.268353760813882
46 6.915225772211863
46 5.396558757858786
46 4.667938001726499
46 12.188358378015783
46 5.873070343101764
46 5.193918000886042
46 5.427227835757545
46 5.610770569426336
46 6.867920595425224
46 4.065511090213111
46 8.021867713810309
46 5.927296546240775
46 7.763994981031215
46 8.026759209138490
46 6.090891481989582
46 4.613189383628971
46 6.393704636884253
46 6.491974579265529
46 8.756351803363714
46 6.403150774386765
46 7.091488336280467
46 4.524180987419775
46 3.953923800995564
46 3.859268428561585
46 6.890000963291258
46 6.058971969763913
46 5.954710549021198
46 5.027536310461267
46 4.120950596130342
46 9.954951245559489
46 8.063613748643043
46 4.715859922804056
46 5.936773074023965
