10 0.018957478140936
10 0.023357147214252
10 0.011098296279669
10 0.030336369185271
10 0.018001317435306
10 0.033448333171348
10 0.017229551663012
10 0.026074577839713
10 0.023227831960596
10 0.013297825715037
10 0.014400678904416
10 0.012612769670508
10 0.015307101853218
10 0.010136966745568
10 0.013318952208108
10 0.018113180735035
10 0.011420404275552
10 0.010304065597930
10 0.014611193591653
10 0.025330827911275
10 0.016450913085029
10 0.018391111116518
10 0.022581237165783
10 0.014137272090622
10 0.013314675582397
10 0.011642246020311
10 0.018856815082132
10 0.027946354659574
10 0.014822642697736
10 0.015663543750770
10 0.019717388357456
10 0.011499499269816
10 0.020713836574247
10 0.023904714829424
10 0.023101851265416
10 0.013877169706936
10 0.009197278424527
10 0.011678905244505
10 0.011090521294840
10 0.020566149336800
10 0.020929777674491
10 0.011274708458317
10 0.018326471105462
10 0.023512189874545
10 0.019731287984965
10 0.021822476594266
10 0.030383410989154
10 0.009996042821002
10 0.014170562400308
10 0.020584102744106
10 0.014305230971420
10 0.013404855673554
10 0.023180083084015
10 0.013952876503043
10 0.015086849619445
10 0.013968037340683
10 0.016301444952641
10 0.015498326667625
10 0.016594835084272
10 0.014710224748340
10 0.020706631077547
10 0.015739997860188
10 0.026523371090185
10 0.010538557535465
10 0.015864790063993
10 0.013319043516989
10 0.014952049569993
10 0.021064083437222
10 0.027618676268773
10 0.012339263660621
10 0.015779400631107
10 0.020620304693493
10 0.023937085966178
10 0.016848292380213
10 0.029508808045573
10 0.010906700341015
10 0.011484940037191
10 0.016717211937176
10 0.009516390385820
10 0.019943085560174
10 0.019366265369834
10 0.015945198222584
10 0.017293443943581
10 0.012589755353982
10 0.021533002264672
10 0.013024092738868
10 0.016623969963136
10 0.018897850832376
10 0.034181335910515
10 0.015228830714787
10 0.028961213699990
10 0.020103084218798
10 0.014285376970675
10 0.010921757206164
10 0.014564178049268
10 0.016403681087228
10 0.019256281193878
10 0.015125208588698
10 0.010733881459570
10 0.013743044938056
10 0.023086193411278
10 0.026534076804206
10 0.028741668751853
10 0.016179550427972
10 0.021208873326490
10 0.011382606733856
10 0.019585957644922
10 0.016579997088619
10 0.015666396782230
10 0.014252174100168
10 0.025075254349898
10 0.019743013310478
10 0.011383785055789
10 0.016912197094055
10 0.011341996814741
10 0.011277970097744
10 0.016158485418032
10 0.017266562971471
10 0.030613369839287
10 0.039059679777995
10 0.012195928102248
10 0.028864832723946
10 0.019068576011507
10 0.019166004111310
10 0.014213228520274
10 0.023121878197182
10 0.017254201459356
10 0.025036525506546
10 0.019432783870965
10 0.020752369030879
10 0.012761263604186
10 0.019844933665975
10 0.010090782466700
10 0.018653257933385
10 0.019917593490574
10 0.020009422214823
10 0.022717174041077
10 0.022588799235820
10 0.014594519005091
10 0.025379594449001
10 0.020996395872386
10 0.016573792944398
10 0.017714180515500
10 0.016180329329520
10 0.018249635111966
10 0.022455153949275
10 0.008495428284448
10 0.014915269896901
10 0.015609188793675
10 0.014704086713247
10 0.011004702043826
10 0.013582053435105
10 0.015128988376259
10 0.029167501564200
10 0.015095655020942
10 0.030298628692670
10 0.020542909617853
10 0.014708810708681
10 0.012847734801203
10 0.026445923871517
10 0.014820268483605
10 0.022791697618575
10 0.021081234466290
10 0.013948334435693
10 0.011913007119795
10 0.012219388842335
10 0.017380637503000
10 0.020288364803008
10 0.013425358392966
10 0.018180462658005
10 0.017668639424414
10 0.022848127949625
10 0.008050170758069
10 0.025350448104908
10 0.010700198049525
10 0.012182972703044
10 0.024097942330045
10 0.038586743784711
10 0.016640174154950
10 0.017422180503442
10 0.011094544262465
10 0.022108169533613
10 0.011414412649775
10 0.013552184482429
10 0.024249903911045
10 0.040006283534992
10 0.019325323280892
10 0.012783735263486
10 0.019034590391338
10 0.012827649844750
10 0.016414096735010
10 0.016339269131900
10 0.019017971355577
10 0.011655779995263
10 0.018281887517209
10 0.009035873888480
10 0.010055172051136
10 0.018400924544216
10 0.017859365902556
10 0.025582947633329
10 0.015566500211376
10 0.023357568025375
10 0.013843524042551
10 0.034837903531320
10 0.023666300811657
10 0.013774839450659
10 0.019471790195933
10 0.021309921555546
10 0.017474630540570
10 0.022334333350147
10 0.019362515952188
10 0.014295609264897
10 0.014893316889233
10 0.015155240125404
10 0.020248942687981
10 0.019107049095662
10 0.019605557251275
10 0.021714609791260
10 0.037805152619282
10 0.018229904569604
10 0.022330617712877
10 0.015092358607514
10 0.021554695263910
10 0.016656711529610
10 0.014857074879359
10 0.019960769371582
10 0.019879523472250
10 0.023443983969269
10 0.013214789457249
10 0.025672184594996
10 0.017406065774480
10 0.030182618739849
10 0.017103152305465
10 0.036895840380010
10 0.010082339305570
10 0.013843694008823
10 0.016208721557463
10 0.028434281971136
10 0.024299111057006
10 0.030896926909957
10 0.015843379709917
10 0.018211600697066
10 0.009904143185801
10 0.015339209680366
10 0.014582907878154
10 0.011980645813068
10 0.010730622511727
10 0.017798806262211
10 0.015956125359012
10 0.012462564693717
10 0.017586890059413
10 0.020753477720396
10 0.011349766678760
10 0.023935756097960
10 0.020751606234218
10 0.015680936803342
10 0.021376165504318
10 0.024417323442211
10 0.010381730488466
10 0.025772445511523
10 0.020795777526694
10 0.015826314305715
10 0.020350223396684
10 0.015757359004441
10 0.017470064922534
10 0.025641502423053
10 0.047625863444938
10 0.012311719832075
10 0.016664662775831
10 0.020908209816046
10 0.013458860279793
10 0.018513549406407
10 0.015300121039125
10 0.016725684692813
10 0.012884680238667
10 0.017714462115356
10 0.016893859004992
10 0.011193145399623
10 0.021654179328150
10 0.015741505657271
10 0.009356358000427
10 0.012693772576237
10 0.011666899849659
10 0.016623600914098
10 0.018365863544010
10 0.019839233208125
10 0.028862140154896
10 0.032868007027589
10 0.013123731631453
10 0.013526431681463
10 0.014201880125466
10 0.017308066655873
10 0.015321482792211
10 0.012773224102802
10 0.031974553370680
10 0.018140457731115
10 0.017711081306567
10 0.014878795227986
10 0.016815412228444
10 0.010474999273555
10 0.017063583787759
10 0.024515716914292
10 0.020144704400860
10 0.015246115179623
10 0.021216882210972
10 0.021860888756351
10 0.022797556088843
10 0.013545319272033
10 0.027451942445330
10 0.016027092363821
10 0.020334784293652
10 0.011432840421088
10 0.018120814547942
10 0.017483620036964
10 0.012899270379760
10 0.016807886751280
10 0.019894621592973
10 0.015758260017691
10 0.020044712412798
10 0.013983198502087
10 0.020050649685364
10 0.013978913324098
10 0.009525399106556
10 0.008285185943068
10 0.024944755709453
10 0.016543347495576
10 0.019148247373136
10 0.016803030947939
10 0.014482227077952
10 0.012420646993818
10 0.015896156565289
10 0.013505972948359
10 0.010330614621335
10 0.012051366630504
10 0.025765090913762
10 0.016011932090751
10 0.012946301728774
10 0.014345902970888
10 0.009468404633463
10 0.018050066609632
10 0.014677083260590
10 0.022021735653585
10 0.016006781883834
10 0.013999846793500
10 0.023168960766577
10 0.029241374365087
10 0.021995535821423
10 0.007428697546813
10 0.029403188782522
10 0.023306053528219
10 0.012660936285596
10 0.021549878908679
10 0.021033131536972
10 0.029173189475282
10 0.012814506709365
10 0.018203872265935
10 0.013931770812563
10 0.031224773880106
10 0.018411772011805
10 0.022947879932999
10 0.011710086408823
10 0.013585145114905
10 0.012209249010157
10 0.025346593510291
10 0.016017519676004
10 0.019115592307491
10 0.013190576701672
10 0.012360641083577
10 0.008262674866595
10 0.010382859486300
10 0.011919642954266
10 0.021957034733893
10 0.039415358742336
10 0.010573568632632
10 0.014666419563963
10 0.023411324092497
10 0.015050451951350
10 0.011821749452351
10 0.013844603251875
10 0.010610827584276
10 0.023082002185732
10 0.011515116790004
10 0.009050779195811
10 0.012031291323164
10 0.012990209070903
10 0.009555703669934
10 0.012764593579213
10 0.018568691266984
10 0.019514024930683
10 0.013216735839166
10 0.011486550779505
10 0.015884184464864
10 0.010742576234972
10 0.013458174219803
10 0.020774277376644
10 0.033588204042046
10 0.030445124968995
10 0.014216406832576
10 0.026525749156343
10 0.022475133442019
10 0.016341909033894
10 0.015842427720392
10 0.019588039420587
10 0.022172635107671
10 0.019871943588516
10 0.024446319867942
10 0.009112254935514
10 0.012161967134783
10 0.014283422409775
10 0.011001834696605
10 0.018717218513342
10 0.011541007013185
10 0.013769931286131
10 0.012362292354262
10 0.016128407390966
10 0.010660709944692
10 0.022166306677311
10 0.019856826442728
10 0.034984013376535
10 0.020826530315772
10 0.021671653586878
10 0.010402640237187
10 0.013435991791617
10 0.014876471944208
10 0.014282143517706
10 0.014848922578125
10 0.007448268879986
10 0.022921047400306
10 0.014141098923509
10 0.012032127140056
10 0.010524172717016
10 0.017480199210258
10 0.011541041127712
10 0.007674188884213
10 0.011731974478439
10 0.011634603463363
10 0.017611411989205
10 0.014876307685420
10 0.012012328986965
10 0.030339132383924
10 0.027293259765194
10 0.016437188439570
10 0.017505252009054
10 0.031866373908596
10 0.014185416871500
10 0.023855408840925
10 0.016258986247372
10 0.022636657255250
10 0.023711779045618
10 0.016035133708295
10 0.019183261650150
10 0.019931432135939
10 0.017042521716122
10 0.024172770012472
10 0.012558768298529
10 0.015311402349016
10 0.010909098996184
10 0.017719486413948
10 0.026133212991861
10 0.024187786576476
10 0.012447912813194
10 0.011683878192166
10 0.016471966626974
10 0.020645481061243
10 0.031502709344226
10 0.010921866290684
10 0.023854037278440
10 0.017585609960407
10 0.016753342488299
10 0.034261789609321
10 0.019722205861593
10 0.012182023020535
10 0.014006906893239
10 0.025503520473458
10 0.022167348799418
10 0.034018818484473
10 0.021802500718447
10 0.016930544326795
10 0.017651072583671
10 0.013014103793396
10 0.010223150200121
10 0.018526698503215
10 0.020171273482677
10 0.011433103807678
10 0.019056850737954
10 0.014866099740940
10 0.010049935708344
10 0.024766171379294
10 0.022528672983661
10 0.021440379396725
10 0.019559764485310
10 0.020310631951919
10 0.016029872381288
10 0.019987671215486
10 0.036050154684182
10 0.012636438459402
10 0.009696326546748
10 0.016870189377600
10 0.032524788537692
10 0.016135842321412
16 0.098500664304116
16 0.088838509083595
16 0.111895402371842
16 0.065996563861015
16 0.055123137518113
16 0.079728555993219
16 0.052216563552698
16 0.067792462931475
16 0.072507142389762
16 0.066805446225843
16 0.116230996206944
16 0.165946626699453
16 0.103432951412572
16 0.125957010899721
16 0.176138192317314
16 0.081496003349754
16 0.068062390050783
16 0.112058430889025
16 0.129437252894261
16 0.114960210897271
16 0.062580447425045
16 0.099317163022020
16 0.129427780997965
16 0.087379831183204
16 0.112550542660072
16 0.112470095834833
16 0.053494030892567
16 0.060284370538267
16 0.132882596574619
16 0.061944306422031
16 0.077823367707138
16 0.087679656089023
16 0.074234903633107
16 0.094155504213877
16 0.064137849088198
16 0.201377316480162
16 0.068164253861241
16 0.172973427110555
16 0.082144602144085
16 0.120977152866887
16 0.112097987357458
16 0.131328028411439
16 0.139832590719756
16 0.163649388955845
16 0.082512737099896
16 0.091919784649858
16 0.103067710909104
16 0.111704445958901
16 0.122519832240387
16 0.106073355010913
16 0.064887740032266
16 0.067170731050361
16 0.061881061128786
16 0.080676595410705
16 0.082469448670005
16 0.076239896617285
16 0.084521631274072
16 0.113710120847663
16 0.133690717141517
16 0.099589952579317
16 0.089253271621294
16 0.095898073488043
16 0.099315301294503
16 0.144751166171932
16 0.130554014738264
16 0.128918823510094
16 0.103381122907061
16 0.153573279896040
16 0.097275791065004
16 0.145167746604356
16 0.055346072779610
16 0.086408227317163
16 0.078260362788316
16 0.073632877384299
16 0.096329229671266
16 0.064419886212476
16 0.126415528888181
16 0.170536653534203
16 0.056426976286641
16 0.100964384657055
16 0.128877881970804
16 0.143405175133362
16 0.113738895086966
16 0.069998723062293
16 0.130901022212305
16 0.078548061278076
16 0.102073589091145
16 0.083845469168935
16 0.155698577314218
16 0.076700874454246
16 0.102726782647824
16 0.073130961359944
16 0.089202273626459
16 0.096356559638654
16 0.077189704003323
16 0.133969166755050
16 0.137504924599169
16 0.099187200769236
16 0.080679673001775
16 0.222648581681277
16 0.071644713661111
16 0.142877561976752
16 0.113162486020479
16 0.119903141095525
16 0.072662681388786
16 0.105150098000450
16 0.059185729664229
16 0.118159211053252
16 0.080632543019249
16 0.097351925916950
16 0.127552166778782
16 0.054167603404505
16 0.070383846599884
16 0.103581204524379
16 0.065943312775686
16 0.094639281885772
16 0.087431959657681
16 0.093056135053785
16 0.089889077178365
16 0.107145772169276
16 0.074839434910876
16 0.119522029918837
16 0.160874014729032
16 0.050758481767006
16 0.050165915011775
16 0.082315931209149
16 0.123502965764379
16 0.140340143079092
16 0.137861990850165
16 0.077561984854392
16 0.142896075929708
16 0.125370490409089
16 0.082600280157204
16 0.132361232801938
16 0.123629499916982
16 0.101337291959668
16 0.110342267340884
16 0.126783563699017
16 0.060908491463825
16 0.075582182525316
16 0.091786794500882
16 0.079056242037051
16 0.079086722083723
16 0.109838569504472
16 0.068098915959025
16 0.098199540453698
16 0.054885538300746
16 0.151224180774953
16 0.080565362223007
16 0.186281517137135
16 0.063236589247222
16 0.132230653681036
16 0.085644776447392
16 0.058416972373453
16 0.160155565586527
16 0.116855497248070
16 0.084372055099162
16 0.082414843464852
16 0.060321599349179
16 0.105124407694835
16 0.167356415290529
16 0.080189075275382
16 0.109842733114441
16 0.071234189712107
16 0.110535302907773
16 0.087986937849035
16 0.193885554841569
16 0.139217802678537
16 0.096772965967224
16 0.068683178286011
16 0.099559670983512
16 0.131714790592433
16 0.066506574221726
16 0.141545720447771
16 0.101163440378118
16 0.088397558829230
16 0.103685081473239
16 0.120690735207281
16 0.108619749586725
16 0.045461728352304
16 0.108897396172910
16 0.061958497766493
16 0.086485143400841
16 0.107945550884344
16 0.129020327481126
16 0.079955002779402
16 0.145848570960514
16 0.125276685501533
16 0.127510858517334
16 0.111673700184107
16 0.057983585124502
16 0.048233088216775
16 0.076014743592442
16 0.125590030480955
16 0.068022651665337
16 0.055571832049986
16 0.119515197681592
16 0.077221716724352
16 0.139463096560731
16 0.101454474885779
16 0.109371532118439
16 0.133950485199123
16 0.067022968514622
16 0.100627527157930
16 0.164577678797863
16 0.074059126314516
16 0.113175792863845
16 0.062173458235534
16 0.108195651512174
16 0.095005410109358
16 0.107371546828126
16 0.108467731495988
16 0.101890589748260
16 0.101865811491636
16 0.167433071807874
16 0.118611330519691
16 0.071668819503891
16 0.077334514500938
16 0.067030694846123
16 0.141015483804365
16 0.089502563975807
16 0.118400641876067
16 0.110909640941863
16 0.039235644400997
16 0.112485960325922
16 0.070163630749140
16 0.099063437175048
16 0.135227146140668
16 0.089441900503552
16 0.079105383744685
16 0.077699558703045
16 0.109796282610458
16 0.195038786828381
16 0.136767846783477
16 0.082280453225624
16 0.120489083136407
16 0.136972736166031
16 0.068835876507021
16 0.081879211025962
16 0.063402962206029
16 0.086761060174313
16 0.060871498632449
16 0.159074933269664
16 0.175768487226251
16 0.070072133053627
16 0.082710898330683
16 0.147610929982416
16 0.096897534949714
16 0.115735022938833
16 0.104875898317267
16 0.078043740862795
16 0.069622252900144
16 0.084429978307028
16 0.190973100080198
16 0.076590197882497
16 0.087280850772900
16 0.083925829120667
16 0.115891415564566
16 0.049257967227582
16 0.183385647945153
16 0.043879412615188
16 0.104940933422492
16 0.142570644529253
16 0.168216661548732
16 0.166217220519369
16 0.095490851810358
16 0.086066823654140
16 0.065854276467427
16 0.105061813837067
16 0.123292446076150
16 0.112034050362018
16 0.061232314350620
16 0.142846903354556
16 0.076000044134838
16 0.093574624966144
16 0.075622877152271
16 0.048779293421500
16 0.162665745535153
16 0.230105505420031
16 0.128175364724387
16 0.105351317792453
16 0.095193136011509
16 0.138302357444272
16 0.102342833057061
16 0.074661049998523
16 0.137137032887712
16 0.067575911545984
16 0.154242277998327
16 0.107938980804929
16 0.108643440625228
16 0.065000777922153
16 0.155335245092654
16 0.097842519681091
16 0.212898797654795
16 0.108346047741298
16 0.141193757774410
16 0.074261498829731
16 0.059161876628684
16 0.104088333448315
16 0.091689535435657
16 0.147036926327860
16 0.070249722077515
16 0.090824791984745
16 0.113468873453945
16 0.084594038382764
16 0.067445036017074
16 0.124186316191176
16 0.120919424063781
16 0.063305069896468
16 0.160432656816289
16 0.074626959958873
16 0.071531088790394
16 0.115916422506943
16 0.108285475159098
16 0.166976560693425
16 0.147836635040958
16 0.113044170304600
16 0.184739618478015
16 0.134888461437350
16 0.068039914751422
16 0.109207486196825
16 0.113145069452864
16 0.053671388622082
16 0.088376630472363
16 0.127442100120254
16 0.065150769261764
16 0.057704491540343
16 0.084108710154236
16 0.077382485918443
16 0.119674548595185
16 0.134848613597856
16 0.057588503150238
16 0.097357485751497
16 0.153333859842890
16 0.053394715184008
16 0.112816471173874
16 0.089962900690777
16 0.083452968922749
16 0.082147244284950
16 0.132398433674654
16 0.073369860239975
16 0.181292824873683
16 0.099059877169239
16 0.089396219316411
16 0.142425676346368
16 0.114604148786151
16 0.103250556095850
16 0.111629067810670
16 0.132191785128337
16 0.100981442413609
16 0.066282232942824
16 0.128164700890781
16 0.160832995210069
16 0.156617851628088
16 0.073382785933356
16 0.096752630375135
16 0.108280298819734
16 0.076810180812349
16 0.091479986372903
16 0.080415758633476
16 0.101322723587145
16 0.098407139092958
16 0.129690933087972
16 0.075395505720560
16 0.054156097616027
16 0.084662101171521
16 0.136267377071244
16 0.094047610628716
16 0.114553022720927
16 0.100181872829925
16 0.166503989964336
16 0.099234682054582
16 0.114318576007544
16 0.111360391981751
16 0.151079833439977
16 0.092072231126948
16 0.075773355637695
16 0.053185238126238
16 0.106124902898586
16 0.098679502356793
16 0.080845411244320
16 0.076419817707285
16 0.192593248007927
16 0.066357470157216
16 0.099954816778645
16 0.059652493828401
16 0.082553562874259
16 0.118246641941100
16 0.069469964510782
16 0.142148847704551
16 0.119179209118373
16 0.122490763153714
16 0.088659124622645
16 0.125179392078052
16 0.081027595937290
16 0.074842397935740
16 0.129011788753652
16 0.102843582344790
16 0.099341377350207
16 0.091258551274731
16 0.118328807813927
16 0.073577109184867
16 0.050498871720626
16 0.148013691570647
16 0.157252566568594
16 0.065716376762079
16 0.084954979540784
16 0.123927100945458
16 0.070427478507410
16 0.127922342107112
16 0.116181726714474
16 0.077097567549914
16 0.055117152977422
16 0.108458901754697
16 0.130030644973627
16 0.151370391390012
16 0.084805397508967
16 0.128191206179229
16 0.068240998386213
16 0.110567147305278
16 0.130169863434739
16 0.093104731253259
16 0.058265203424778
16 0.096452733682463
16 0.094754289079059
16 0.182414942721477
16 0.092167952882705
16 0.061826885907523
16 0.075097180312063
16 0.106068265458008
16 0.133745547858591
16 0.117685841716989
16 0.144922193080691
16 0.219053752665311
16 0.067421873588255
16 0.062051907814393
16 0.090711694940249
16 0.210193622120331
16 0.125073850176553
16 0.102595510061243
16 0.102932894441113
16 0.059676308670944
16 0.110298418442677
16 0.087312432810755
16 0.130016945632456
16 0.062709960763586
16 0.084337282228122
16 0.062217748351206
16 0.096565411145244
16 0.058732793937576
16 0.109351257350389
16 0.115452511009495
16 0.054490755014910
16 0.071279895999870
16 0.082509546131829
16 0.094215674717582
16 0.144710337282160
16 0.225365262074769
16 0.123065058363334
16 0.070482933955095
16 0.078069548747414
16 0.100880504967132
16 0.151595519429669
16 0.143763202814600
16 0.116763503405979
16 0.055649423412779
16 0.093283651250675
16 0.063159470903841
16 0.065621523536807
16 0.087596516163108
16 0.065203245127780
16 0.132073588639019
16 0.133845679118822
16 0.099280044262386
16 0.129705415872037
16 0.107494610942002
16 0.183889840701756
16 0.059469716881105
16 0.068895757938221
16 0.123765945679861
16 0.085847556139005
16 0.093454137824519
16 0.085446795986970
16 0.159487204911520
16 0.075782787032628
16 0.103535988069444
16 0.125624506376257
16 0.104691381279202
16 0.121186903249302
16 0.098335389697450
16 0.120495602825820
16 0.149307266642641
16 0.097405952348100
16 0.172325548733082
16 0.084186608912472
16 0.044880372994830
16 0.207495188350701
16 0.103649896350513
16 0.088127681062458
16 0.087937712451124
22 0.347765610550895
22 0.353129978805609
22 0.194585249121757
22 0.360131432976132
22 0.204259825653096
22 0.194833952237993
22 0.218680471422231
22 0.223415850814701
22 0.243058310494053
22 0.231029699625492
22 0.355519095225396
22 0.342680553004999
22 0.330817159539271
22 0.270686828902173
22 0.250287432533751
22 0.160395119826134
22 0.180790923128686
22 0.338973778915985
22 0.207936190363603
22 0.457479088421314
22 0.254170488012410
22 0.166869871812537
22 0.187935577995945
22 0.406424123379142
22 0.507651795081890
22 0.495839653087162
22 0.304597149505999
22 0.206350094697797
22 0.315720285010089
22 0.356058382683999
22 0.467289981045888
22 0.117038023567597
22 0.263929816052184
22 0.472685158486930
22 0.199359828584432
22 0.304048141512681
22 0.464138221401043
22 0.320153942203386
22 0.246991938362689
22 0.217979412915693
22 0.277231484562181
22 0.239285243029749
22 0.306745361110684
22 0.280988349410604
22 0.512068384000009
22 0.242714749359402
22 0.494016282571915
22 0.324157206072932
22 0.105514033562476
22 0.227734750691329
22 0.237142821368608
22 0.200249804433588
22 0.520123471873980
22 0.308464100368008
22 0.428537900782060
22 0.212758803495029
22 0.387335506887908
22 0.213302187854920
22 0.261647716257191
22 0.299612608801950
22 0.214571715727523
22 0.458194809980875
22 0.306046232785955
22 0.240237987525362
22 0.220735916608842
22 0.267366459511514
22 0.335334515695761
22 0.319424655425105
22 0.208197693904856
22 0.184860556703029
22 0.197731765471673
22 0.543935983623587
22 0.187997449106817
22 0.215747056435313
22 0.229212377370303
22 0.187985230105783
22 0.432641087354717
22 0.300609827589294
22 0.233904889706764
22 0.330019246157144
22 0.236225074641913
22 0.253745720403022
22 0.361131708365597
22 0.333364785190176
22 0.461766266353971
22 0.260051912820551
22 0.355160868552666
22 0.375552540917917
22 0.347426981368787
22 0.307096284766918
22 0.344539329111568
22 0.222974677058482
22 0.251063825158934
22 0.319733239582568
22 0.309769197931991
22 0.385792254240376
22 0.210064131529452
22 0.268560355751592
22 0.291143775616005
22 0.434589663355958
22 0.349922790780862
22 0.325490183405386
22 0.322079023767407
22 0.271817903747841
22 0.195248856069886
22 0.407553733557444
22 0.271611153226424
22 0.289547080584705
22 0.213523665237106
22 0.334948679429325
22 0.185242967334774
22 0.204457475276199
22 0.226540496696430
22 0.336507151970005
22 0.385745186279323
22 0.328944532131126
22 0.210381101769352
22 0.269528324930514
22 0.390241727896441
22 0.353784297365578
22 0.375670887165732
22 0.228699459399902
22 0.312440157874235
22 0.340652908949266
22 0.260000752939552
22 0.396376632227280
22 0.265524080887191
22 0.411783673203424
22 0.203279318015022
22 0.360886592463653
22 0.589980262969967
22 0.192834551413115
22 0.378212704058718
22 0.171294248255602
22 0.315589281633973
22 0.528381125323461
22 0.236316555970001
22 0.261921243610117
22 0.362207264054655
22 0.269157803972180
22 0.241802120261379
22 0.242783590459631
22 0.473027626454658
22 0.485048530822702
22 0.296485896219688
22 0.478993940144519
22 0.282170163589135
22 0.393523981342603
22 0.384846453635332
22 0.145244629803299
22 0.398682444241293
22 0.251077197331926
22 0.262516865858122
22 0.294345708058377
22 0.232466276083309
22 0.217368657113245
22 0.215677631273704
22 0.326282047548351
22 0.214486710389460
22 0.363931156151758
22 0.409414194036777
22 0.338558817161156
22 0.510760323669070
22 0.225294656619381
22 0.263443516122725
22 0.229288044020172
22 0.152430425993788
22 0.187128877685603
22 0.518315963162440
22 0.324479378834078
22 0.300690565100124
22 0.364922267771795
22 0.273203811298489
22 0.251353841155587
22 0.304267317432508
22 0.425675357585072
22 0.410725091629859
22 0.243298378918713
22 0.300983159266138
22 0.335623063969641
22 0.175210053635591
22 0.263674046553409
22 0.200555843145360
22 0.329622947392685
22 0.554886695297197
22 0.438891167139371
22 0.345829511881854
22 0.172355533902940
22 0.421235457246858
22 0.310908681268886
22 0.273468835980095
22 0.384227717218717
22 0.200823383725013
22 0.513772746921850
22 0.345459420973777
22 0.359390821134752
22 0.411740403303873
22 0.547425332213360
22 0.311583264257305
22 0.350238682463559
22 0.592678560269027
22 0.338706476500657
22 0.464735482539323
22 0.382618821721715
22 0.343746013299231
22 0.273748415693804
22 0.575526985070947
22 0.249531309831720
22 0.515397890319344
22 0.238891220550638
22 0.485376756307557
22 0.233674156611235
22 0.160456981985902
22 0.673964808145066
22 0.394441978807187
22 0.231748349410191
22 0.318034733020267
22 0.151250265041744
22 0.368476425316645
22 0.380558791277849
22 0.318581219220391
22 0.257261385354269
22 0.461952206857341
22 0.309807903289857
22 0.280768821809873
22 0.243097280257591
22 0.490475325090066
22 0.450832131454375
22 0.664662270420913
22 0.354224008661760
22 0.354308756734879
22 0.247208409754217
22 0.440673974647058
22 0.355953500000506
22 0.278215647253934
22 0.249259112582010
22 0.339582602150648
22 0.326354513072204
22 0.489138180617577
22 0.345576909504048
22 0.248812955689207
22 0.283882001764532
22 0.279844816938492
22 0.197897066789623
22 0.260357820800876
22 0.394295077122023
22 0.389897715838755
22 0.319572057550349
22 0.401880633380891
22 0.244993600552489
22 0.409082804232062
22 0.350916907520148
22 0.304699535326518
22 0.463748015700937
22 0.292035322907440
22 0.334389631077328
22 0.383000676714445
22 0.185153896187174
22 0.255955739498937
22 0.261639365477763
22 0.284942606278407
22 0.307322481793448
22 0.197986793977602
22 0.322992516221776
22 0.319736484110180
22 0.297727925737828
22 0.323392596126380
22 0.319127040406858
22 0.276227930227496
22 0.205703893500104
22 0.287953865156486
22 0.199419191302319
22 0.551411114841353
22 0.376406728066507
22 0.279894476520808
22 0.244892298566290
22 0.616126489867044
22 0.331014424660816
22 0.368172225474189
22 0.351583739269045
22 0.347430993730712
22 0.258692931941150
22 0.449736160505726
22 0.269209756616668
22 0.252537401257498
22 0.251045092418364
22 0.321155755780372
22 0.338533002038521
22 0.432776831351440
22 0.279414115959466
22 0.401352085043462
22 0.238244545815758
22 0.188176617056047
22 0.397407675484155
22 0.262288087309939
22 0.406125322577587
22 0.155856455856321
22 0.191365547658794
22 0.271956713023542
22 0.571379092500189
22 0.305046309133446
22 0.294566080197338
22 0.361475497679522
22 0.254244061072145
22 0.220764553022624
22 0.226903222294671
22 0.245374003645816
22 0.204890615978826
22 0.227787096058161
22 0.266562361145667
22 0.404121326230408
22 0.292614548279653
22 0.231255924257264
22 0.276391023812884
22 0.204251379228546
22 0.311638074192290
22 0.199583632271173
22 0.327663941223970
22 0.448181218578919
22 0.608776126632335
22 0.156199411274480
22 0.366937491878378
22 0.200160733511678
22 0.257840823891075
22 0.428315698401361
22 0.218487918624601
22 0.156891988831881
22 0.268461462444491
22 0.383810013962211
22 0.375917375367982
22 0.348934392709287
22 0.217453749730380
22 0.448198383360524
22 0.287745358407969
22 0.236049944998026
22 0.306581131511673
22 0.379034135618751
22 0.298177554076322
22 0.554406484484866
22 0.460751103919084
22 0.168500245690413
22 0.316613909928146
22 0.523440940552756
22 0.222599582715299
22 0.358133642884223
22 0.297567663142444
22 0.227538681334796
22 0.305737482576205
22 0.317725713307945
22 0.280211179343826
22 0.272088914984367
22 0.620329877077505
22 0.157077785377839
22 0.245497367124853
22 0.550021175461675
22 0.272163614858861
22 0.218126446736203
22 0.412791034922372
22 0.267457828861777
22 0.568272694127142
22 0.316315793631631
22 0.329831463874304
22 0.498625580189125
22 0.269856458416432
22 0.413993803493401
22 0.224057690501095
22 0.348331784868291
22 0.366058129464636
22 0.253947237579421
22 0.313286868342581
22 0.165072210751315
22 0.428001255718216
22 0.197807078961054
22 0.327729427561861
22 0.188024460256426
22 0.446507138955632
22 0.350104846574191
22 0.178381235893934
22 0.278823385765472
22 0.247690967418560
22 0.185746679347073
22 0.210266103689393
22 0.257891392838701
22 0.326299152759588
22 0.231779228286485
22 0.292503067763814
22 0.352719306625049
22 0.197041872412969
22 0.375584855955544
22 0.511698638539061
22 0.196333197376824
22 0.316649909638233
22 0.224035468254085
22 0.226336038633960
22 0.242202657799236
22 0.246233698291124
22 0.511243485557693
22 0.184594294108248
22 0.312250027526395
22 0.429635409656632
22 0.750807003768376
22 0.264208922021459
22 0.307015737279652
22 0.286880040446134
22 0.208239400213381
22 0.325462873567544
22 0.448836907144564
22 0.297385128599412
22 0.312664685852740
22 0.249482086998432
22 0.321138590809615
22 0.338709334661226
22 0.179967055713412
22 0.205124001365094
22 0.597488426582706
22 0.243722163563668
22 0.374439987693339
22 0.305626043225430
22 0.285345699943102
22 0.236551721471953
22 0.922829838640276
22 0.441030661384898
22 0.249980828792923
22 0.210949825781080
22 0.259467135323512
22 0.569977516802453
22 0.328781683715715
22 0.167471809071336
22 0.168847652824755
22 0.387258338828914
22 0.190928461941161
22 0.441371562497599
22 0.287306004762085
22 0.348869978936292
22 0.221704085872830
22 0.234435805652710
22 0.206096062191273
22 0.433411625224889
22 0.480704816608458
22 0.326754892672111
22 0.450412459575186
22 0.154519971163747
22 0.414611384351998
22 0.307604495856045
22 0.173059860927108
22 0.312661343648519
22 0.319234009930108
22 0.282385798105588
22 0.187611061837365
22 0.248705435910196
22 0.383013268149230
22 0.204938449596908
22 0.399672874668235
22 0.330534883671926
22 0.449980916698060
22 0.233982588557204
22 0.196260532267090
22 0.242472130869225
22 0.259410142180188
22 0.337390743452354
22 0.230898114942979
22 0.423309705813979
22 0.197739438583298
22 0.251602562326399
22 0.388943443947631
22 0.335335347700242
22 0.480505161124769
22 0.260490767063925
22 0.493974819134527
22 0.366965561249603
22 0.218805282750125
22 0.333832832301730
22 0.384905048978713
22 0.278015820093992
22 0.198697688382633
22 0.394078360710903
22 0.231964542477272
22 0.290383021013835
22 0.342083821165609
22 0.206002434236852
22 0.376363960883824
22 0.251260252475506
22 0.351365366856289
22 0.432680455214943
22 0.323569067752049
22 0.352194224463271
22 0.194739746334812
22 0.274098602904815
22 0.405177316682673
22 0.398192564352206
22 0.440168931221633
22 0.616857942090764
22 0.411291818485375
22 0.498613198183271
22 0.154778256500296
22 0.142666764515229
22 0.349014893093124
22 0.261020158418440
22 0.181567857243400
22 0.552644258096128
28 1.020497523142195
28 0.646745331288081
28 0.799706214082796
28 1.112284438580445
28 0.842330747064658
28 0.703014131445418
28 0.589221980104671
28 0.864283874013045
28 0.672737261818242
28 1.051416190821531
28 0.370320466232411
28 0.542784659617507
28 0.527917280270811
28 0.530937593650529
28 0.669978449245958
28 0.649818866558587
28 0.955402884464291
28 0.346592759811010
28 0.791506082896339
28 0.512836603239765
28 0.528055776471228
28 0.485019136950125
28 0.461554886975503
28 0.993677302076176
28 0.687339271946589
28 0.454655302135453
28 0.665453489394355
28 0.378725146521424
28 0.704458413861182
28 0.744361895052393
28 0.632054400710725
28 0.500118972128553
28 1.239364289205732
28 0.794928315306726
28 0.545370622070106
28 0.407806738119460
28 0.536407447501441
28 0.401970837551625
28 0.497758263053838
28 0.407682764284703
28 0.559318372200637
28 0.720898126935118
28 0.452720562941926
28 0.652646545487149
28 0.744096028812308
28 0.758038885671805
28 0.928227335856608
28 0.542775225775618
28 0.884019902627174
28 0.634473839608224
28 0.548979983416513
28 0.725598537399550
28 0.688251711869995
28 0.536894464083892
28 0.687702170090944
28 0.674620415532003
28 0.481796430308782
28 0.455559069569868
28 0.895245255495871
28 0.864978964637569
28 0.315215152306515
28 0.396136260463629
28 0.911075758330606
28 0.540316982534197
28 0.596760857552504
28 0.699515872776042
28 0.463017583081758
28 0.566656839094274
28 0.391039871255140
28 1.019853652362583
28 0.574455142192590
28 0.778056059335214
28 0.695870388452135
28 0.466873977091830
28 0.491873071471544
28 0.573871973703749
28 0.576609267809592
28 0.334319636813566
28 0.709515709734595
28 1.201121616392069
28 0.659936100948915
28 0.635023112443418
28 0.944561834600416
28 0.565192519470517
28 0.614709550483497
28 0.481778744047234
28 0.954395993936119
28 0.605075350939269
28 0.563808960960766
28 1.009916372380687
28 0.531568007608822
28 0.739001996012010
28 0.943123675256652
28 0.698117503011940
28 0.781942812163193
28 1.076330579672315
28 0.576122948984849
28 0.790026131944658
28 0.530768583970544
28 0.782578751755660
28 0.719200701218748
28 0.919684191092823
28 0.744960408848745
28 0.400626384003020
28 0.844273892210569
28 0.604771706620355
28 0.414073214359577
28 0.598918116954946
28 0.433385143194404
28 0.663752224531089
28 0.846832551529378
28 0.380775915005129
28 0.511229472197638
28 1.156380388455913
28 0.793347475657508
28 0.437265835990644
28 0.788958101410215
28 0.538528112065153
28 0.682755270888522
28 0.755401679519212
28 0.666378707126889
28 0.448648251884810
28 0.364795085226291
28 0.341351345405007
28 0.576450355452255
28 0.474345120354895
28 0.840623618750374
28 0.865591695910910
28 0.520928609729943
28 1.098057456463814
28 0.572851734693487
28 0.600906865362810
28 0.575409148947688
28 0.472721013667758
28 0.399106182268069
28 0.736283857502706
28 0.429018691444015
28 0.629531180353491
28 0.576786647563002
28 0.551291241542271
28 0.573699991161996
28 0.457534838010857
28 0.541223652145005
28 1.025531189803194
28 0.841500791399540
28 0.504479773036014
28 0.734287802609419
28 0.347940324157513
28 0.571835869615616
28 1.147117404713533
28 0.548632078930075
28 0.980451968781457
28 0.925156167307672
28 0.772095592937210
28 1.155941962335333
28 0.375347544157624
28 1.007355363126710
28 0.455813851145112
28 0.456074184774369
28 0.512553878832126
28 0.691829767176004
28 0.491592553613007
28 0.432326953186246
28 0.511195205361227
28 0.883397229305041
28 0.914491732923102
28 1.102089982122370
28 0.500562209525864
28 0.980403904850293
28 0.440751679033985
28 0.851608508634258
28 0.752978699140467
28 0.367173321931729
28 0.983046500501709
28 0.716138564579765
28 0.486426480545020
28 0.521700068535944
28 0.407958359532286
28 0.504586338256097
28 1.405291102486183
28 1.014972871198678
28 1.343910067666330
28 1.038307630006553
28 0.678436995038194
28 0.543153762934747
28 0.800993741448297
28 0.834719365041062
28 1.366292384475828
28 0.557042783217572
28 0.660327372815114
28 0.874072759076808
28 0.896288394851118
28 0.841687701319712
28 0.651747961534730
28 0.855977753037449
28 0.577028480537619
28 0.277439401270474
28 1.121734014043970
28 0.873364599148953
28 1.222799623753714
28 0.399798176131910
28 1.096715244289325
28 0.515884105562348
28 0.384146513954819
28 0.692011429650924
28 0.975920484501045
28 0.342667823791070
28 0.635822985681337
28 0.796962165670000
28 0.647897239386275
28 1.585603523784881
28 0.646898309229781
28 0.852081435234629
28 0.677377799797762
28 1.072674953067829
28 0.495557209091640
28 0.659660507695864
28 0.580043072173329
28 1.058203216132829
28 0.428208516729619
28 0.691207017433102
28 0.524448063769881
28 0.326367463296526
28 0.428212501257315
28 0.917386128561178
28 0.657758609956218
28 0.885625232545492
28 0.672893901770791
28 0.989864739962377
28 0.900923970338352
28 0.343456274741516
28 0.902049473645655
28 0.815856546260264
28 0.394028053247289
28 0.684970728814005
28 0.837096838771733
28 0.585049884824604
28 0.505409224267588
28 0.999149948438459
28 1.021447773233954
28 1.236657491232211
28 0.960248607448361
28 0.346613906409107
28 0.948289224330932
28 0.537267550718160
28 0.462839332958166
28 0.426814893087274
28 0.480194513616639
28 0.568868274735404
28 0.906226690375395
28 0.655340719483912
28 0.946270709451193
28 0.872230903450003
28 0.843834042396778
28 0.589588183287874
28 0.963880631650077
28 0.660933739508362
28 0.710420296515276
28 0.311869542657177
28 0.612189943112362
28 0.624583967250421
28 0.851534422444371
28 0.500691588294251
28 0.677408986912962
28 0.483862209853236
28 0.650267290759690
28 1.231748074292093
28 0.671901214277026
28 0.664317067038640
28 1.045169324873835
28 0.533460964292255
28 0.549144270082771
28 0.273161914903506
28 0.355613760789081
28 0.701387187811853
28 0.765689765085060
28 0.328972666909079
28 0.607622589597398
28 0.812846262354475
28 0.577917260922111
28 0.610160175215658
28 0.522075039439094
28 0.620673653855340
28 1.269401374713018
28 1.162882955514726
28 0.325876853050289
28 0.514328023861655
28 0.388154261970159
28 0.987361534999906
28 0.907833870676686
28 0.393245970050648
28 0.468461343341008
28 0.376304500155026
28 0.796219442266533
28 0.480788085040500
28 0.678752986130085
28 0.706729547187400
28 0.440305934229531
28 0.702361206450408
28 0.346362000793959
28 0.597957421552229
28 0.817635532126364
28 0.649365488980250
28 0.386933993032884
28 0.456899780043297
28 0.668301397998590
28 0.606049420971938
28 0.569733811306901
28 0.872039319005878
28 0.568428773756252
28 0.706822418196555
28 0.525633091058130
28 0.510618292492879
28 0.872325374522900
28 0.551609151800478
28 0.366586281205021
28 0.877409418131290
28 0.967375048959189
28 0.593549402003141
28 0.631235530739998
28 0.968443943642771
28 1.017411064976072
28 0.615595237932269
28 0.772322163269682
28 0.587458764231553
28 0.759161906873112
28 0.908003292928367
28 0.324018754936630
28 0.812935579647251
28 0.653067651387263
28 1.029284813411365
28 0.635047257893976
28 1.064968750080150
28 1.243618077314254
28 0.733324053281711
28 0.608832235785024
28 0.481043984483133
28 0.707818509218881
28 0.692997270729506
28 1.367670602140368
28 0.810896081036393
28 0.645255770920345
28 0.922034877878288
28 0.580630995842823
28 0.756473364086509
28 0.371961239329808
28 0.451464398164894
28 0.489849025737501
28 0.659600886068111
28 0.655283602989964
28 0.717722206310257
28 1.054686894935000
28 0.844934200296999
28 0.590033543942953
28 0.726134230451145
28 0.445359467672953
28 0.591933826656303
28 0.922856695003487
28 0.312935888259211
28 0.457596812545245
28 0.804815066347420
28 0.819194288840619
28 1.492671774779478
28 0.791783704872950
28 0.539611526541605
28 0.778633803520374
28 0.482845221649879
28 0.504247431193896
28 0.517754479177151
28 0.946895126716910
28 0.746059411777258
28 0.588807270895660
28 0.848152670892121
28 0.816061290120329
28 1.032703651821681
28 0.797518141767751
28 0.407322887988220
28 0.703441158636553
28 0.471769453234830
28 0.583473973527886
28 0.547777900196229
28 0.884369228031220
28 0.605890968012906
28 1.513414075091212
28 0.755882879599348
28 0.540129004105743
28 0.467336895500590
28 0.348561704432364
28 0.546800066820427
28 0.731176611866135
28 0.596502997249213
28 0.745264347658879
28 1.251431909276236
28 0.390425192306447
28 0.662779199857026
28 0.547309721071953
28 0.765697126633373
28 0.662702080981453
28 0.408867764582395
28 0.389655007109070
28 0.348428013435659
28 0.893468339303316
28 0.460332193898832
28 0.666691034972569
28 0.570854492361009
28 0.384959574323577
28 0.559528743700967
28 0.508101895229543
28 0.748987750282741
28 0.619679200536404
28 0.913926969846590
28 1.017802980264365
28 1.025622959145602
28 0.516266966956368
28 0.914126519363498
28 0.578851558230581
28 0.960613174075434
28 0.592096691877063
28 0.829829831591175
28 0.412135246377956
28 1.088933116570695
28 0.994037366121711
28 0.453895743809658
28 0.479563389819069
28 0.825198844134902
28 0.662806917108285
28 0.607007851254599
28 0.746828496391580
28 0.994405395461462
28 0.427706714381586
28 0.727070129224766
28 0.388210316464597
28 1.072490342459240
28 0.428308872391594
28 0.774752037172575
28 1.273440773158684
28 0.721739595147124
28 0.764538119466615
28 0.735048380799326
28 0.597831912346023
28 0.610184349601306
28 0.596875108660276
28 0.766022617207446
28 0.852699537332309
28 0.608523677080253
28 0.649040502073570
28 0.827511863511930
28 0.894495151152305
28 0.597892855797933
28 1.004011529566244
28 0.417078832392543
28 1.471199810007835
28 0.936029418221595
28 0.450700240699607
28 0.947140232307558
28 0.649908585952368
28 1.057486820931067
28 0.869682904976033
28 0.828826989246160
28 0.538631166774096
28 0.716102356253279
28 0.642586194220004
28 0.527176172023654
28 0.666062529074265
28 0.734495745446877
28 0.558797705826926
28 0.841669055217283
28 0.400347188111382
28 0.742604253140679
28 0.558017143090977
28 0.804272312886784
28 1.063233780623387
28 0.457251597001600
28 0.497343406619958
28 0.625808131650163
28 0.733038088709374
28 0.378695601814834
28 0.513198061506687
28 1.086319452614029
28 0.618004950777326
28 0.474415534422540
28 1.142134857663822
28 0.580270912909904
28 0.468780074091507
28 0.467586267144724
28 0.313358432625050
28 0.653068512751676
28 0.701280182433567
28 0.703481068237940
28 1.240065293714149
28 0.443698899816017
28 1.298337920376174
28 0.398962023704661
28 0.768116850839228
28 0.711948240999967
28 0.724670008765068
28 1.340160556615861
28 0.643580560809955
28 1.042086371903448
28 1.094126862526065
34 1.169893922313797
34 0.720003845582719
34 0.902993134779845
34 0.903264320824390
34 1.244589523821087
34 1.407861962797504
34 1.300122406042423
34 2.017818461606550
34 0.817982964671165
34 1.377605646875452
34 1.641415525424963
34 1.406925413608366
34 0.984478690107664
34 0.704762380754872
34 1.719218217131106
34 0.781678299310995
34 0.911902294826572
34 0.976002621241213
34 1.734939183582219
34 0.987203785211299
34 1.539424978937498
34 1.197632268244284
34 1.495412613964898
34 0.787932303322136
34 0.744487583483506
34 1.213497218658199
34 1.076592059042127
34 1.522829586070445
34 0.848009847696287
34 0.822269738040683
34 0.883753469691339
34 0.889160216066637
34 1.106280498758381
34 0.809322385556843
34 1.116754543213593
34 1.451712662888974
34 1.126275994347925
34 1.319435319918516
34 1.005301177522584
34 1.494273136035698
34 1.931868126884769
34 1.327854278065323
34 1.687908862030997
34 1.108959066123067
34 1.726484850426635
34 1.481745130393517
34 1.005694272621638
34 1.318062899046944
34 1.218106377908901
34 2.210754762163687
34 0.937471059656582
34 1.280453173183780
34 0.791241813292800
34 0.945517184582806
34 0.690774123836277
34 0.907282470601650
34 1.707772966553532
34 1.293868449280242
34 1.025371899219383
34 2.214224294513604
34 1.349984540842484
34 2.318861251258931
34 1.218091029317195
34 1.500128402629072
34 0.897739299774782
34 1.729081714699744
34 0.877226143467456
34 1.308518800591746
34 0.489489730022847
34 0.943708830097489
34 0.941768260728180
34 1.407847475525785
34 1.530328889924350
34 1.310998479440461
34 1.666381634366642
34 0.924273359604735
34 0.924311275513805
34 1.017797860594723
34 0.940456065205392
34 1.776875832803426
34 1.070544552431385
34 0.806423813605250
34 1.780581128399669
34 1.017808168000457
34 1.797061216545506
34 1.100093427811187
34 0.828069283697612
34 1.099978780471374
34 0.595367704659868
34 0.950370534809239
34 1.467651127192902
34 1.263731926019920
34 2.006047143702980
34 3.494922392565095
34 1.131629159132051
34 1.139600270925344
34 0.867015285626036
34 0.723417143319075
34 1.062948675925880
34 1.780214629015439
34 0.772383228417473
34 1.024301654836765
34 0.906005468647456
34 0.816327144952084
34 1.256203458523610
34 1.160877477346832
34 1.689887331378342
34 0.513630696366236
34 1.597710764361771
34 1.267810870056797
34 1.357705981779542
34 1.917006678742955
34 1.358180736451333
34 0.825059815650646
34 1.475222336266843
34 1.424520307275297
34 0.808077538254474
34 1.668043532092328
34 1.011726331533399
34 1.114667589593985
34 1.161778561551188
34 0.781004952994055
34 1.050002507950003
34 1.774043056804766
34 0.809368312093185
34 1.289766033017027
34 1.087806519066045
34 1.197928120304103
34 1.294998946832506
34 0.645556330284356
34 1.043498111062018
34 0.757382896540488
34 1.277250330008828
34 0.989348181566591
34 1.925727163245805
34 1.672220961356836
34 1.592753773900888
34 0.995182906588694
34 1.716742723232976
34 1.124438653468468
34 1.783751735237672
34 1.292943483303967
34 1.130406977819653
34 1.511636476663640
34 1.035002888081060
34 1.149057238775696
34 0.859727707272430
34 1.111379287940662
34 1.222740621869035
34 0.859091794463218
34 1.450507873526266
34 0.803104546190633
34 0.918973354833976
34 1.609326738847773
34 1.385801918095182
34 1.129413855868790
34 1.023081509000414
34 0.993155901383401
34 0.823828492363933
34 2.069421605616144
34 1.131963097339878
34 0.878742115624150
34 1.797139971417727
34 0.793613202760159
34 0.975075843319373
34 1.140510395488401
34 0.772097516116117
34 1.190257303996885
34 2.224647287851413
34 1.202028894432134
34 1.530788132882909
34 1.562455849320295
34 0.981607593206306
34 2.241867204824032
34 1.048591862312882
34 1.927455965226334
34 1.368696487771583
34 0.565322972487764
34 1.101824613988860
34 0.929938049750934
34 1.123497089195195
34 1.715130486741862
34 1.506258020647988
34 0.478890413422874
34 1.000322772483554
34 1.117541836237274
34 0.998220353931503
34 1.168951193711180
34 1.214557171173619
34 0.862484974773931
34 1.896172359388773
34 1.131516231600194
34 1.512879800180089
34 0.936398127961261
34 1.190456671605859
34 1.148792664894041
34 1.162724309805282
34 1.013601717075811
34 1.474209213617018
34 0.953144729069188
34 1.690669984708939
34 1.095540236941935
34 1.416108475214186
34 1.473803361340996
34 1.632075162995680
34 0.521747571640770
34 0.723715999064318
34 1.122474627889825
34 0.622817643073710
34 0.827739207920667
34 0.961489367300612
34 1.352441358312494
34 1.127911333438783
34 1.607648598170089
34 1.336849769612478
34 1.369689980168193
34 1.784270691477659
34 1.243396816829206
34 1.278731898761149
34 1.292267699287079
34 1.214643351137918
34 1.600985542867980
34 1.176521745399056
34 1.662718849835248
34 1.096434178826696
34 1.061604277411680
34 1.500679166183546
34 1.407998047840020
34 1.285716343994260
34 0.675909539313575
34 1.309568273107350
34 1.046356606059024
34 1.780921530553989
34 1.077868093112977
34 1.115241903664425
34 1.466558718574770
34 0.715936094675413
34 0.740674002662224
34 1.620737644596324
34 1.416042867676006
34 1.076760991586087
34 1.292308847438159
34 1.895319448382807
34 0.763888592027293
34 1.669863834815298
34 0.782814318592112
34 1.626561650898219
34 0.528744874836669
34 0.781884910216487
34 1.231100828165676
34 0.918981767300947
34 1.355313034522977
34 1.650023043998320
34 1.014594113441476
34 1.484351480023222
34 1.657231323147506
34 1.089614917793276
34 1.041909431147878
34 0.761416723862470
34 1.081186214717600
34 1.627931842809209
34 0.569833962133200
34 0.791353853179621
34 2.154761735722508
34 1.457651661608774
34 1.482947938273569
34 1.329623991889953
34 0.902467466478226
34 1.009145606501394
34 1.279697185056460
34 1.313678091366890
34 2.564737865690251
34 1.563350374893404
34 0.843186394392839
34 2.751246623251282
34 1.477064570811855
34 1.059792437405110
34 1.174414340117604
34 1.950823426304288
34 0.771534937414423
34 0.892705704125370
34 1.913635656247638
34 0.894263774986420
34 1.609051376550824
34 1.303571110013276
34 2.149408457812742
34 0.813778264316091
34 1.368340547216128
34 1.167274890576205
34 1.520067531334181
34 1.450350809150510
34 0.817207367199097
34 0.543530097915122
34 0.962563956553620
34 1.340467371906462
34 1.129022601811375
34 1.018633123042923
34 1.319650220215183
34 1.393160648458725
34 1.194451305619982
34 1.104828296432271
34 1.130761724714026
34 1.140767539097432
34 2.685615675314045
34 2.016295477468691
34 0.767213506032677
34 1.595896084144758
34 1.315733115437351
34 2.178377322697103
34 1.041134866581271
34 1.566018001635641
34 0.761609683215028
34 0.672813038680067
34 1.267572288076684
34 1.641408717917268
34 0.926532017529732
34 1.381249453018348
34 1.412956472319745
34 0.793798913247016
34 0.835883472796785
34 1.052656418781046
34 0.735268260872408
34 1.185432407704590
34 0.992552189447006
34 1.104238556219107
34 0.700002150658436
34 1.528085370458700
34 1.046032883293858
34 1.318008847308960
34 1.262786841367794
34 1.376718375539623
34 1.761401714220185
34 1.250467939813129
34 1.511090379268700
34 1.456198693141490
34 0.938388373340886
34 1.429589085379621
34 0.640164364665853
34 1.381668933177617
34 1.391126951943247
34 1.100666230220100
34 1.048611406931577
34 0.895598343443153
34 0.754438647805099
34 2.216517253280771
34 0.416232549150863
34 1.981316123230381
34 0.790242797015774
34 1.637274099025984
34 0.825320725546328
34 0.920822391876027
34 1.204040330248262
34 0.752903177064623
34 2.112993660899422
34 2.455537280397246
34 2.498763291293601
34 1.124041108729493
34 2.294624729498891
34 1.116900088117023
34 1.560628659649392
34 0.671625217886897
34 1.900117634411077
34 1.095168085845977
34 1.065831421679769
34 1.678676622038800
34 0.874311890578426
34 1.729982205989709
34 1.714514111364922
34 0.776956064032998
34 0.897506822624621
34 1.872122551727560
34 0.857970923466791
34 0.740240753545171
34 0.950097329472887
34 2.288307727910240
34 1.001699903410888
34 0.621205811871281
34 1.210502828926367
34 0.612503988810039
34 1.355531272516665
34 1.909150977767407
34 0.851012636409472
34 1.273090135687933
34 1.279372905999097
34 0.636184804586777
34 1.127436971478921
34 1.383188530333951
34 1.574756982143564
34 1.072040721104619
34 1.690572123016012
34 1.033576957579687
34 1.154674623893142
34 1.500913594999383
34 1.381187251082558
34 2.647997443671655
34 0.864700620403471
34 1.536422319642481
34 1.294440141815157
34 1.206828123562834
34 1.114779358739603
34 1.626178776578946
34 2.173213567658212
34 1.303262573079549
34 0.912616139821241
34 0.962571048649014
34 1.081828961993759
34 0.997230419080809
34 1.709965525215130
34 0.960180020744553
34 1.173071320995860
34 0.920584780710266
34 0.811492749604636
34 1.451368269785169
34 1.216136598271759
34 0.669037542112369
34 0.812568386834533
34 1.556234974406465
34 1.184556086556409
34 1.755235474222838
34 1.176515611936420
34 0.819765653485116
34 1.267913789368923
34 0.962518286096234
34 1.848661083371623
34 1.283557906512714
34 1.163731470459785
34 0.596502932491189
34 2.203020354474925
34 1.053098677328297
34 0.786082296669408
34 1.066360171250414
34 1.507892262483061
34 0.907146600130563
34 2.232452272995428
34 0.905814547848716
34 0.875909267319709
34 1.040741195956882
34 0.616416852103199
34 1.411154564453570
34 0.888400828447690
34 1.030938381328690
34 0.813182232455839
34 1.067658595116606
34 1.548457738733011
34 0.629279451073518
34 1.290135776616031
34 1.277243697260873
34 1.494679117472697
34 2.058701773032476
34 0.632557168423578
34 0.761636856165941
34 0.976847131356767
34 0.929317037576139
34 0.753060487439331
34 2.807286569248154
34 0.643878417823122
34 0.756443308808466
34 1.767369178961350
34 1.048648915514769
34 1.199072966620368
34 0.876794660423397
34 1.135045029080795
34 1.120555467825396
34 0.645443788180885
34 1.237400387367499
34 2.696675281958567
34 1.324761383063882
34 0.820905056678478
34 1.429972366662160
34 0.939687294431976
34 1.179606978871228
34 1.407948297810000
34 1.076032386994691
34 2.258261196501076
34 1.139190263885012
34 1.951603577084422
34 1.244316442416832
34 0.718032427015761
34 1.882370935835975
34 1.661804675731560
34 1.487759771695363
34 2.392016868126052
34 1.115781067361601
34 1.440848038646668
34 1.155429914908661
34 1.204486574100318
34 1.408817239320151
34 0.849917147464295
34 0.977657467876530
34 1.015247780259228
34 1.595429962157976
34 1.168962389895111
34 1.323800202103921
34 1.300188888325254
34 0.936247322181829
34 1.393005538595887
34 1.486113310708448
34 0.811825986630820
34 1.986921067388168
34 0.924049890666914
40 1.676007044355503
40 1.232334188243257
40 2.299460631906106
40 2.292016405578407
40 1.815386594316642
40 1.988683445591883
40 1.974934688766712
40 3.000099091594848
40 2.142731227598029
40 1.848897008907297
40 1.014947975917451
40 2.018442053170339
40 1.709207906510000
40 2.153332156458188
40 2.365483957694257
40 2.755617297160497
40 2.627368809765070
40 2.318938385914874
40 1.746921641791986
40 1.903842683217528
40 2.109308494209483
40 2.273525378657350
40 1.669620722490755
40 0.953432976435666
40 3.438663538947573
40 2.603862622878568
40 3.634565648611526
40 1.336752903539280
40 1.762753646126855
40 1.198518936043710
40 2.691027483122451
40 1.562078809608328
40 1.989909734355372
40 1.730540244510319
40 1.308812499898960
40 2.080146844289411
40 1.279008007622210
40 2.652407461770988
40 2.123900987890096
40 1.705438585199943
40 2.889780181410519
40 1.353368185336381
40 1.065943296990268
40 2.273440974858392
40 2.066977843681668
40 1.900356555485612
40 2.156535911313576
40 2.182625077316473
40 0.952643356085895
40 1.886239826463285
40 2.065132886669562
40 1.532366282521782
40 0.991316988124770
40 2.225787511259162
40 1.652246116380686
40 1.504422853852565
40 2.075294084162417
40 1.248194273344734
40 1.897297436037181
40 2.043705865861611
40 0.986416990248077
40 1.073461088681295
40 2.009279679644361
40 3.511679756558715
40 1.338848656107604
40 1.659065028266193
40 1.547837431051388
40 2.118325613158659
40 2.283337681953190
40 1.899212039707189
40 2.238805130214458
40 1.595247614348292
40 1.394811665492083
40 0.930481829855153
40 0.843297863631374
40 2.279758750580281
40 2.094258365793451
40 2.058962083429558
40 2.893506367831231
40 2.340804776858050
40 4.396179031978501
40 1.493108921518555
40 2.049346970717792
40 2.968115444637457
40 2.192786155018815
40 2.179131360202362
40 1.160158290755321
40 1.799075727636565
40 1.577261355761395
40 1.005099397236540
40 3.792991034552667
40 1.940595127920841
40 3.010523730396535
40 0.924212132665390
40 1.866470829062674
40 1.322541120903690
40 1.561130896537875
40 2.660857787169569
40 1.602085287049137
40 1.718945419175343
40 2.246008166845602
40 2.173166682978223
40 1.557163252707626
40 1.673718064571256
40 2.483994147684562
40 1.364895810948839
40 2.048826436642091
40 1.659055290844448
40 1.789705943104183
40 1.249300127234239
40 1.923965081838510
40 2.059511901742983
40 3.033270855978776
40 2.127607073472650
40 1.950305214406958
40 1.679236335128467
40 1.502276555392058
40 2.197885646450535
40 2.308046637796354
40 1.410773314701965
40 1.400272409110728
40 1.684676339872210
40 1.692917473793150
40 1.957720757337425
40 1.776530368833017
40 2.066230309176081
40 1.011845827605680
40 1.332349584025291
40 1.620007500757991
40 1.256692281087590
40 1.924208930198986
40 1.212829342012883
40 2.030254990420568
40 1.851715061923866
40 2.005368616838584
40 3.458962492866627
40 1.108632908257668
40 1.975370052803838
40 1.728230459990629
40 1.845096078715180
40 3.250767907949009
40 1.469176673482617
40 1.566740043622881
40 1.699571604947559
40 1.182132956423978
40 1.948371385105467
40 1.939029601506534
40 1.175204908899900
40 2.634626249493625
40 1.250994098066449
40 1.712036075346944
40 1.129380335676354
40 1.270133825012241
40 1.409026834861205
40 1.229358256613968
40 1.269486840209382
40 1.060779835997586
40 1.646542364951456
40 1.876460279281588
40 2.485120243760049
40 1.555762036092757
40 1.312390743936948
40 2.689384685450332
40 2.686363732087276
40 2.839719442228235
40 0.963370413270765
40 1.108212081413742
40 1.760663016032419
40 1.454040088530663
40 1.088002114179455
40 2.842670604078573
40 2.262218644112789
40 2.295927292032065
40 2.813718269115735
40 1.758039399714389
40 2.488519706902641
40 1.213306499340771
40 2.107022055991321
40 1.309195103151897
40 1.426613425770505
40 2.877788470032065
40 0.932156378692945
40 1.850811777036030
40 1.867253364100709
40 1.705286395618449
40 1.851114396197628
40 1.770326115519898
40 1.599879227923008
40 1.632865356168738
40 1.825762035193073
40 1.360135459072170
40 1.441231507092651
40 3.811261729528178
40 3.439898009489415
40 1.970071151510258
40 1.393499973074107
40 1.268634616935660
40 2.266619140469944
40 2.262650558347389
40 1.965217011338144
40 1.399229552494094
40 1.297618052013094
40 1.868174190738809
40 1.775228037018891
40 2.809115871140733
40 2.173972575108387
40 2.637628459709905
40 4.476930670993331
40 2.187553405153928
40 1.855252973729018
40 2.283659676740658
40 0.824280638346459
40 2.483752773239047
40 1.170283568630188
40 1.584249864160582
40 3.045983490645579
40 1.743334778672921
40 2.324735561272352
40 2.416502259338978
40 1.593151418274164
40 1.030213735533911
40 2.020837934077999
40 1.965915244133525
40 2.153516753724574
40 1.240257588833304
40 3.142168960186236
40 1.058258632512445
40 2.127605200246911
40 2.197138204521375
40 3.578260995230035
40 1.459945229982795
40 1.206876303276706
40 1.305234598564697
40 2.294738397273330
40 2.560954110907087
40 2.588202108407367
40 1.507671616004101
40 1.565420938673750
40 3.277124240510311
40 2.768507620064081
40 2.352279368115221
40 1.911207249373216
40 1.752763505002703
40 1.021300934519648
40 2.717068381478596
40 1.356090193882954
40 1.351090119655109
40 1.277732992884092
40 2.206959711824036
40 1.141873673680566
40 1.539666724618929
40 1.381479152184984
40 1.988220037314720
40 1.534568792655968
40 3.281277193203593
40 2.054055156893457
40 2.077282706967154
40 1.954549936182318
40 1.935066788646655
40 1.760551259459174
40 0.989875474095014
40 2.531367993220188
40 1.977856068571175
40 1.154932296834657
40 2.118737791190837
40 1.547819412773606
40 0.992211262261726
40 2.035370561004541
40 1.377341330941633
40 2.298867388959941
40 2.241102880550350
40 1.768962036835601
40 4.213286966190211
40 1.173747583152400
40 1.269760229912954
40 2.157962432003860
40 0.746247504804581
40 2.110835875488213
40 1.791551076284096
40 2.307706427367738
40 2.562117992573389
40 2.061428969252560
40 1.213856249475669
40 2.401053646128188
40 1.033902155687908
40 2.915229724411953
40 1.674946097244296
40 1.514329667185853
40 2.129183169755964
40 2.051699876047630
40 2.051434638138069
40 1.324789406612712
40 1.516386921294778
40 1.267190911711811
40 1.821488149125412
40 3.010667829501935
40 2.818039329618106
40 1.619548601637994
40 1.853309585790266
40 1.781838655469254
40 0.925402164807563
40 1.521375409846840
40 1.543562762155017
40 2.296535015632067
40 2.304246991162759
40 2.334318741229174
40 0.916276232869892
40 1.925797162590378
40 2.162982972487264
40 2.962809029072032
40 2.565294009414487
40 2.844920119096024
40 2.035369642390204
40 2.650280332372849
40 2.386086965037272
40 1.952319659345958
40 1.454096728740397
40 1.294027410577733
40 1.887213669177655
40 1.620406892427063
40 1.876642249756234
40 1.481860802461659
40 2.620953322314986
40 1.246127973118787
40 1.886315926967162
40 2.563421516555481
40 1.091575595791233
40 3.367408983393585
40 1.791039798235531
40 3.392964030813461
40 2.224363704899142
40 1.737727353247898
40 1.466193538782779
40 1.657796844747036
40 2.950054833496594
40 1.213188417836138
40 1.422722357800904
40 1.133540580338152
40 1.823591409708225
40 1.479128386028728
40 1.469548709944990
40 1.002677022013433
40 2.284660731456023
40 1.442923968543557
40 1.647975682271232
40 2.471172606364524
40 2.909385695261381
40 2.207195093450784
40 2.580572869031621
40 2.331803413714342
40 1.263770433599336
40 1.752647723053684
40 1.266785610899353
40 1.112867775003439
40 0.959321477730999
40 1.303348391968485
40 3.054943353363491
40 2.188111781195753
40 1.070208150892721
40 2.548009858906775
40 2.328597284768478
40 1.889549599537780
40 1.760558693214671
40 3.776265837359713
40 1.623992042595850
40 3.227327663705918
40 1.561561470941204
40 1.157179417859484
40 2.967362049292491
40 1.305046587535500
40 2.096286441773214
40 2.581856397934416
40 1.335159826762558
40 2.234129252920200
40 3.719139858599029
40 2.978220197703907
40 0.885152415850786
40 2.237477593250864
40 1.289105701354092
40 1.744162396182162
40 2.368590215925888
40 1.030748137905542
40 1.899757695514678
40 1.450320133435307
40 1.713092789399861
40 1.939966035772745
40 2.611724530434978
40 1.002359770150985
40 3.503689260473470
40 1.805640737894128
40 1.613603282151242
40 1.425645051058717
40 1.071290729542836
40 1.854213012027513
40 1.874830506962832
40 1.194213946413509
40 2.292956082139613
40 1.341582118434363
40 1.283788104318285
40 1.749969352493308
40 1.943849860317110
40 1.139070918120876
40 2.028441130720525
40 1.566684192576368
40 1.637776928393251
40 1.247770757299609
40 1.696986261839379
40 2.326648991092682
40 1.759301290508379
40 1.828201499373476
40 2.238001156141475
40 1.743762494122432
40 1.350389002433944
40 2.457969659874472
40 4.160695345989518
40 2.676903511083941
40 2.076310164326346
40 1.813122652706753
40 1.762622685103274
40 1.367525774599724
40 1.656619635791218
40 1.544363136258940
40 1.945775767379733
40 1.334400755155761
40 2.874177928188393
40 1.486854604162009
40 2.121476283026768
40 1.790329472123982
40 1.446179996618234
40 2.766231064449126
40 1.411863109652391
40 1.196366174956379
40 2.103635519687400
40 2.885228133999560
40 1.565920487706821
40 1.160388970283694
40 2.155394369951715
40 1.872753016428200
40 2.218823298357772
40 0.996578417910357
40 2.918483579379712
40 1.192923843616645
40 2.048694350862252
40 2.958253506648632
40 2.769432300059210
40 1.831786651684888
40 3.362613572768520
40 1.924416730569208
40 2.332227280567322
40 1.753329122540825
40 2.259306659693792
40 4.426894264551145
40 1.382244281920177
40 2.273637297764598
40 1.461461441025783
40 1.706747291916416
40 1.568403061742069
40 1.599819948960689
40 1.836565111346935
40 1.812302778734833
40 2.488916287666362
40 2.065330918158041
40 1.287818818712347
40 1.578491609370184
40 1.390511696926650
40 2.100318151830888
40 1.397197266980958
40 1.535840235391150
40 3.172652780838551
40 3.220770687307065
40 1.612564547319821
40 1.679076013822478
40 1.038609220554281
40 2.751821655610435
40 1.600594177694564
40 2.567191923883513
40 1.681645413969255
40 1.866347821975289
40 1.658214105465643
40 1.330806557924912
40 2.481612281704031
40 1.085442290376845
40 1.705436805847459
40 1.638186297087912
40 1.003530814422763
40 1.499791713032957
40 2.147791839104126
40 2.365494519806685
40 2.357584556775471
40 5.149800042315169
40 2.085544390354114
40 2.883269568671581
40 1.805660091827171
40 2.041758679878198
40 1.096279789474390
40 3.902304935631559
40 2.045702128528016
40 2.114156013301540
40 1.581684693163374
40 1.752954011947097
46 3.618769015496870
46 2.112616028537549
46 4.236176057513447
46 5.292023713849092
46 1.896778709659090
46 1.505991233878836
46 2.696388278768200
46 1.976048918695503
46 1.537605992740629
46 3.488308532295666
46 1.433643254674934
46 6.901301730775623
46 2.416728274176584
46 1.391983168981445
46 1.864463071200928
46 3.134364801493649
46 4.388558808555105
46 3.713601276985809
46 2.039773617843009
46 2.119038671143627
46 2.529422845854838
46 2.969637128385350
46 3.000240033510753
46 3.745477999459649
46 4.643675428595776
46 3.233365002348023
46 3.123845165294492
46 2.720783383157449
46 2.895220251641136
46 2.608285594582157
46 1.796410381339977
46 2.780548580018523
46 3.957695447247287
46 2.150609087439100
46 2.364051756180103
46 2.416826136502342
46 3.842867051938421
46 2.178497291581828
46 3.589673559883503
46 3.933118968366859
46 2.847035684999774
46 2.885999310760588
46 1.347281918557990
46 2.378946240029951
46 3.881494768559854
46 1.730838038194190
46 2.615690476372846
46 1.933671488225460
46 1.677658813249846
46 1.874482669704188
46 3.733495853714965
46 3.900123677191750
46 2.448148779031529
46 1.864857677718992
46 1.680351176802044
46 1.984441054043379
46 1.364741316574856
46 3.545680670486939
46 2.492942277077832
46 3.415964415338523
46 2.257325004824120
46 1.860956786791900
46 4.739366470366482
46 2.528323283395880
46 3.184366061982549
46 4.768623624607060
46 1.725166411582530
46 2.787530621086485
46 1.889788187547520
46 1.618931406301364
46 2.911475140304109
46 3.771450514030673
46 2.195672550903081
46 2.382334999560757
46 4.217164604689319
46 2.562060174299457
46 2.302738470458189
46 2.332780160200099
46 1.342345924534430
46 5.339462605225600
46 6.288850549363268
46 2.012223829707076
46 2.631105009780603
46 2.273337253914076
46 3.497152363456538
46 3.205478980144482
46 4.134267033547660
46 3.218969733757008
46 3.856035090386488
46 2.384321679589295
46 3.015946476257367
46 3.020374442592609
46 3.297696856821989
46 1.585822258527256
46 1.780515841087074
46 1.690083436358536
46 3.740050941782152
46 2.405392011271826
46 1.482058607435944
46 2.394874773971011
46 3.603906780684857
46 2.522666851818133
46 2.350280721049881
46 3.180708163529984
46 3.357546720835262
46 4.309731815656413
46 4.462215972837362
46 2.548648172508292
46 3.518095210567776
46 1.948694609758077
46 2.134033381363112
46 1.209771663499221
46 3.937766443287783
46 2.866312706583530
46 2.788471310522159
46 1.717055232495195
46 1.658111816543104
46 3.631745632810761
46 2.152848753174344
46 2.085716721720262
46 1.568242478108723
46 2.138003952481644
46 2.193979136398867
46 2.465211320791847
46 3.243876522900100
46 3.029881227200405
46 4.862450816129413
46 2.269129696166410
46 3.608274439859307
46 2.653514652223597
46 4.208197368639329
46 2.504358026033803
46 6.163570258877588
46 3.134483424629579
46 3.065131630008533
46 2.287777614516375
46 3.132844795499611
46 2.490939599173717
46 3.353561326874682
46 2.622787036296068
46 2.054613601922982
46 2.557410098172736
46 3.063500791148921
46 1.847295413964165
46 3.597227225221096
46 2.593830728319586
46 1.296859146198901
46 1.894637677578051
46 3.399748704303529
46 1.673815243860218
46 2.289430395807682
46 1.222870255700231
46 2.824156096590459
46 2.775836827067901
46 1.843615308056244
46 3.596212818839246
46 5.610972972015050
46 1.606730859246598
46 1.787433791520166
46 3.728362214354902
46 2.811229774857297
46 2.965233911547623
46 2.675397360048735
46 3.713979539886473
46 2.726249042281725
46 2.395744536163602
46 2.207701281328662
46 3.646425062646141
46 2.094727478721506
46 2.881288134664331
46 3.195960555664571
46 2.325817510304296
46 1.997067148383448
46 2.146068347695404
46 3.320790720025830
46 1.925694426157418
46 2.600999277840305
46 3.054901185686317
46 2.659813306074946
46 3.564586307917505
46 1.939649895172578
46 3.484267287805105
46 1.702866165225041
46 2.650938903797770
46 3.047173481839023
46 3.638214504275710
46 2.609196362684105
46 3.131291149427547
46 2.591133418469969
46 3.967312315903419
46 3.539436182966406
46 3.323556869555707
46 1.681129117637356
46 5.751188764534806
46 2.774909251612668
46 2.961749820359623
46 4.224368052086813
46 2.991306764525369
46 5.378834750804050
46 2.903200183066957
46 3.091733876935458
46 1.572474835283479
46 2.239233936008111
46 3.915203605024660
46 2.608190768629660
46 1.239010095841820
46 4.138149593648533
46 5.103472011303008
46 3.448157149081202
46 2.416205727254125
46 3.741264621304270
46 2.227531325350496
46 1.961617466380988
46 4.321783033097631
46 2.698624532287986
46 2.196216561216072
46 1.246128774806974
46 1.866331366643140
46 3.913094731545809
46 2.433463957126719
46 3.656640557493107
46 2.922759475097165
46 2.459266365306785
46 3.671290067551881
46 1.686484227565103
46 2.032544631616327
46 2.845848501698233
46 2.675633851305705
46 3.374048009239025
46 1.860809007558980
46 2.233201288124485
46 2.626468105360845
46 2.089236903961461
46 1.362959069913700
46 1.220363737937856
46 2.695654514271429
46 3.971962299681699
46 2.389926134425767
46 2.613727580847716
46 2.315252967982202
46 2.761289885550724
46 3.994188734839410
46 2.218880690146440
46 3.809493489191338
46 2.538079317895046
46 1.792166206569378
46 1.833583690928465
46 3.698976397692064
46 2.061226745659639
46 3.289547135101415
46 3.545010381838205
46 2.178817938162873
46 2.520420650633722
46 3.455000714132016
46 3.942899162311328
46 4.441199951034310
46 2.058500237356359
46 1.777730129784782
46 3.690547881369334
46 2.999326914023233
46 3.426697588964023
46 1.399408459244441
46 3.286370304897223
46 2.215317627432518
46 2.138392891845736
46 1.979911932002126
46 2.404262668236152
46 4.520282763658834
46 2.544203701307401
46 3.007746550295474
46 3.885067114646453
46 2.004215984449894
46 2.327071661614073
46 2.587037000603942
46 2.643490215278899
46 2.369912861338708
46 2.273803326834992
46 4.589937622825642
46 4.529694424395013
46 3.994782958609894
46 2.227989805803086
46 1.926776804878163
46 5.533237455895065
46 3.355543668680443
46 2.541685384715368
46 2.171088313794976
46 5.987787501456074
46 4.526780743404552
46 3.688013671410374
46 3.472970625415374
46 1.551493212279337
46 2.680276289869818
46 3.958481226376780
46 2.532386273588292
46 1.732442457036816
46 2.110523312702960
46 3.691904424890851
46 2.162794760991914
46 2.183801533079244
46 2.493844036009754
46 3.159404511595506
46 3.187205035775164
46 4.105854146495494
46 2.430309068355530
46 2.445175376780842
46 4.020330312825741
46 1.961614052647486
46 2.537351130807062
46 2.525723870309765
46 2.762482028494611
46 2.178972077705822
46 4.258374691599788
46 2.490622288474631
46 3.333220905044577
46 3.276017621141217
46 2.495444148085546
46 3.001662432259827
46 3.148290021928354
46 1.708222977404799
46 2.891032045948654
46 2.051470786480044
46 5.693112719439720
46 2.631927701812971
46 2.076109709957517
46 3.108032560268239
46 2.943117631539279
46 2.187712801731795
46 2.662920061139263
46 4.036831234254379
46 1.603416828849012
46 2.458358866539118
46 1.862478818929155
46 2.227026715831969
46 2.751471573069173
46 2.134617501564911
46 2.956720434804990
46 2.094558025521207
46 3.493394477794460
46 1.643160700357055
46 2.116214064990381
46 1.904081201388324
46 2.479149068187931
46 1.595120293575738
46 2.027221634830878
46 4.808117002910402
46 1.906738535823487
46 2.588040458950844
46 2.635776949195527
46 1.583382775047076
46 2.652799767189015
46 1.811543064108950
46 3.104338388476203
46 3.825198476879518
46 2.786115469182510
46 2.609957414898703
46 3.674828484380896
46 3.691039476845072
46 2.279160144555184
46 3.601614859496357
46 1.851467761035940
46 3.762905086269281
46 2.217234316159136
46 1.638247945963143
46 2.520794520578328
46 2.917615912597908
46 1.842687126369580
46 1.649459932764262
46 2.779303184279492
46 2.749098522042019
46 3.902953244889985
46 1.521386787223436
46 3.000701288596471
46 2.560490203713991
46 2.169107846268739
46 2.546813482004681
46 2.753246683509848
46 2.348896804174432
46 2.524854823325323
46 1.743158820596575
46 2.026313761636005
46 1.736755667044623
46 3.126843357139482
46 3.782222430171494
46 2.042674006142749
46 2.871035916639994
46 2.687723213313800
46 4.856985448881630
46 1.972236868118395
46 2.080290607316226
46 2.252456053719534
46 1.375403827245101
46 4.363458119815939
46 2.357167530520483
46 1.641217430189313
46 2.233235936562229
46 1.781746861312417
46 2.413627529424696
46 2.820928050028416
46 1.908019888154327
46 2.071807345949703
46 2.155920339335461
46 3.435008185684172
46 2.769471315502376
46 2.617400464658190
46 3.717406742317224
46 3.525718244317649
46 3.067489238249900
46 4.326308762661185
46 3.607940792849851
46 2.415872191086359
46 3.029901014421909
46 2.784094404787587
46 1.238295017844654
46 2.205016585861983
46 2.224158951316896
46 2.623991352395248
46 2.448951198405894
46 1.655561196793445
46 2.461771380683603
46 2.921324732020877
46 3.139641520846542
46 2.375319779153638
46 1.781381363821504
46 3.345620647691380
46 3.041134670687201
46 1.845817450227704
46 2.955184477929841
46 2.575423325631322
46 2.249477398683999
46 3.406116036701384
46 3.075178804780109
46 1.809780096013034
46 2.713610504955512
46 2.897072586188281
46 1.154542377365925
46 4.275945838179597
46 2.690820940138111
46 6.065575112661318
46 4.218435908129901
46 1.340104786798306
46 2.627613016358349
46 1.814473219559362
46 2.102691642047822
46 2.603833459485505
46 2.374250192593479
46 1.856576752597776
46 2.403033899540886
46 2.049958669012661
46 3.365956921204003
46 1.286565642649157
46 4.692358911605409
46 1.699276285106469
46 2.471365106984432
46 2.363703519867572
46 4.432418010015462
46 3.699873294761908
46 1.392028799589022
46 2.105191999229480
46 4.556801099018571
46 4.907373022367342
46 1.811185810548046
46 5.129215948854413
46 2.185473341040980
46 3.147995192691335
46 2.649533871472620
46 3.507377188949571
46 1.874611587626689
46 2.121953062622736
46 1.826775398788599
46 2.721409437322160
46 3.678097132160915
46 2.292885126496738
46 2.435503196965503
46 2.013343601430176
46 1.841021232823619
46 2.464436794014659
46 2.018463517314867
46 4.645993446142015
46 5.754397330142361
46 2.775903557942422
46 5.180012648349654
46 1.774606157735390
46 3.330056200795657
46 1.743680135408975
46 2.361522676243570
46 2.864092778299296
46 2.260664803168301
46 3.296985228469015
46 1.686822343119418
46 2.071403921340887
46 2.581584666697073
46 3.282030025473900
46 1.129400402142354
46 2.694269192920934
46 3.340188448335052
46 2.960509339949382
46 2.402526687758103
46 3.004316922290783
46 2.665366297549446
46 1.624059705937346
