10 0.012521145882269
10 0.012432132114273
10 0.008357657718465
10 0.007589139480499
10 0.011646548548749
10 0.012388161718599
10 0.012888139762555
10 0.022392206567318
10 0.007504643575030
10 0.006889715918272
10 0.008789590649883
10 0.010278002094296
10 0.007615632376835
10 0.011601852940271
10 0.006224199297319
10 0.007411840503690
10 0.008159442559613
10 0.006938957355625
10 0.006828603847708
10 0.008501346873826
10 0.008999303352291
10 0.011184752229109
10 0.009221843330975
10 0.010085278559734
10 0.008900736442049
10 0.010263374795883
10 0.010670879674934
10 0.007702930055386
10 0.008166513319394
10 0.007419009716359
10 0.008563485001044
10 0.009956207973434
10 0.009825754029485
10 0.011466789764208
10 0.008941804170805
10 0.013462373922117
10 0.005845361971936
10 0.010686350105189
10 0.009935045101005
10 0.005605621101565
10 0.015265078260145
10 0.007341709234662
10 0.011038820503777
10 0.007509747761853
10 0.005863193783289
10 0.008067703227086
10 0.011449614934112
10 0.018748365868926
10 0.006426233189592
10 0.008756281087589
10 0.012649807802709
10 0.007234649492190
10 0.008376575018986
10 0.003916490008479
10 0.011723425130897
10 0.007202437194374
10 0.005505212269307
10 0.010081568840619
10 0.012813746140391
10 0.010853064798213
10 0.011365107367840
10 0.013066496725448
10 0.010621460759711
10 0.008839725238521
10 0.009215188248771
10 0.011036900694404
10 0.009210052723432
10 0.012259885380172
10 0.007496373497384
10 0.009920452899230
10 0.010196950628530
10 0.008638818483255
10 0.014881955210808
10 0.005757628179450
10 0.008649037713683
10 0.008872793665360
10 0.011564410538160
10 0.009052235445986
10 0.025557900026311
10 0.013668028260251
10 0.004201656797211
10 0.011127220358366
10 0.004927941720972
10 0.010718314322844
10 0.011328018141383
10 0.005048048157639
10 0.006568742500857
10 0.004825288356736
10 0.006942191945401
10 0.008296068433769
10 0.004553195025515
10 0.012181322120771
10 0.013587728618180
10 0.011429620146656
10 0.004585150623128
10 0.018303593517638
10 0.007604230788469
10 0.013845120437245
10 0.004980839401116
10 0.012852115350121
10 0.010737695161590
10 0.012266992533028
10 0.006417959578922
10 0.005818978470856
10 0.005150230704469
10 0.010658263804905
10 0.006999647853369
10 0.019912816416815
10 0.008977193658646
10 0.011178586681184
10 0.015365354977355
10 0.008345797972142
10 0.004819769396642
10 0.008367764409265
10 0.018667131660797
10 0.010399162171778
10 0.003942520109962
10 0.004973015330779
10 0.007149903954753
10 0.008126855975949
10 0.005697295247352
10 0.009920892943784
10 0.004729913492315
10 0.008490022079505
10 0.011705492977573
10 0.009969585027222
10 0.011366490949008
10 0.004816511135339
10 0.004799585453237
10 0.012255503385841
10 0.011733809787143
10 0.005277861252233
10 0.007246226589627
10 0.011407108650827
10 0.012317422930248
10 0.009010628015734
10 0.008666810929228
10 0.012692485439312
10 0.011097860232420
10 0.010538545087981
10 0.010844948639211
10 0.007341083006730
10 0.004655696752396
10 0.009049387197282
10 0.011761898062533
10 0.012465975228299
10 0.014356179513193
10 0.006954286223488
10 0.020800026550265
10 0.006669942367593
10 0.012705222041436
10 0.004940427295287
10 0.006933155432495
10 0.014998419205062
10 0.007912720963155
10 0.017214070372470
10 0.010723688702508
10 0.007173737775003
10 0.012389978549991
10 0.011433535339674
10 0.007274910261582
10 0.008119594460625
10 0.008817041235359
10 0.015796404214308
10 0.007164550885281
10 0.009393127182621
10 0.006629913559941
10 0.009449223087690
10 0.012489344564566
10 0.011035384576790
10 0.017442736667146
10 0.006214808306923
10 0.014728622373431
10 0.012970726467428
10 0.009359359809555
10 0.007572537892974
10 0.013920257646794
10 0.010892901630157
10 0.009257606934254
10 0.007838567550406
10 0.009962565189070
10 0.007471130267991
10 0.011877255181017
10 0.007457810307203
10 0.009231625297918
10 0.007676917136774
10 0.005680582424877
10 0.006594023220629
10 0.004420733367801
10 0.010589604712807
10 0.005189474959169
10 0.010739111003852
10 0.009574414458398
10 0.007484657398059
10 0.015715972387704
10 0.012810452188111
10 0.007357774049408
10 0.005976047880518
10 0.018367902542704
10 0.008345430104206
10 0.007469055631514
10 0.010135341027089
10 0.005870728373666
10 0.007573562834957
10 0.015550528350758
10 0.012183023805592
10 0.009454518241048
10 0.006506551404669
10 0.006874143688092
10 0.009752037057575
10 0.008626525019018
10 0.008580631762859
10 0.012104356040677
10 0.004813960585986
10 0.004735817072229
10 0.010106783476250
10 0.003897428825328
10 0.018509322053548
10 0.005258228829719
10 0.010113006205862
10 0.007515754525154
10 0.008837690858322
10 0.008777782773408
10 0.008825857111827
10 0.004061004755058
10 0.013157395241939
10 0.005655116669774
10 0.005801202175531
10 0.009268979874837
10 0.008998930555272
10 0.008159630028106
10 0.007728620789529
10 0.019260760908123
10 0.010697387019874
10 0.008419227462409
10 0.003684980076442
10 0.014473550959308
10 0.011253359855336
10 0.009847396144182
10 0.014733295843746
10 0.007048456574665
10 0.007554070038537
10 0.008260997268422
10 0.007724803540147
10 0.008958867071693
10 0.014072336007144
10 0.008365826072336
10 0.011470489700067
10 0.011183444620237
10 0.013612156408897
10 0.007851147551627
10 0.010122972767891
10 0.004937183637938
10 0.009478819713898
10 0.007760593507605
10 0.016332278364322
10 0.011570257840191
10 0.007410023366255
10 0.010117920085114
10 0.007331080267266
10 0.005654050219734
10 0.005851419338022
10 0.011194097890180
10 0.006778681410417
10 0.009270638960592
10 0.012500698100334
10 0.010919329581187
10 0.012733986067654
10 0.006861036295094
10 0.011771726961430
10 0.007648212368853
10 0.010801134915912
10 0.010421189572726
10 0.010109089252335
10 0.006195874079799
10 0.003956432962562
10 0.007432862893912
10 0.005488051373139
10 0.012258926961451
10 0.007991664595085
10 0.007017198101894
10 0.008091961411373
10 0.007926157012524
10 0.009474164636984
10 0.008299955351703
10 0.013613692129322
10 0.007121617501209
10 0.011856604925795
10 0.006524556308108
10 0.007051873193671
10 0.006298911223168
10 0.010771728677557
10 0.009257424527104
10 0.009658612467444
10 0.009550766475019
10 0.008082509325498
10 0.007881009594678
10 0.009296580363811
10 0.012452081606843
10 0.012583177314279
10 0.017476894879041
10 0.008548835772852
10 0.015317602968267
10 0.006997303822690
10 0.017842819651512
10 0.006557747447443
10 0.011475588758869
10 0.008332210929536
10 0.006778010200399
10 0.010374592928719
10 0.012570053398271
10 0.012226890452269
10 0.005118815169619
10 0.010448282167067
10 0.005834841651825
10 0.010643439249599
10 0.015327910325674
10 0.006824654209689
10 0.009095449011996
10 0.008458574955674
10 0.006061180373547
10 0.015682096642760
10 0.008840072443690
10 0.011197789704249
10 0.007366299906624
10 0.018904282613925
10 0.006743072948843
10 0.006356898205629
10 0.006787010243959
10 0.007328845683535
10 0.005546558373424
10 0.009232086071667
10 0.009122154989178
10 0.013220343293649
10 0.014718592550736
10 0.008568069539906
10 0.006985284599374
10 0.004488486409285
10 0.010653727469288
10 0.009874576255572
10 0.007500367489753
10 0.005967574654573
10 0.008121278844866
10 0.008312308628964
10 0.005443539843235
10 0.009483166377798
10 0.009767860622134
10 0.008946654223899
10 0.004931485304838
10 0.013007390354059
10 0.006935105469057
10 0.010289960662572
10 0.010354816822578
10 0.005296659191917
10 0.011926712224608
10 0.018076198916784
10 0.013673880587169
10 0.007612991526927
10 0.011968818247559
10 0.006243535621706
10 0.018781155997018
10 0.014833357618467
10 0.013157333066061
10 0.005347810517178
10 0.011510106490787
10 0.006442680555115
10 0.009016011773551
10 0.011153684724581
10 0.005967612776232
10 0.009558790033260
10 0.012393794858619
10 0.005954554942873
10 0.006567989360320
10 0.010361281568654
10 0.007919786235737
10 0.006432987096687
10 0.009480694809728
10 0.007487660538796
10 0.009428670403017
10 0.004363293890492
10 0.007398184754999
10 0.006921096680788
10 0.007412660336263
10 0.014173529654141
10 0.009173162921208
10 0.005884693787061
10 0.007082503124322
10 0.010529299171982
10 0.010148482841279
10 0.012908311877505
10 0.007245708344325
10 0.007648576352580
10 0.008350522034177
10 0.009021520502863
10 0.011439392547760
10 0.010767582708249
10 0.004800948420770
10 0.013872325384124
10 0.008818359447444
10 0.005596819664322
10 0.009484039893154
10 0.009774013751538
10 0.011006710800008
10 0.009747802465403
10 0.005533242196500
10 0.015609067806108
10 0.007722871775209
10 0.008519474350588
10 0.019826453560042
10 0.005314379316470
10 0.011541543919491
10 0.008223856286186
10 0.008293846856394
10 0.011093912834165
10 0.006860785784225
10 0.006513806317048
10 0.010687106587421
10 0.009100622474157
10 0.010249054852901
10 0.011131461618313
10 0.009627752636843
10 0.008910609445366
10 0.009471828078391
10 0.005894899034718
10 0.011441172285150
10 0.005375823825596
10 0.010077298696310
10 0.007726854692035
10 0.009141216009698
10 0.007843737223356
10 0.012815781525841
10 0.010341077576832
10 0.007540939582064
10 0.005305913892306
10 0.013669536787957
10 0.015788266545563
10 0.006100654052075
10 0.010021850357972
10 0.007164596246442
10 0.007154265291117
10 0.008150112511026
10 0.012692341763940
10 0.009192000274682
10 0.010343637940105
10 0.012367869203349
10 0.005944660383733
10 0.010377509365438
10 0.010296337493407
10 0.011511877399866
10 0.009366975275737
10 0.010626385251719
10 0.011679313748071
10 0.005916641055524
10 0.008775536485401
10 0.006672297741779
10 0.012760556872858
10 0.018932781242984
10 0.009942924008276
10 0.007048778119608
10 0.010213573411648
10 0.006665346875237
10 0.017629564041854
10 0.008329828673415
10 0.007660014373556
10 0.009262578959323
10 0.015677983902595
10 0.010537936422644
10 0.014138211660463
10 0.009277953692615
10 0.006790656445960
10 0.007842098942647
10 0.007320995378396
10 0.008605635059194
10 0.005447144782140
10 0.007588670292652
10 0.008247346768826
10 0.004569865941153
10 0.017398725497177
10 0.010345176061129
10 0.014067893751032
10 0.010098673290590
10 0.007877353522544
10 0.009326566462385
10 0.007331613241744
10 0.011131014529902
10 0.006826073631700
10 0.014483153902915
10 0.007516215963062
10 0.011103625667897
10 0.007244218812217
10 0.014217713644607
10 0.006299998049462
10 0.021100198321470
10 0.005644718150706
10 0.014556905554353
10 0.011827791626292
10 0.013798809500603
10 0.013435146957052
10 0.005997209727625
10 0.006548875565339
16 0.074988807101154
16 0.062638576121005
16 0.043762996359903
16 0.052443808854634
16 0.066947844490855
16 0.031597991365951
16 0.047921745715936
16 0.076461377674266
16 0.064266681645652
16 0.045416353789746
16 0.112460164185494
16 0.061768158191313
16 0.123523638693288
16 0.049077988466245
16 0.052426728462193
16 0.032726139366326
16 0.057299240268165
16 0.043201461633172
16 0.045344585900969
16 0.037195849845145
16 0.074721261173756
16 0.072510647040857
16 0.073308413753461
16 0.093248542899252
16 0.052662575610700
16 0.038907688855175
16 0.052608456541935
16 0.063048195992255
16 0.056991573908206
16 0.038265075861547
16 0.061707964354465
16 0.037506007389429
16 0.048906319032208
16 0.081167610730786
16 0.067502274771116
16 0.131065005268052
16 0.056718298025158
16 0.053699197154356
16 0.061734648179200
16 0.076431819717624
16 0.052453161368721
16 0.084457948410510
16 0.058016448772416
16 0.039503755024498
16 0.034091553995069
16 0.037243642487872
16 0.069782228415652
16 0.053527629238886
16 0.037980718393551
16 0.031961942066989
16 0.057528895570595
16 0.040039593330649
16 0.088909563730445
16 0.084185404630832
16 0.103562629255724
16 0.082015845277045
16 0.050154834666412
16 0.057900286894462
16 0.095116013113507
16 0.059979512654625
16 0.103267172920316
16 0.045731678912855
16 0.057285900300243
16 0.102382320637553
16 0.036280434086273
16 0.055473934163338
16 0.081662680902430
16 0.054557820880109
16 0.039116815442365
16 0.045959954669563
16 0.038245816271073
16 0.056190069852208
16 0.058687651600668
16 0.070088263261553
16 0.039281343432294
16 0.080796071512874
16 0.053886028389096
16 0.072201285090070
16 0.059635256121653
16 0.093377924515289
16 0.028616355881672
16 0.051623793147334
16 0.075862962242246
16 0.033167784601012
16 0.064003324672907
16 0.073092118138139
16 0.059920049074047
16 0.056591572912806
16 0.036680878688303
16 0.054414581652037
16 0.070728617389750
16 0.054376005706428
16 0.035857302340758
16 0.083915094008605
16 0.054336892480579
16 0.033336594339028
16 0.076077932220358
16 0.025779039110940
16 0.059258261109937
16 0.045129757187396
16 0.082721285885453
16 0.061804622597261
16 0.060514260048218
16 0.117749385879061
16 0.051789950930791
16 0.058215815568225
16 0.074776557124633
16 0.043544359664007
16 0.043684659889976
16 0.056802123502105
16 0.060646429997361
16 0.043465999378434
16 0.043624712370983
16 0.081030429942736
16 0.095783599923000
16 0.078287297198618
16 0.074716561982946
16 0.050675266728342
16 0.045773043537673
16 0.039111419195953
16 0.044053652658992
16 0.082270808190627
16 0.098496656933720
16 0.069297000496261
16 0.062763128630542
16 0.048866841241715
16 0.082907893512981
16 0.058009836344318
16 0.048468596285377
16 0.037663748272371
16 0.078219054062098
16 0.080415745597773
16 0.061246835252681
16 0.067835817364367
16 0.047501152137866
16 0.081860562102097
16 0.058538354379187
16 0.036781371569383
16 0.058391703946363
16 0.119956476083339
16 0.053988710320505
16 0.082454564507662
16 0.054366871537029
16 0.050213876701272
16 0.039730801219834
16 0.058229858031650
16 0.066717648611025
16 0.050657453615600
16 0.056158090071942
16 0.064859373440908
16 0.060548324222376
16 0.099151297186117
16 0.043870059301540
16 0.071883886517578
16 0.042086579059752
16 0.043686029574082
16 0.035897482707036
16 0.042289674680224
16 0.044466496641728
16 0.068873870829034
16 0.055827490440716
16 0.053068683366340
16 0.049951538967093
16 0.074237639831803
16 0.046482861425628
16 0.053022783652402
16 0.063195038369563
16 0.044388286692543
16 0.042114979130863
16 0.037741507712561
16 0.054435317276320
16 0.067766098136053
16 0.045969861132577
16 0.029995349368372
16 0.032071107418102
16 0.058364263760976
16 0.091626790482123
16 0.037029965942220
16 0.057586619899618
16 0.044027175047032
16 0.061122383408843
16 0.033534477564558
16 0.051276783627813
16 0.051339317690501
16 0.074783148255695
16 0.028880718041085
16 0.047186643038080
16 0.059977324286084
16 0.030455414523207
16 0.049624516890113
16 0.048691211110189
16 0.036189520990213
16 0.040734992586001
16 0.048902653672932
16 0.047636430479881
16 0.034386058285380
16 0.026927066020400
16 0.070153735158992
16 0.051930107109640
16 0.078572226974894
16 0.050635409819439
16 0.034052111200323
16 0.055395375304361
16 0.123122581523039
16 0.037717290547315
16 0.043635745521558
16 0.045020634776494
16 0.052270269047593
16 0.059346104150268
16 0.068955766476090
16 0.036511081442688
16 0.075511415474985
16 0.069741683961990
16 0.020921475661042
16 0.043295412614911
16 0.042114251310806
16 0.088538436269938
16 0.033167522339849
16 0.041399083430492
16 0.067538627787875
16 0.073749851694077
16 0.046271248200721
16 0.040423747373891
16 0.039669809085267
16 0.040620168169640
16 0.055682605641830
16 0.030365834860450
16 0.079608012104488
16 0.056446029968484
16 0.064821975110159
16 0.097057954569605
16 0.045883704053168
16 0.067253486706365
16 0.041049004040978
16 0.070418177684701
16 0.048579331710566
16 0.080501074693964
16 0.075329776147625
16 0.104214292796303
16 0.046632741086292
16 0.048031733612801
16 0.056424460113754
16 0.078050396463253
16 0.063868601723918
16 0.047732013304289
16 0.081600052055488
16 0.101028264108186
16 0.035314073304261
16 0.046218612403584
16 0.114276242442544
16 0.050398568087796
16 0.070981516413706
16 0.067923174016535
16 0.079912472626909
16 0.073329867905339
16 0.039102323983405
16 0.066029497596008
16 0.043464662411677
16 0.076482163832197
16 0.055420014217819
16 0.039688729333557
16 0.076330166047903
16 0.046637745963944
16 0.056554535393980
16 0.060424742873210
16 0.072211574585327
16 0.061528395654662
16 0.052326375044718
16 0.053784623374827
16 0.073439627232121
16 0.034975057392398
16 0.059182219292255
16 0.032904529595942
16 0.046073438231020
16 0.035438957668809
16 0.087825078672618
16 0.053429996578924
16 0.060687109922306
16 0.057903331330848
16 0.080425433500864
16 0.066679336711492
16 0.055148710222901
16 0.057041876203569
16 0.041903562951403
16 0.040574865812450
16 0.050384078567350
16 0.033355572236563
16 0.058591318258344
16 0.045775958313475
16 0.042925062012590
16 0.078606610126893
16 0.048169136111532
16 0.111745118718991
16 0.071108720468558
16 0.060123359536467
16 0.077428828713401
16 0.060073684767370
16 0.044792841192498
16 0.035560352696435
16 0.093359341895508
16 0.057755294963387
16 0.070417321644504
16 0.050266022957875
16 0.056430023659934
16 0.042527833600201
16 0.066224233694271
16 0.102069420071299
16 0.058815119010910
16 0.048065614637099
16 0.055611449855192
16 0.029548777786232
16 0.049288837722155
16 0.037590567980450
16 0.039653672044285
16 0.051429679420948
16 0.079502008502634
16 0.035086400507081
16 0.065548834099682
16 0.067325828808159
16 0.127872100865206
16 0.042212929801853
16 0.069530541812716
16 0.082885928688263
16 0.042561610418600
16 0.126045832850773
16 0.061232186161661
16 0.021145845985443
16 0.069185771186767
16 0.085663258954536
16 0.075989510010055
16 0.077515250664060
16 0.038968091240681
16 0.053448534266582
16 0.047542062542672
16 0.053709876755570
16 0.066443659444222
16 0.044743754167648
16 0.100408768341873
16 0.059044482931159
16 0.049846606475670
16 0.062461606876920
16 0.089312522816562
16 0.054880157866059
16 0.069476299194750
16 0.055383202321798
16 0.064130422947916
16 0.040893372946137
16 0.094462376469766
16 0.050964817517594
16 0.052731141178287
16 0.096000953045221
16 0.038759720619707
16 0.091843909913041
16 0.053623637314416
16 0.056834123837698
16 0.087421663369438
16 0.037039047954471
16 0.036312924694855
16 0.068317630332133
16 0.081877986822819
16 0.047550694998502
16 0.046730103490035
16 0.027557218403187
16 0.047464560762787
16 0.074613513327944
16 0.046088694558314
16 0.068563231573868
16 0.056946417224440
16 0.049458586289294
16 0.051471769004108
16 0.087765579706363
16 0.087458517166498
16 0.067905087291893
16 0.077897526636944
16 0.051774672087578
16 0.023184659450623
16 0.032895401796609
16 0.044072625534699
16 0.063278182391522
16 0.064288830257297
16 0.048749703153084
16 0.059726766775867
16 0.047250171750572
16 0.056613610183764
16 0.039827176659427
16 0.043370896572395
16 0.089867873845966
16 0.070842696911923
16 0.083166850896388
16 0.076964928790647
16 0.089891888412338
16 0.053611149148720
16 0.052078755631642
16 0.031381401090268
16 0.061765438022129
16 0.045563823425403
16 0.055295631314732
16 0.038988427978346
16 0.050137103228184
16 0.056893964256006
16 0.097686566194627
16 0.048264501559207
16 0.063425475253819
16 0.068828443789422
16 0.040730622551780
16 0.044101025082826
16 0.049832771376137
16 0.026277071991821
16 0.039468263530741
16 0.070479870176354
16 0.031040792717643
16 0.044829639124647
16 0.045842161996437
16 0.039116850022662
16 0.046377525685550
16 0.095377630787447
16 0.051373017049398
16 0.047533268564904
16 0.041306261377616
16 0.041699409912139
16 0.071708462119874
16 0.071840340358529
16 0.023305580280742
16 0.066966942342682
16 0.025352228157914
16 0.066322153661138
16 0.032715629811826
16 0.074935977337180
16 0.062501570416467
16 0.040752830626088
16 0.050532791083326
16 0.067998140837658
16 0.040112694966420
16 0.100547897380947
16 0.074112480636006
16 0.059250052157606
16 0.032979519381172
16 0.044190564389105
16 0.054347953727000
16 0.055254378620471
16 0.041581333201011
16 0.056675724822713
16 0.077031069325210
16 0.072174921435792
16 0.047472730299038
16 0.052480801218607
16 0.037246681660879
16 0.037597402599935
16 0.090597953203301
16 0.038375551909999
16 0.055771879475966
16 0.062303724180649
16 0.036135190188190
16 0.034642294967524
16 0.043010436263155
16 0.050353451762524
16 0.075044824353580
16 0.036766263026035
16 0.050788290180530
16 0.075467798507072
16 0.106088959126691
16 0.059180551404534
16 0.059575068413529
16 0.048900995543368
16 0.033255897535240
16 0.051026878361676
16 0.058287288716807
16 0.078986852327832
16 0.034248172187975
16 0.087776081910836
16 0.030234332166132
16 0.052389765947440
16 0.033072768492588
16 0.061332898556637
16 0.083388864199057
16 0.037468594309383
16 0.113398666105219
16 0.084149572017710
16 0.037484983960320
16 0.055873706836702
16 0.055064048468050
16 0.047084406505457
16 0.048730380317553
16 0.044392081583210
16 0.077254134814404
16 0.034181618307289
16 0.064748586841294
16 0.049268319389422
16 0.092148792686745
16 0.074931627190810
16 0.048387929645517
16 0.053771107059326
16 0.092392169046178
16 0.072373296320303
16 0.044726069607716
16 0.043089216788064
16 0.074777510779156
16 0.053655532575055
16 0.074990468960614
16 0.061267207021219
22 0.163277368294054
22 0.216895887845071
22 0.117640609954541
22 0.104050798146863
22 0.113448597939802
22 0.118190561993838
22 0.245462422017684
22 0.253505042841357
22 0.201566775230310
22 0.158906838383507
22 0.126586233504127
22 0.162666294910280
22 0.194657595015852
22 0.151510024077242
22 0.306031437576793
22 0.175750786264132
22 0.201691444993770
22 0.233247760569921
22 0.200927291610101
22 0.224057418953842
22 0.248700553738344
22 0.407797818618901
22 0.209845659860173
22 0.211415767252493
22 0.153402826965765
22 0.138127022186219
22 0.145225631192458
22 0.185066718292320
22 0.304988339795545
22 0.215091787217625
22 0.143047204774205
22 0.107212521779494
22 0.269716938540322
22 0.118072345347224
22 0.248433255733821
22 0.262157003830501
22 0.110047225521388
22 0.234222365367842
22 0.200227568140450
22 0.117459269940317
22 0.160317872478543
22 0.255319194151253
22 0.265148591015823
22 0.154304490747030
22 0.252531739813407
22 0.163140323112837
22 0.183766089516837
22 0.162292739612607
22 0.170526650437147
22 0.238139941232890
22 0.093885725089899
22 0.155832951884196
22 0.338232947672056
22 0.270384639499865
22 0.181863810062493
22 0.191367052215124
22 0.175721452244416
22 0.227294591085213
22 0.255809764238443
22 0.105852858996233
22 0.177647845307571
22 0.218320902210823
22 0.239111615527283
22 0.094018966142511
22 0.225530118078210
22 0.195477731808243
22 0.132596279499471
22 0.160885738593519
22 0.297061884770377
22 0.178872042549843
22 0.207013025850802
22 0.192418348081688
22 0.326530474581760
22 0.220080027952679
22 0.163459427995141
22 0.162486614558648
22 0.155519369240041
22 0.110051459217046
22 0.107009933862331
22 0.243950008556272
22 0.103288313828636
22 0.152100485485383
22 0.176568311898517
22 0.296512206820277
22 0.218731861250548
22 0.189996908758409
22 0.144308142997255
22 0.188063017542831
22 0.133079923185367
22 0.107598612293086
22 0.230359982285858
22 0.150921706367197
22 0.128278151719434
22 0.263952298785341
22 0.120484299010320
22 0.135807205267828
22 0.122815392923729
22 0.230937030432814
22 0.074815153971067
22 0.192904953724663
22 0.126374831289512
22 0.119072410132839
22 0.206335589039017
22 0.152516414278354
22 0.163226197294197
22 0.312165287013299
22 0.182559662728762
22 0.274027831181816
22 0.205244863150193
22 0.229554549661456
22 0.151419145506388
22 0.201001469428064
22 0.323834842535691
22 0.102401617389870
22 0.139674880073552
22 0.278981271276796
22 0.143966676722842
22 0.143212069979045
22 0.176451594111058
22 0.161558873877995
22 0.203289830093347
22 0.175497915755042
22 0.143955488162137
22 0.149176239896093
22 0.182648248536920
22 0.182008620274444
22 0.193159107319322
22 0.161507959408746
22 0.255248945985285
22 0.135981842242308
22 0.157875055656508
22 0.106363336177890
22 0.195631719776091
22 0.237047307439125
22 0.120410321891302
22 0.196478680235677
22 0.283190819708774
22 0.282201157068585
22 0.157984350156426
22 0.203272344317444
22 0.114110465006126
22 0.126822702297140
22 0.277032664902924
22 0.198590416157633
22 0.213240741182933
22 0.209779031938451
22 0.265610082024790
22 0.170396791634891
22 0.157365248138364
22 0.140599180102653
22 0.121169691345536
22 0.193193051499639
22 0.171611798555780
22 0.145781910710268
22 0.125345598538500
22 0.185283901535793
22 0.164064203488520
22 0.133693019820588
22 0.173130911831636
22 0.170347430788377
22 0.354283581664638
22 0.162539071372064
22 0.203556520761561
22 0.155606326621177
22 0.149423161670669
22 0.142436033337096
22 0.213787596348815
22 0.206601964918623
22 0.158759536759075
22 0.216896951840110
22 0.140313079483860
22 0.294784108321068
22 0.206590770161769
22 0.179578395655037
22 0.112014317302209
22 0.094939919734526
22 0.094995010191718
22 0.173139848500010
22 0.215433092218617
22 0.331431426481056
22 0.268240921708631
22 0.304710211417980
22 0.273688358270706
22 0.360629252532590
22 0.206643874056388
22 0.175554015374530
22 0.433468035381265
22 0.290663423257346
22 0.199827167476885
22 0.337327405078362
22 0.219234881774182
22 0.203530751972584
22 0.116847875999119
22 0.119062536678130
22 0.177017950104242
22 0.233563277277307
22 0.233520960043347
22 0.270758371582965
22 0.286763264450758
22 0.172263140223541
22 0.201675507069560
22 0.202981694718094
22 0.192735584774617
22 0.217300561352406
22 0.108358646757623
22 0.180635237206230
22 0.149155087215688
22 0.124252701374088
22 0.113628120733062
22 0.188473935934338
22 0.247982682051248
22 0.203934777702350
22 0.166051332234616
22 0.156400429736365
22 0.166971077457912
22 0.136686948679368
22 0.171647252396578
22 0.202687611078713
22 0.151773913779929
22 0.178098810355241
22 0.125693433183293
22 0.170526401788510
22 0.138392484445028
22 0.131941076119769
22 0.146502852173383
22 0.194619783744633
22 0.144277369918953
22 0.186838729468915
22 0.151850611121333
22 0.141986208495713
22 0.252145080228262
22 0.103152536340466
22 0.137735454411218
22 0.117422690099535
22 0.350897683027436
22 0.252727291368348
22 0.296118373313344
22 0.262014735681496
22 0.104323078182997
22 0.230352150521202
22 0.134369633589438
22 0.151050431672182
22 0.415886477702767
22 0.139894869804555
22 0.226858140351855
22 0.162362519602487
22 0.252793385904422
22 0.312421090927555
22 0.208880705896356
22 0.205596827431323
22 0.150060279534095
22 0.228887289387208
22 0.148284822402426
22 0.233321926486629
22 0.230272634117722
22 0.192309600743925
22 0.201083784283603
22 0.144189484087332
22 0.161518629014912
22 0.134244079415536
22 0.174314195489154
22 0.215791344569703
22 0.286635843232863
22 0.323527526601662
22 0.096556568523352
22 0.150603413488203
22 0.120727520096759
22 0.146363181712629
22 0.237418221911729
22 0.120001212692399
22 0.117443091641314
22 0.156964494301132
22 0.231826771608284
22 0.206682453694979
22 0.158572236313034
22 0.285542526961980
22 0.311887474483374
22 0.136850569650671
22 0.180330131150398
22 0.118444701965538
22 0.118288458080797
22 0.147489370843346
22 0.206797124959367
22 0.265443502055152
22 0.219946600522359
22 0.115850680253254
22 0.135930417321977
22 0.191995988881323
22 0.180587104801915
22 0.224628688722674
22 0.239368940845798
22 0.112750304690793
22 0.118395693845950
22 0.284951231623066
22 0.123770209587865
22 0.146053896555578
22 0.261793100025967
22 0.115036004662762
22 0.200081957323786
22 0.148263510381538
22 0.159073124955777
22 0.171427136562398
22 0.158488044079343
22 0.364322681987106
22 0.148701493111812
22 0.241899516197770
22 0.164958772705515
22 0.113938937568525
22 0.171666767893474
22 0.220699111344666
22 0.135055100039114
22 0.177846544128750
22 0.229632534413101
22 0.174892132753302
22 0.142118677040475
22 0.128597081910649
22 0.182570685735159
22 0.155330881920912
22 0.223320895651017
22 0.127156074241805
22 0.196089314148697
22 0.139837885996885
22 0.210380228795875
22 0.151580218442643
22 0.163415967965923
22 0.126148146082982
22 0.198008127669346
22 0.322796759456438
22 0.203246545588441
22 0.134759202989005
22 0.232806198409248
22 0.163227577986230
22 0.127828471461781
22 0.317874270296851
22 0.189747414168454
22 0.135233282786413
22 0.361030273109031
22 0.179196065900964
22 0.094083635595738
22 0.144982813266272
22 0.302215286533055
22 0.351534361968228
22 0.154758341955935
22 0.144099074227701
22 0.188541664198517
22 0.153120313917792
22 0.277680088152649
22 0.176400505979668
22 0.124789423144970
22 0.271918099517974
22 0.106758845541423
22 0.234834303083468
22 0.257984439756789
22 0.178647232716058
22 0.222746766977022
22 0.322094790504725
22 0.193275174760378
22 0.171550444346623
22 0.211534363247095
22 0.142286812753287
22 0.241449485346664
22 0.191297164406225
22 0.199259929210109
22 0.124595517726035
22 0.157219220989816
22 0.125563690678952
22 0.235977058110996
22 0.310435622738370
22 0.242755566934563
22 0.217290066096552
22 0.288163163931539
22 0.201841964367107
22 0.206436760474982
22 0.193522145789636
22 0.277958522957904
22 0.211155355518900
22 0.136016110231568
22 0.174904169044188
22 0.165636538428218
22 0.137676562380704
22 0.248113493867163
22 0.106866228897471
22 0.114363900333544
22 0.255427865214987
22 0.106359774909192
22 0.209079402153135
22 0.093618452815559
22 0.118924284717864
22 0.211561543611092
22 0.189224629686618
22 0.146045485935079
22 0.312434954060721
22 0.111028385046018
22 0.242145223073571
22 0.307088166850019
22 0.229850498874627
22 0.229456572971464
22 0.117314955087811
22 0.197398059489828
22 0.155635868660526
22 0.202668759184349
22 0.237745491091064
22 0.258440070606819
22 0.284438173531715
22 0.143243672153544
22 0.348685654588444
22 0.089250191540427
22 0.262519813038880
22 0.250892816086044
22 0.174351659589512
22 0.289453089570197
22 0.331897650398272
22 0.239962422395825
22 0.192777585023635
22 0.145074308440222
22 0.204802764091900
22 0.201740266258298
22 0.114255411992966
22 0.177328354836948
22 0.259207363285623
22 0.112852717348868
22 0.312504691455754
22 0.105668751549064
22 0.208271406224548
22 0.223277313291439
22 0.122047818549746
22 0.191231703094444
22 0.372826238078197
22 0.159097313876071
22 0.253211218322435
22 0.353628791052409
22 0.183919489137856
22 0.159552298750187
22 0.177069069166929
22 0.197346128455806
22 0.273977196752409
22 0.195939986512252
22 0.103305513321337
22 0.132984560144552
22 0.152221530055800
22 0.110817462903082
22 0.094042092286694
22 0.153503232266390
22 0.131876118677052
22 0.190492072816335
22 0.172191984204502
22 0.219831086819497
22 0.159396847364547
22 0.339827291594787
22 0.124530397160428
22 0.267143059981469
22 0.160716121044082
22 0.184202932320221
22 0.161027571482715
22 0.168784409945494
22 0.126825260972119
22 0.128196292876813
22 0.138794153692617
22 0.246140088065479
22 0.153929745709874
22 0.158051813892636
22 0.114839515997931
22 0.197535559921604
22 0.143015926844094
22 0.107852365398890
22 0.101472809933884
22 0.190266518722624
22 0.155244221364227
22 0.170778772223880
22 0.146769539525756
22 0.131077785060001
22 0.177841499969512
22 0.146955427168002
22 0.123829398050610
22 0.191527355009470
22 0.188589517558656
22 0.224232567041072
22 0.108394125942382
22 0.269807987668670
22 0.207787676661336
22 0.146343789016464
22 0.133024845325473
22 0.209719732021404
22 0.143015944934779
22 0.211081835272545
22 0.191829769083555
22 0.213654921647696
22 0.091017666195586
22 0.116882583494905
22 0.162525631859670
22 0.240643277568736
22 0.205696907517345
22 0.194178867376591
22 0.261260601031097
22 0.130885201528504
22 0.232160087572649
22 0.185209364340615
22 0.124506584144505
22 0.208290633770421
22 0.135768122806411
28 0.292903892869338
28 0.673984354782654
28 0.607749318350477
28 0.490242513631977
28 0.574200151013588
28 0.664318909424995
28 0.755148070133909
28 0.306487617053996
28 0.482039731511326
28 0.736922592190205
28 0.306868465792111
28 0.506684109596552
28 0.420448236132430
28 0.325006340595460
28 0.419401410646369
28 0.285004625677483
28 0.570588024576762
28 0.379800230636996
28 0.440077657092010
28 0.654705831070193
28 0.431710655758039
28 0.413959664706155
28 0.294332747053267
28 0.277983335448088
28 0.502390743669954
28 0.409588824603049
28 0.296705718747133
28 0.424228819312951
28 0.546892347945079
28 0.375380089517088
28 0.472786275444554
28 0.336035763101447
28 0.349814497278842
28 0.966155171000929
28 0.600843850101496
28 0.350404827881034
28 0.415706271272995
28 0.413448697385736
28 0.580145355318785
28 0.345354200537838
28 0.577651280862029
28 0.365241519616823
28 0.588793602127359
28 0.563534018449462
28 0.440101230895800
28 0.573381698284170
28 0.356618759100036
28 0.579143002709332
28 0.275178133886581
28 0.420784517167480
28 0.290830917965446
28 0.487626251425136
28 0.642083640475810
28 0.478326012323539
28 0.294101785007959
28 0.305121288283728
28 0.598116983464426
28 0.428572232446914
28 0.214117566876517
28 0.512940081785599
28 0.671423280021168
28 0.268699068031562
28 0.216103289512962
28 0.296372726515340
28 0.753330307561416
28 0.510623374889380
28 0.530741038250743
28 0.327816425936185
28 0.521469881696898
28 0.382176977911747
28 0.266084734825659
28 0.285469197602575
28 0.273843407162833
28 0.308945166384274
28 0.387784620741540
28 0.880905332154748
28 0.407908079858515
28 0.540263256126668
28 0.481715953746328
28 0.336461989171805
28 0.365079231374605
28 0.455824674536887
28 0.293634717290977
28 0.679238539691906
28 0.368624136757149
28 0.385107376358919
28 0.296925474961558
28 0.210531503240928
28 0.846742069340759
28 0.380681589410970
28 0.673974120296736
28 0.246733153934790
28 0.465052553159896
28 0.305739224833135
28 0.456684103814019
28 0.404133390667893
28 0.421929813720046
28 0.677487279075620
28 0.378665980991860
28 0.385531317055157
28 0.297412531661893
28 0.753117441367018
28 0.839532141890908
28 0.316947143987570
28 0.507023145293941
28 0.640892167703922
28 0.332009448447709
28 0.303328023617402
28 0.356895430134358
28 0.376630804412169
28 0.404721271873202
28 0.344141228536703
28 0.256319289329650
28 0.439220162945562
28 0.485021433714941
28 0.585258782648494
28 0.367245932356235
28 0.327789591485529
28 0.617123836393454
28 0.593839462343420
28 0.590752359320551
28 0.635857126717195
28 0.447130287395059
28 0.408755380465565
28 0.711864558628269
28 0.496198651200442
28 0.360798431915058
28 0.408514314591341
28 0.420480516288873
28 0.329303314180554
28 0.384550719964729
28 0.320521287114692
28 0.738371609525409
28 0.325087531229969
28 0.565943910922145
28 0.282547997138157
28 0.527534354242351
28 0.474630806558465
28 0.678198069228714
28 0.395726668323618
28 0.433118367519199
28 0.428167309300991
28 0.616261416126025
28 0.527885500064445
28 0.797687696334007
28 0.616503656387303
28 0.309461055005632
28 0.727957094317676
28 0.270388631104077
28 0.723672608161385
28 0.707954130860491
28 0.275462176771214
28 0.620218220413780
28 0.261535967951980
28 0.519616306166900
28 0.184767175891319
28 0.298206020559160
28 0.255326499588115
28 0.429102148018519
28 0.767371688959046
28 0.655961175502727
28 0.356480597524986
28 0.312329999734057
28 0.482580506710724
28 0.506883474341737
28 0.645450474863490
28 0.318650088250984
28 0.554815945964445
28 0.269440355486850
28 0.229899112125711
28 0.319817567932037
28 0.946993815662732
28 0.531984197538870
28 0.368866951474136
28 0.294274441673489
28 0.335825116569720
28 0.412679330850123
28 0.697921760485405
28 0.386565769812351
28 0.298563329868069
28 0.354093509528491
28 0.370409084189484
28 0.600369861197791
28 0.731534508329502
28 0.593273613152688
28 0.402480876902263
28 0.426831515721471
28 0.469127656347465
28 0.481193812151492
28 0.566721958664584
28 0.451938750385545
28 0.277188874712692
28 0.287220561919554
28 0.715601949099191
28 0.472532151863648
28 0.536787057566598
28 0.518128001204845
28 0.679316777654213
28 0.557192906443160
28 0.411358738102524
28 0.750910829349325
28 0.417326374671491
28 0.346858082873127
28 0.299074083180242
28 0.418377874177422
28 0.252476646921421
28 0.398878516803192
28 0.294123510697445
28 0.305419181682085
28 0.439849640072584
28 0.618147038359226
28 0.200950723989668
28 0.399408524213240
28 0.368771402963036
28 0.482137452767063
28 0.310458579061165
28 0.364810728996751
28 0.311936287900640
28 0.238994845452279
28 0.363816199500643
28 0.381988631160371
28 0.363737343335511
28 0.519845678175784
28 0.449586144185351
28 0.443914955162264
28 0.251292031699399
28 0.368025768039741
28 0.466272885311080
28 0.402703849066163
28 0.325657640880638
28 0.301839052955686
28 0.273359655299710
28 0.435559422588165
28 0.437568064267968
28 0.538074247338041
28 0.227044837541032
28 0.485871374535603
28 0.722803070725539
28 0.484062025389675
28 0.528411442748779
28 0.532557237657988
28 0.533308953828832
28 0.356024526442418
28 0.340987512876755
28 0.639427017937228
28 0.463445715056999
28 0.477843385144587
28 0.455170727563852
28 0.664930863240300
28 0.434038802251738
28 0.320532626814797
28 0.690412153906096
28 0.548493466605689
28 0.559010699427304
28 0.313468204669294
28 0.267676506153331
28 0.451045984277472
28 0.369929271644884
28 0.220823603099237
28 0.574920109784370
28 0.257053795008186
28 0.576828543438292
28 0.430010634400754
28 0.227904783143517
28 0.472551827076901
28 0.492471614921448
28 0.346187337424213
28 0.331417679340386
28 0.441172306709039
28 0.258390450772042
28 0.403471065320709
28 0.497191210252054
28 0.331224427121203
28 0.524003612927892
28 0.498131617386880
28 0.331588466412990
28 0.393959832931051
28 0.390712670582305
28 0.351939433101066
28 0.352757134583319
28 0.259244089714848
28 0.439561919216875
28 0.215154428812840
28 0.389432981042182
28 0.380959892385811
28 0.301873764670597
28 0.290668104633957
28 0.439091045314439
28 0.278189884484986
28 0.328412921911880
28 0.454969185083970
28 0.851101874307561
28 0.489518890625644
28 0.377251045301930
28 0.267293549283026
28 0.345717721372870
28 0.458804397261479
28 0.761934048272981
28 0.505999866920563
28 0.425828558449155
28 0.475149702630506
28 0.483913926218221
28 0.353015335118010
28 0.239782135518694
28 0.304575152676566
28 0.371301221094963
28 0.333412893071961
28 0.270316553016992
28 0.784380128020047
28 0.324693453189218
28 0.297962671206048
28 0.634206694749742
28 0.424524103209230
28 0.667655517992748
28 0.400688626210342
28 0.515716962655173
28 0.198538259711496
28 0.629735518376015
28 0.510047331911311
28 0.526548869074272
28 0.314337158714931
28 0.264423101297698
28 0.406439914173372
28 0.363494925071048
28 0.758596317613690
28 0.363405902246331
28 0.460005461884569
28 0.375129907028790
28 0.415778881005166
28 0.251537939032176
28 0.316555900673550
28 0.516155181165667
28 0.504973887163072
28 0.747741715290060
28 0.289308277940984
28 0.858595441664154
28 0.511773731381989
28 0.698771727660158
28 0.321312836053927
28 0.509263580096004
28 0.403934553116304
28 0.461455076705822
28 0.202673200501251
28 0.637500917678387
28 0.717440267389904
28 0.402581411859529
28 0.436036282719455
28 0.624836455761837
28 0.218528231339792
28 0.404577598292493
28 0.304827442988203
28 0.401343402882889
28 0.414660655619707
28 0.689959079593246
28 0.394434885655371
28 0.372090999870361
28 0.256508388491890
28 0.682818826262032
28 0.996261480413990
28 0.361979682276802
28 0.568985175446345
28 0.880932303462679
28 0.477573872653259
28 0.566437471064433
28 0.253649818395904
28 0.559667074219390
28 0.424076422912648
28 0.578333074583798
28 0.309922601627604
28 0.415606202776272
28 0.659013750878908
28 0.383924022316891
28 0.227538462641350
28 0.876657079864726
28 0.854526208266375
28 0.758902971969837
28 0.860834683813613
28 0.410342611093061
28 0.345621624639182
28 0.445937769420743
28 0.532527786386185
28 0.276170082046866
28 0.343558007757946
28 0.359077209718740
28 0.624709796479116
28 0.545959747392478
28 0.480024278576350
28 0.480130093510976
28 0.316392779209593
28 0.325165284765569
28 0.274485328174769
28 0.581202126366525
28 0.706321777891203
28 0.311482695268383
28 0.396167601997246
28 0.350205901382953
28 0.466662831675483
28 0.534494679145076
28 0.995784914108604
28 0.466729941989503
28 0.551740557979021
28 0.310595173935069
28 0.339834647229390
28 0.381871816019786
28 0.499573704627317
28 0.501305478357745
28 0.602301255503356
28 0.316102130334874
28 0.381160120305208
28 0.378735564289553
28 0.506710853254691
28 0.442328457158763
28 0.178573981395987
28 0.447502888030398
28 0.263979141228106
28 0.702313715811226
28 0.500458781646900
28 0.246960415009312
28 0.459976133649234
28 0.360104115123268
28 0.967706739577221
28 0.387427853865325
28 0.552011926656333
28 0.367180024219770
28 0.532303950405558
28 0.461494496656540
28 0.355362311771689
28 0.536724227437812
28 0.427138568087037
28 0.334312997205117
28 0.414638898385932
28 0.529537332312687
28 0.395214242298544
28 0.747443859809022
28 0.416904856685787
28 0.419400819111499
28 0.344931322302607
28 0.304189813927287
28 0.624556674563583
28 0.573681047003176
28 0.454203420119763
28 0.386882404155807
28 0.311541347530490
28 0.437948795680924
28 0.326191536034204
28 0.330463526020997
28 0.276615355353731
28 0.772109287514311
28 0.312692637599142
28 0.314807770572695
28 0.413251334153168
28 0.409061931783780
28 0.559943309049197
28 0.250863254114828
28 0.523812377076747
28 0.281554277915198
28 0.479222207957827
28 0.418902513758303
28 0.492236048710081
28 0.646573084637703
28 0.336340351862916
28 0.519961157634317
28 0.369160822976420
28 0.315803158227327
28 0.399362920613734
28 0.629066199422282
28 0.338486597801730
28 0.334508244397154
28 0.450405634015844
28 0.313036387698546
28 0.503555645745679
28 0.687662132198593
28 0.515316051595466
28 0.460766464143830
28 0.302834724117474
28 0.377605492699264
28 0.370749584391693
28 0.334768974720212
28 0.418255552785455
28 0.424406747677271
28 0.402004290025981
28 0.378769925218160
28 0.382544090615339
28 0.792541840417444
28 0.590022130489277
28 0.297820737093727
28 0.443501247035296
28 0.426858720983934
28 0.449968608437430
28 0.546536453006905
28 0.637599609900086
28 0.388976209830538
28 0.494847640663697
28 0.260856754779879
28 0.322694821297834
28 0.275776501238183
28 0.448957584136472
28 0.462834542039134
28 0.432523853145253
28 0.331004272668606
34 1.164778698552741
34 0.973562063062283
34 0.748180546154917
34 0.706423712931431
34 1.338110662986315
34 1.139980695704103
34 0.625804844033315
34 0.932064790588768
34 0.776698838486422
34 0.583485529622026
34 0.956723311397845
34 1.337425671825986
34 0.528576170861311
34 1.541895457765718
34 1.301817934557192
34 1.237110963898249
34 0.951042632949894
34 0.892644086514648
34 1.027810372938250
34 0.660958825131056
34 1.003807360225955
34 0.890411352756895
34 0.451785445803679
34 0.920340931482467
34 0.630158507498702
34 0.932427644058251
34 0.657192277079231
34 0.547189072492289
34 1.143703717447844
34 1.089112536740011
34 0.676605483023030
34 0.886699696146011
34 0.599745876295931
34 0.618915901147192
34 1.126676057683691
34 0.860805221015214
34 1.234488206004333
34 0.734304142154013
34 0.910481967272779
34 1.054134777676979
34 0.877182694124316
34 0.433777941695433
34 0.585796956787884
34 1.319230815118711
34 0.846476958085004
34 0.987846043432564
34 0.636440718798456
34 0.881427516043165
34 1.250349378820742
34 1.923305583279213
34 0.581746708033121
34 0.782163511265002
34 0.671963840560037
34 1.661900908969632
34 0.662070815530560
34 0.515174184545879
34 0.612761950750111
34 0.794803221109085
34 0.566981692683588
34 0.857681142822931
34 0.528976507648385
34 1.250719941781655
34 0.917641116009730
34 0.862872097078827
34 0.919285634238660
34 0.996999732123327
34 0.728054210378253
34 0.766857475877586
34 0.718255003794344
34 1.060496196944032
34 1.194935965011679
34 0.714365954013470
34 0.531595970588759
34 0.990891694652632
34 0.770486989294648
34 0.716677324272911
34 0.411553927122590
34 0.809487892920082
34 0.907343236483176
34 0.667393667603928
34 0.454653032754338
34 0.761275668001311
34 0.808882668713457
34 1.004516799691331
34 0.757991678529032
34 0.638981221842269
34 1.313220472626337
34 0.667537291278240
34 0.704309954570735
34 1.313026643173242
34 0.952076282822887
34 0.656088800088209
34 0.932517296633030
34 0.687017452083512
34 0.647029722472817
34 0.861431568352546
34 0.766961689602934
34 1.581182205267025
34 1.168781588371571
34 0.770109162448681
34 0.897525942689304
34 0.537190151197555
34 0.549871601582920
34 0.740145572622132
34 0.892228814484839
34 0.585962647097642
34 0.974292640353997
34 1.120778008653109
34 0.959930808371375
34 0.970575581970957
34 0.955390650970406
34 1.073270453831208
34 1.567876153792684
34 0.774158151599767
34 0.559703454489823
34 0.619418155524370
34 0.782145631652530
34 0.737866429105884
34 0.801576564150126
34 1.323270064070639
34 1.217399099786304
34 0.630982387765965
34 0.987628791069112
34 0.706631137758919
34 0.760450667126176
34 0.885248045191564
34 0.621262951979551
34 0.850916017254339
34 0.500247614729655
34 1.123109862045038
34 0.959169317902717
34 0.702151171408898
34 0.816858781219352
34 0.880470613230455
34 1.283356459252889
34 0.595895884190945
34 1.493892689193558
34 0.803358867665091
34 0.718632521858753
34 1.813853654790055
34 1.670585396982721
34 0.462334214870526
34 1.183899427647506
34 0.819630586896453
34 0.975632903986934
34 0.692185559425441
34 1.159108899861243
34 0.691688474880118
34 1.108397637161326
34 0.934680650036809
34 0.723433916081138
34 0.544456322245862
34 0.653004720767843
34 0.770377188310635
34 0.788000040624742
34 0.549686125353126
34 0.536753847422231
34 0.833906949015667
34 1.033266424111561
34 0.595763487536325
34 0.634653998195151
34 0.888386374428109
34 0.549728209895395
34 0.695019584624089
34 0.596796478314246
34 0.712101068902157
34 1.023707339610882
34 0.715264709587861
34 0.918805334341102
34 0.695365039247509
34 0.546631363074330
34 0.639648396564956
34 0.575568564406416
34 0.769337511406679
34 0.692313992185073
34 0.687680923318928
34 0.660085651124579
34 0.482202926157947
34 0.635186147769591
34 0.744122283233127
34 0.548541497362251
34 0.847314495231671
34 0.761589087320625
34 0.966754471648596
34 0.722018919168343
34 0.954965248458524
34 0.744565717344798
34 0.935651841831643
34 1.199462676074632
34 1.918400569513029
34 1.259764296808215
34 0.478948469409048
34 0.926264627998418
34 1.375741418606664
34 0.568403431029514
34 0.675440649310117
34 0.934815603622016
34 1.080912348375010
34 1.157402847500284
34 0.513111776895227
34 1.418510880267290
34 0.702869193769504
34 0.534114126220159
34 0.669627759404818
34 0.519063019024769
34 0.699142911569409
34 0.640539884389058
34 0.974508774321307
34 1.615351876220983
34 0.457771346808808
34 0.656942074774228
34 0.576966886652428
34 1.252454257826424
34 0.904523767612493
34 0.562185745454606
34 0.585215196734909
34 0.994671717266185
34 0.984707400132077
34 1.040603074909547
34 1.124949120535269
34 0.654092697727302
34 1.152069789715192
34 0.932738800229391
34 1.052970694785343
34 0.665720608603417
34 0.792865264812741
34 0.563524558643001
34 0.931490863349663
34 0.732016644587393
34 0.905643773055350
34 0.745186316510177
34 0.954857691405810
34 0.910257862294254
34 0.907590042161275
34 0.707214919593009
34 0.760056778554818
34 1.169449266588232
34 0.526025231823160
34 1.029621893956857
34 0.501060868744323
34 0.697562597248216
34 0.710929045859481
34 0.371990952631547
34 0.736707227973951
34 0.546440129016143
34 1.123166925375186
34 0.708586681606907
34 0.530825368605201
34 0.597575704138188
34 0.530246840593207
34 0.708207740209186
34 0.506429005317675
34 1.347363972674106
34 0.913059217804136
34 0.858079519989722
34 0.753118502369571
34 0.548229286869736
34 0.411199427608293
34 0.734338296473695
34 0.727891131695931
34 1.065328461307571
34 0.471415100959985
34 0.644567683689967
34 1.096934388308634
34 1.125704323453227
34 0.888943507596238
34 1.747292450063819
34 0.641393572152154
34 0.497883893481884
34 0.805743283190806
34 0.914195023140477
34 0.823163009653175
34 0.681525205357963
34 0.701049865609486
34 0.777691336878545
34 0.517953192431432
34 1.136958371608514
34 0.727512733434890
34 0.512089460507970
34 0.899323645871124
34 0.791403923920364
34 1.342534487161180
34 0.895132408530529
34 0.898804200985697
34 1.111433218754373
34 0.643959844987769
34 0.825155326569071
34 0.872530142158652
34 0.812560490622833
34 0.750529809433807
34 0.459348111757778
34 0.537440244559418
34 0.461745438939002
34 0.944378072269531
34 0.474527915679629
34 0.819157723660648
34 0.776338403103896
34 0.626082142710724
34 0.662933110443338
34 0.632242964123008
34 1.078151602123452
34 1.177401017982972
34 0.619343386930796
34 1.031120512553602
34 0.952934933109029
34 0.618864332189724
34 1.254323158247727
34 1.132017853587280
34 0.800670012696855
34 0.642225842914621
34 0.731886063384232
34 0.703581849449075
34 0.606008433656774
34 0.441693174820926
34 1.041422790635483
34 0.685636059366549
34 0.845515630600653
34 1.629431804486726
34 0.847050016619204
34 0.765455729774729
34 0.483184958811327
34 0.654689868422274
34 0.774220561067063
34 0.533023396471522
34 0.537713899483031
34 0.541350336753537
34 0.676790960591743
34 1.491624128609037
34 0.900250327074195
34 1.045317695458747
34 1.532985878776536
34 0.713378475334324
34 0.688822089837553
34 1.609015661935112
34 1.058265992933229
34 1.409945563930512
34 0.609229682988999
34 0.597230100802446
34 0.777611323066315
34 0.529975838405389
34 0.659685157175641
34 0.925251937694035
34 1.173714237783983
34 0.890285739784030
34 1.145948883486589
34 0.928351985825173
34 0.785158445808013
34 0.659590118887809
34 0.697386650607143
34 0.867329113314784
34 0.515809926459142
34 0.850113743006118
34 0.425143306197552
34 1.251441070642296
34 1.061398109210349
34 0.570497413056729
34 1.767547946063734
34 0.606547033671938
34 0.913270364113961
34 0.809420558617346
34 0.758470355528615
34 0.518509114064006
34 1.302366796526974
34 0.566965544233184
34 1.373521772425562
34 0.527751877099819
34 0.359209447063785
34 0.548454286327204
34 0.479260855681598
34 0.411189605530523
34 0.753982186920371
34 0.650158978857780
34 0.549524673726830
34 1.363159605485122
34 0.835026810156651
34 0.479037901286122
34 0.911423515647958
34 0.656165630075082
34 0.825446867117728
34 1.163529804357738
34 0.616622547901700
34 1.111730836172122
34 1.077342969406285
34 0.515812729240110
34 0.605616336377304
34 0.892935063647837
34 0.871186130880147
34 0.908953013899904
34 0.724690825504513
34 1.299224983267363
34 0.899980733060510
34 1.082895654088111
34 0.566642953918113
34 0.846525147772316
34 0.931844686029171
34 1.180571153335131
34 0.688145450660075
34 1.693100313558181
34 0.533416340881815
34 0.820715773228367
34 0.882084857714267
34 1.542533496862897
34 0.794107929136248
34 0.645314578481689
34 0.498774985010424
34 1.153176947859759
34 0.579832202058062
34 0.635529244428231
34 0.919769657001386
34 1.100466041411092
34 0.940432237136485
34 1.646739558259192
34 0.570169963608181
34 1.235385469705989
34 0.899159162623610
34 0.820989588648108
34 0.792402486727942
34 1.128424147770121
34 0.902327773339627
34 0.830609452039566
34 0.940893904054085
34 0.637802866422089
34 0.947597316708096
34 0.706394843374324
34 1.306096844500922
34 0.536261651138482
34 1.029264110512102
34 0.665757234462887
34 0.572471502115796
34 0.919279501972610
34 1.321311038749750
34 0.978223658891947
34 0.971039474013524
34 0.809547127841928
34 1.303486538157466
34 0.725835088468568
34 1.266763559214998
34 0.379157993229829
34 0.538649624772743
34 1.053538216404465
34 1.590182266187186
34 1.126436066234124
34 1.308058107497871
34 0.674925769396741
34 0.592138760816413
34 1.126477355117275
34 0.538602884056981
34 0.942593225360969
34 0.651243273914539
34 1.061866205197163
34 0.679940063860109
34 0.507713563355369
34 0.656608441872278
34 0.581988539050504
34 0.756343587449576
34 1.089105792374930
34 0.801196635232059
34 0.503787957936903
34 0.852837097063047
34 0.999931810661595
34 0.669026452786522
34 0.913818576416961
34 1.237317987184046
34 0.478066887757772
34 0.922601763460027
34 0.584357573230795
34 0.826908064271689
34 0.945121604487495
34 0.758495743052428
34 1.414282045921310
34 0.624104853911675
34 0.911947078469208
34 0.795739115778191
34 0.443779966161826
34 0.661327090856219
34 0.773310024731788
34 0.581924935220858
34 0.568526844870595
34 0.918267797383301
34 0.870471230137671
34 0.485086537818332
34 0.961397997404333
34 0.445919363744687
34 0.932814919667660
34 1.431053397385922
34 0.603427427326715
34 1.434213156868793
34 0.693363304777822
34 0.536166440072194
34 0.524054260586322
34 1.001853778738425
34 0.693274658817102
34 1.155780671891878
34 1.059146496242551
34 0.639788831632679
34 1.116580215738637
34 1.068095131989603
34 0.586379109437260
34 1.092350531482158
34 1.025057191042777
40 0.827828767937289
40 1.335664411645052
40 1.042929474115034
40 1.372917717699291
40 0.988399470596054
40 3.563152494045148
40 1.160683618807816
40 0.732640736618833
40 1.387023240126952
40 0.815007719615846
40 1.152021844001052
40 1.059519569018392
40 2.183053206281033
40 1.181905891039919
40 1.174268853819992
40 1.280664528363104
40 1.723723217723780
40 1.554670010509673
40 2.662965627559677
40 1.666867963139092
40 1.185069974426563
40 1.567648834426665
40 0.819449831072800
40 0.862252518133507
40 2.000226631215760
40 1.311066130941235
40 0.809194632952813
40 0.806507502836395
40 0.977807812389521
40 1.388798818404840
40 1.358929088203508
40 1.969946089173956
40 1.262034609798672
40 1.810472877043173
40 1.378831442220404
40 1.345518637709381
40 1.251839052203104
40 1.148783764624790
40 1.348894704981175
40 2.153159623961761
40 2.212425982968643
40 1.021861617955072
40 1.640965514576493
40 1.343795661534120
40 0.931072789716518
40 0.895581911850741
40 2.113505086320348
40 1.292378781307610
40 1.438671292528824
40 2.397348461569793
40 1.615397612466674
40 1.353838673185842
40 1.673957679172172
40 1.411126115864450
40 0.866409547054396
40 2.410576875249417
40 1.251552822396091
40 1.439698637597749
40 1.821343683524015
40 2.731004904633286
40 1.621120005221544
40 2.303004209473218
40 2.129038985580113
40 0.922169275322577
40 2.086961378909608
40 0.911833259632225
40 2.065138115396007
40 1.125331592651968
40 1.704624157870075
40 2.244299163169270
40 2.223656163186709
40 1.149386793447881
40 1.146930971668638
40 0.989662701820734
40 1.398718026351624
40 1.159987341024115
40 1.100154712593927
40 0.945734486470121
40 0.640798170952790
40 1.229329457288877
40 2.198515887545573
40 1.275441767728854
40 1.643985943469885
40 1.821269572528974
40 2.035960175565612
40 1.790809500722135
40 1.591071243107212
40 1.793087798236751
40 2.110567130742069
40 0.992663453716419
40 0.916108177506823
40 1.798023312914570
40 1.656489525551957
40 1.045995594491634
40 1.501919541692894
40 1.215775261176022
40 1.039635065522129
40 1.812743477583763
40 1.580825230994835
40 1.109391177771759
40 1.474928938634507
40 1.188042148187012
40 0.644420878930109
40 1.398238221086867
40 1.800957860764276
40 1.648205895916984
40 1.896590568272021
40 2.005336498319212
40 1.582104519671148
40 2.001531714583194
40 2.476732745051871
40 0.822529272202390
40 1.323071449482271
40 1.713892867283327
40 0.973389500420248
40 1.753974649466183
40 1.823140961632225
40 0.955615037058454
40 2.446978013073544
40 1.788006470324141
40 1.214774068388483
40 0.995605470188595
40 1.340872485386049
40 0.969761896810230
40 1.246432744067095
40 1.647416703068428
40 1.333385957936501
40 1.347840204790122
40 0.715028676836102
40 0.894012952339883
40 2.223502298415046
40 1.724964751326841
40 1.731289501757315
40 2.138976884840515
40 1.086836596450848
40 0.966895592971756
40 1.381853191127355
40 2.303613021013696
40 0.606884424964289
40 1.853641467289954
40 1.755159374688173
40 2.792958475068849
40 1.127755311145016
40 1.792860100063223
40 0.770540524289968
40 1.459256864582663
40 1.050933477815157
40 0.820013657100766
40 1.336043640728768
40 2.334610264971452
40 1.172190493801411
40 1.284338497865441
40 1.557898112391312
40 1.670273295279811
40 1.044101773411864
40 1.826456862671776
40 3.072683864635501
40 1.163252231219372
40 0.936730463354168
40 1.284687346948166
40 1.401572747905904
40 1.268252999000602
40 1.625194452538473
40 1.207143279601933
40 2.077750049206516
40 0.956244163550641
40 1.118748035505194
40 1.791305475071550
40 2.041721414012493
40 1.580539516907885
40 1.438808987991939
40 1.069391250972124
40 1.580705491666079
40 1.146714120711225
40 1.526041988438667
40 1.234906838966245
40 1.608872139225998
40 1.202896325511563
40 2.540933577559601
40 1.298885664620395
40 1.425353821971575
40 0.896208832502621
40 1.783372530698063
40 1.240205193484522
40 1.058239234171422
40 1.322135533702157
40 2.239953721281704
40 1.342989337784458
40 1.591571071649305
40 1.495383687661347
40 1.016740014897273
40 1.131133704755960
40 2.088788658384278
40 2.059454817937668
40 1.696990068201158
40 0.604910169447603
40 1.793279683864895
40 1.041536649126840
40 1.006888681699174
40 0.990518402738318
40 1.636232610414750
40 1.225694934817295
40 1.498812445273538
40 1.205705989009685
40 2.125784332728168
40 1.475326993436511
40 1.839881085117090
40 1.002122252537159
40 1.165655558747209
40 1.438434195192400
40 1.243069723662833
40 1.489539213714689
40 2.085509992251567
40 1.019776873969555
40 0.942499195548306
40 1.768401471580692
40 1.209005301894328
40 1.725650071953094
40 0.745992218890400
40 2.038334431425331
40 1.606237070712631
40 1.842075811699281
40 1.194649473320810
40 1.143026878148664
40 1.054641694412393
40 1.411301913582549
40 2.586165415631019
40 1.269348180301410
40 1.467515034552182
40 1.175617518656955
40 2.178556199121417
40 1.838629066743968
40 2.194546647998105
40 1.077946652984426
40 1.592095265535371
40 1.415054685207327
40 0.851020076275919
40 2.542726251458332
40 1.326433592782761
40 1.676789257550146
40 1.267923746911459
40 1.162381147686695
40 1.199759816655002
40 0.776747889955292
40 1.261727560052305
40 1.615859955997776
40 1.737682624460117
40 1.639107417865310
40 1.816780274087680
40 1.033587988623227
40 1.636354551751616
40 1.446646952892699
40 0.770879636175330
40 1.818149588243237
40 2.318843126813386
40 1.114239390536330
40 0.916256263828034
40 1.356023307444888
40 1.102116358581084
40 1.206697480034018
40 2.697839993518668
40 1.252686505669967
40 0.617059346610979
40 1.506122436434302
40 1.498571142010857
40 2.155554322709465
40 0.894905667430173
40 1.489333756836956
40 1.130472197224360
40 2.107767258043323
40 1.596447771501441
40 1.767119995292575
40 1.958009305053379
40 1.923524517631981
40 1.218440894318752
40 2.613036051818614
40 1.308877140959700
40 1.259934801599190
40 1.374520935116206
40 1.896693105573949
40 1.245781128938296
40 1.947094001062281
40 1.852090707433170
40 0.876564313492203
40 1.867811718259482
40 1.069784561463582
40 1.083793253782986
40 1.255288750932344
40 1.161502046331085
40 2.317418263734224
40 1.442436514887618
40 1.581411105703157
40 1.607470018523941
40 0.658290289224698
40 1.230514024490565
40 0.876614214257012
40 1.073303500388510
40 1.155752530933423
40 0.767988627330618
40 0.997518632528678
40 0.642888312847504
40 1.088179872777868
40 1.300078700975170
40 0.834768070636501
40 0.812104591491764
40 2.134030352363810
40 1.015650434208002
40 1.573517687076754
40 1.705877435044989
40 1.565276102831307
40 1.565362107074838
40 1.577127285054438
40 1.119493999184515
40 1.355916031006741
40 0.920023810739969
40 0.838537831803183
40 1.555702173115235
40 1.797095034529695
40 1.587499798860929
40 1.306776675717259
40 1.548982059498970
40 0.999385817038840
40 1.861002646297486
40 1.505740485496562
40 1.271716966553049
40 1.610605455922890
40 1.091688988469116
40 0.920754407846765
40 1.056276103373031
40 1.322758213193229
40 1.518237215491851
40 1.544097788089562
40 2.315304590528998
40 1.747355385910042
40 0.721609967256406
40 1.750890314964741
40 1.587355536586420
40 0.828971147986426
40 1.776753998791374
40 1.059987354230035
40 0.894247978919593
40 0.992944057247944
40 1.233518398966288
40 1.406795854428982
40 1.504099236008987
40 0.856442787729225
40 0.885339375928119
40 1.390595440368297
40 1.609141618863589
40 2.237858141409628
40 2.530660307784515
40 1.367668552174946
40 1.281289343679536
40 1.381975537281116
40 1.840993158389896
40 1.941200904859212
40 1.544299968474341
40 1.237706645473988
40 1.765269827061102
40 1.038828468372847
40 2.557411831695024
40 1.542674244249563
40 0.884814502203918
40 1.778758057217855
40 0.763312835404363
40 1.161682028523522
40 1.196069533709426
40 1.137522218535482
40 1.142188051950335
40 1.169887799611764
40 1.645061948872705
40 1.169661645633299
40 1.781236846650991
40 2.143944288151733
40 0.634937346737837
40 0.985249811013034
40 0.771355801625482
40 1.131161239322633
40 1.031389915524530
40 0.774739852751271
40 1.502559761099495
40 0.880074838637205
40 1.197886381981244
40 1.585388776090290
40 0.938957643720174
40 3.451233001817623
40 1.399675880794369
40 1.135160392048320
40 1.000937985553247
40 1.255243906076359
40 1.634283561284507
40 1.455313782425657
40 1.720175578538544
40 2.354172029517805
40 1.601483158750351
40 1.913693238322708
40 1.543826562090413
40 2.183470166505050
40 0.813215730885267
40 1.645527835712758
40 1.434456604049617
40 1.195507228066784
40 0.956704511242073
40 1.033351709624508
40 1.325944737064553
40 1.877482138103298
40 1.108616575613654
40 3.160687224274607
40 1.372300226493072
40 1.333265969046562
40 1.065343074960703
40 1.151920035935186
40 2.001539992900150
40 1.579666594598606
40 0.701301900089893
40 1.461207120324122
40 1.973391822233061
40 0.931615192009616
40 0.937554979197166
40 2.260436319542451
40 1.225916425467529
40 1.420428248605175
40 1.132214380208561
40 0.936136494418944
40 0.766229767687689
40 2.623633565984255
40 1.502857260350897
40 1.088495728046389
40 1.793486585597716
40 1.948558259087941
40 0.945225871060563
40 2.237393515680530
40 1.676015799076970
40 0.996682624748776
40 1.376112378091179
40 1.349137123170991
40 1.401509625046351
40 1.005401899060827
40 1.844602792629011
40 1.799959937145715
40 2.587386423605136
40 1.353429375251553
40 1.350513746667186
40 1.482243529746118
40 1.066896077967773
40 1.053906266667596
40 1.189448437181081
40 1.365423740774874
40 0.691638967488593
40 1.082440220112801
40 1.666081993145736
40 2.092640844621743
40 1.131675575396383
40 2.048421296474897
40 1.956657239642668
40 1.154663879011153
40 1.222081627423650
40 2.251764918778768
40 1.407633678183451
40 0.527538570451025
40 1.730913756837646
40 1.429168525403645
40 0.716350876768901
40 1.023535471612732
40 1.010331419594966
40 1.022931803276410
40 0.927586049902501
40 1.501440126679348
40 0.955419510656094
40 1.185497250327181
40 1.119951405668937
40 1.917416108613983
40 1.330333149243877
40 1.618226397862339
40 2.232549607840800
40 1.006050551347808
40 1.123544503991209
40 2.526652409273286
40 1.448148618637799
40 1.912865582521070
40 0.928325458659641
40 1.271690929658722
40 0.913952571434836
40 1.196829736373365
40 0.924119447731986
40 1.363537749888403
40 2.234025945680155
40 2.022870695207619
40 1.857382746642157
40 1.611581783840585
40 2.153921848584513
40 2.669608296046587
40 1.926148171523337
40 1.213425625077280
40 0.933615227966198
40 1.035529565594301
40 2.974849467787116
40 1.633172020176863
40 1.250794845762838
40 1.737877419281254
46 3.203232846367265
46 2.485001954882187
46 2.282484257944513
46 3.197170772569413
46 1.748356709879966
46 1.643600587452230
46 2.514567151228267
46 4.500734119571267
46 2.303615469138259
46 1.216499886962443
46 3.742488739738915
46 1.580647667657393
46 3.647403181102733
46 2.145675979391140
46 3.306819615139172
46 1.945640982707241
46 1.906271806103184
46 2.038404309380276
46 1.608703789237087
46 2.138392276319035
46 1.910815500936608
46 2.280059084651861
46 1.461630983331041
46 1.476385129107680
46 2.051422254991279
46 2.344393289699450
46 1.497381970164657
46 2.402110229921406
46 2.458182092958991
46 2.925887432314524
46 2.681964327568394
46 1.578837954890597
46 2.862509528967230
46 1.527778928143542
46 1.383774535405148
46 2.122684009279952
46 2.109714332717279
46 1.497209773218664
46 1.951767817094446
46 3.069016420036445
46 1.326669086575396
46 5.496641098398651
46 2.499057998782732
46 1.364238790985616
46 1.161449504417266
46 1.498419808925591
46 2.405254467546430
46 1.580618658691254
46 3.632372456560591
46 2.731882519691127
46 2.289206803352610
46 1.619072064973431
46 1.377164867391947
46 2.494304677947309
46 2.457414988885477
46 2.603142092491173
46 1.059996944493922
46 1.571445210276690
46 1.770487040788851
46 1.597225138224656
46 1.619633966356094
46 1.531536152996358
46 1.378033297977889
46 1.715489003604919
46 3.667375385694051
46 2.077559048868204
46 2.681026451993628
46 2.147421891416857
46 1.062659289734208
46 2.324647125293744
46 2.199092499761039
46 2.169891512896249
46 2.036544593296393
46 3.455196741440336
46 1.968573347983176
46 1.409502001822413
46 2.956346475652877
46 2.415452522067937
46 1.088978479418400
46 1.314649421016120
46 2.275586019225241
46 2.430196353665276
46 1.997922291327325
46 3.580044047915361
46 1.329589803851618
46 1.192614528562675
46 2.193544021629438
46 1.585549542452072
46 1.351155212719586
46 1.612213208465147
46 1.712817021712759
46 4.120217613560533
46 2.809347084062488
46 2.335224043441109
46 1.158163668870300
46 4.110176134931256
46 1.669447151267675
46 1.873715769502779
46 3.905005364775089
46 3.861644218405679
46 2.038551448596258
46 1.389625114188343
46 1.471792885637794
46 2.091272577773961
46 1.199611728623796
46 2.752961147017729
46 1.956660530562747
46 2.639666151554748
46 1.474583460133213
46 2.764012709130800
46 1.883492596261788
46 1.332904651807604
46 1.915127909627293
46 6.248686036880895
46 3.463623585328842
46 1.282635957308017
46 2.916123181737778
46 1.475979613915174
46 1.634781419758167
46 2.860432183201658
46 2.221084265586604
46 2.673561099057836
46 2.428651302888956
46 1.855085192546045
46 1.254899971177716
46 1.376403725710600
46 2.154190390842516
46 1.899374281057309
46 2.106088080040860
46 1.375553333091117
46 2.137750881773609
46 2.822096715064478
46 2.302675154958693
46 3.114450398230943
46 3.304473019393265
46 3.717530798219696
46 1.941592769527662
46 1.792493472039849
46 3.673303803328411
46 2.071928887023933
46 3.100058708513501
46 3.422473503579759
46 2.557877011321836
46 2.135152611343979
46 1.764438348202648
46 1.685019783545528
46 3.701070741760045
46 2.440618831507486
46 1.943226017446713
46 2.197307399833866
46 3.200460048507555
46 1.778292459138050
46 4.352033720580033
46 1.645983338621771
46 4.807502034528620
46 2.273759037998527
46 1.433014055857955
46 1.744543831026441
46 1.773153796737429
46 1.936462263663607
46 2.507721391253126
46 1.604241526530228
46 1.784179353604809
46 2.053048269909679
46 2.738147946105116
46 2.144752484686795
46 2.141045725154839
46 2.059665407653989
46 2.144977796977490
46 1.837186553859099
46 1.234530974204672
46 2.856876533820970
46 1.259058068915270
46 1.522619880908677
46 2.512784135861830
46 1.646346502115750
46 2.121566253171383
46 2.296114030086092
46 1.615875656415485
46 2.229570062718567
46 2.302499653242856
46 2.671899901544023
46 2.081070547204670
46 2.682083425340735
46 2.427791005451724
46 3.056356865345150
46 2.134477240831410
46 3.089129202252646
46 2.685816211663498
46 2.825437628806884
46 2.400889726107606
46 1.689356604367023
46 1.894449463423515
46 4.565694715199600
46 1.885716266221391
46 2.299434969112839
46 2.440697925853462
46 1.864392243532831
46 1.407835269561478
46 1.155051706375112
46 3.126445816986198
46 3.169227760617896
46 2.846009511818299
46 2.291278537131172
46 1.264143512470922
46 1.155850837779742
46 2.464766425554557
46 1.587048012303977
46 2.253930592693183
46 1.654793818855281
46 2.438331366674289
46 1.955267584629815
46 1.935087706283993
46 1.855961981244460
46 4.561033294211735
46 1.732350460607607
46 4.406363146696348
46 2.411760254164258
46 2.003611950236711
46 2.019962176504553
46 2.632291491961958
46 2.585239176614231
46 1.520627551506045
46 2.289915379647142
46 1.816160734043780
46 2.342734529503141
46 1.825681303248987
46 1.898641022355709
46 2.122376508512743
46 1.614921137956981
46 2.079789857344985
46 2.241131738057844
46 2.518452454521180
46 1.146729289338614
46 2.457889362691836
46 1.905335271609558
46 2.122678350734661
46 3.295103180223490
46 3.724370792810999
46 2.810345726318251
46 3.221566600490806
46 2.140471985889271
46 3.227113426071087
46 1.961579213625842
46 2.377851521045705
46 3.098693306034436
46 2.078444256729515
46 1.952033064135645
46 1.658779909143053
46 2.525114596423520
46 1.589935674852271
46 2.894601385414013
46 2.858416984276249
46 1.829893240933037
46 3.069324678668082
46 1.986938581203371
46 1.596745728302863
46 0.988412881647848
46 2.397430582498899
46 1.102550708257181
46 2.966452233223266
46 3.043141660214777
46 1.127747195383154
46 2.263115227791502
46 2.769857582724566
46 2.413337119369604
46 1.450408704749532
46 4.148814331318655
46 2.169760976378996
46 1.461194317994198
46 3.237648460414934
46 1.815629909706527
46 1.905977818659750
46 1.451880315919517
46 1.959327633293369
46 2.110520275167826
46 2.164985867053710
46 2.529663859876494
46 2.002379885121627
46 2.235085378699067
46 1.523807616359176
46 2.092612379754804
46 1.537022774866118
46 1.899445461910633
46 1.429208247104061
46 1.809248733577797
46 1.613858344652804
46 2.974730513418996
46 2.614875899286499
46 1.841574457803712
46 1.423900891540734
46 2.371661225167258
46 2.983878840034993
46 2.356225484156507
46 1.329984086018930
46 2.652368803594145
46 2.465467505487918
46 1.839086774994261
46 1.484229799385594
46 2.037399625355401
46 1.611020014099338
46 2.333715820911908
46 2.007794219727667
46 2.813843908033007
46 1.502529986024774
46 2.124832285473132
46 1.514065236053862
46 2.150810546043423
46 2.838079439926756
46 2.292579035808065
46 1.993651475351895
46 2.192844089516387
46 1.903729583538769
46 2.565646911259510
46 1.631174528019305
46 2.468684455811970
46 2.232527868804285
46 2.533587307654198
46 1.739389241944216
46 2.279985889450324
46 3.377930903799244
46 1.847970945224260
46 1.892574701906360
46 3.091669457662848
46 2.476143545161527
46 1.296675620617213
46 2.377746326568747
46 1.982250555970643
46 1.341057447414029
46 1.972322040310163
46 2.018853350737615
46 2.571537470212817
46 3.174652256775361
46 2.295559234240573
46 1.954950207359475
46 2.723608116082720
46 3.183550191326074
46 3.090787329339288
46 1.987283972992943
46 1.536620375842470
46 1.413291542651019
46 2.300555136435023
46 1.803728447234285
46 1.349430749722425
46 2.384155872012367
46 1.937513152520403
46 1.197400994416456
46 3.195466253813636
46 1.209893431382448
46 1.728505308874558
46 3.305401329863441
46 1.269669081840299
46 2.623215913411394
46 1.814298779089185
46 2.141848720912149
46 3.195595057593166
46 3.100031786025385
46 2.209681985298673
46 2.872141011833258
46 2.271037123329398
46 3.203310224643788
46 2.141140413808746
46 1.397102936474175
46 1.557369375685834
46 1.380512472794448
46 1.687897140344365
46 2.563683395215513
46 2.756083014722780
46 1.911941475395311
46 2.198507137295123
46 2.479762514617153
46 2.772981677158561
46 1.728577187513500
46 1.238882280538352
46 2.146483300900627
46 2.793608811276626
46 1.364983819696623
46 3.575750731347817
46 2.671386136050239
46 1.438055080136579
46 2.150201979095783
46 1.683895798255492
46 1.769086271535852
46 1.901066556993651
46 2.182576810335597
46 2.771988267161510
46 1.718389473164537
46 2.085634498164521
46 3.342610833680991
46 2.599517005015545
46 2.393071207001251
46 1.959332860315759
46 1.209998336090073
46 1.309086502227134
46 1.103660853464166
46 4.405548544041849
46 1.380920403970128
46 1.997382187549610
46 2.083235378094258
46 4.343123898267639
46 1.816227568455492
46 2.027704043257886
46 1.947825602635068
46 3.467372651622480
46 1.720534359740886
46 2.518812263926193
46 3.544592833382825
46 1.371274401425211
46 1.380656249129989
46 2.341719609530402
46 1.977920537647814
46 0.961207472348153
46 2.107039092271007
46 2.241798184992161
46 1.157142025111546
46 2.628551338453703
46 1.652533530757915
46 2.760077896713441
46 1.832597955030422
46 2.048162983609609
46 3.780483380665155
46 3.850057481428910
46 2.012309122544124
46 2.118874917920525
46 1.815502725083884
46 2.430908537393759
46 2.795959683788130
46 2.591319663572266
46 2.129070395954635
46 2.712842119227378
46 2.154725465993912
46 1.911442893927024
46 1.829368954557822
46 1.532731474294216
46 1.703685949207200
46 4.498173776000209
46 1.824691338337039
46 1.874918687518527
46 2.187355922603442
46 2.712510904703038
46 1.255191177030368
46 2.631734807214921
46 2.085035853815650
46 1.690711312911711
46 1.455131748809521
46 3.454123487456316
46 2.288286720775019
46 2.463797096541077
46 1.391508720799070
46 3.104255324325736
46 4.980254224941006
46 3.209267737814812
46 2.015192359470917
46 1.661950725103208
46 2.643003612102515
46 1.251289573507881
46 1.911035107425326
46 2.374472952323559
46 2.671685957038703
46 1.674863923729536
46 2.272543410802233
46 2.682392472678858
46 2.482758849648956
46 4.369677348106309
46 1.858781087853983
46 2.883398923648008
46 1.467471359835412
46 2.088766803035431
46 1.921618536597941
46 2.993059951807104
46 2.933128091603631
46 1.081498807103844
46 1.619392204570361
46 1.500706992328566
46 1.503339463820609
46 2.037925930071390
46 3.572500874517324
46 1.895183830209092
46 1.569915581715178
46 1.714558608381936
46 2.097974057110239
46 2.613885760067975
46 2.236597178031535
46 1.377762928425798
46 0.859408969390370
46 3.113776492720876
46 1.554909185677194
46 1.898723299787879
46 1.533500912214170
46 1.796140354331376
46 4.161405464791661
46 3.992043927005264
46 1.790216768384257
46 1.842931808316578
46 2.349997832040025
46 1.815128946488832
46 1.436306895268508
46 1.486086360745623
46 2.052721582279978
46 3.034567101364761
