10 0.011539556244172
10 0.019322911101445
10 0.018524117139917
10 0.020842391835113
10 0.019263187219402
10 0.025093716843426
10 0.017152942702155
10 0.013286698834167
10 0.014234567093919
10 0.013343758247404
10 0.019452008965548
10 0.016096794712906
10 0.016837109599929
10 0.013769878622347
10 0.021869268789493
10 0.013296957915793
10 0.012764741006706
10 0.023404007762697
10 0.014899522296895
10 0.017196761233884
10 0.027642062352528
10 0.020817288600106
10 0.019374368738198
10 0.027297185349263
10 0.021973926078316
10 0.036517556706545
10 0.010694409121630
10 0.011828566617037
10 0.016135639294408
10 0.017313295171424
10 0.026947557261868
10 0.013937721316622
10 0.019118306025883
10 0.027281100172155
10 0.015002971681566
10 0.016085802882274
10 0.019679632493079
10 0.015810709324555
10 0.014456576227466
10 0.011034405796986
10 0.015436175628133
10 0.016329939628370
10 0.024943679431467
10 0.020021756297967
10 0.022794834394671
10 0.023496929090568
10 0.016857359186258
10 0.011542781190562
10 0.020081982550309
10 0.023959760416285
10 0.010462385580655
10 0.014974768368258
10 0.035271093469409
10 0.016538818199365
10 0.008948411554724
10 0.014228448655634
10 0.021445991203190
10 0.029790993179368
10 0.014611875599040
10 0.017701812196966
10 0.012629273425406
10 0.014492343016324
10 0.019978652743975
10 0.012382079686289
10 0.013425884134357
10 0.015624426965797
10 0.018530649719972
10 0.011474503506284
10 0.016181894415660
10 0.025312237242742
10 0.025273124587165
10 0.016388925961343
10 0.011346449308909
10 0.018256413610370
10 0.015069540344082
10 0.016233394472691
10 0.030887023369097
10 0.027354753151394
10 0.022532001607455
10 0.023813429747120
10 0.015435944359805
10 0.010683104321411
10 0.020625520968647
10 0.011714260093017
10 0.017967720927651
10 0.013480431073120
10 0.014900234563287
10 0.022058615697715
10 0.011957413873526
10 0.026272151468789
10 0.026792882867641
10 0.015988691464207
10 0.013347760492216
10 0.020030828306589
10 0.010689832577869
10 0.024966406691759
10 0.009525942576532
10 0.023883023528566
10 0.009595291583350
10 0.015752769561928
10 0.013298603697143
10 0.024004785052975
10 0.018329972756680
10 0.011592932058831
10 0.008850965097082
10 0.012992929264540
10 0.023424747294178
10 0.030392118451005
10 0.014158161472168
10 0.016323189473688
10 0.017134825116278
10 0.027701207004900
10 0.025520007533482
10 0.012372183292912
10 0.009606909878954
10 0.015319954290883
10 0.018789191840082
10 0.010756940892332
10 0.010794923424056
10 0.015297720719134
10 0.017426112094035
10 0.012700162079373
10 0.012718622804803
10 0.026050811238395
10 0.025774902911197
10 0.010834005193759
10 0.013928740753200
10 0.024508601006070
10 0.028711822889160
10 0.016440353817920
10 0.012706435663383
10 0.027512055213165
10 0.022046900841616
10 0.022502293780156
10 0.011277395719417
10 0.016977717993960
10 0.019135852907598
10 0.021205005073661
10 0.021902932418838
10 0.014967981591581
10 0.014786599316578
10 0.018343254701041
10 0.013102777494865
10 0.026987615483982
10 0.010597945120729
10 0.017380811882349
10 0.019987722379359
10 0.023095450143887
10 0.014505696813307
10 0.019535986414852
10 0.013033966596132
10 0.013469878282161
10 0.013290337978607
10 0.023375488346137
10 0.023507403382362
10 0.020701239998600
10 0.029605491382040
10 0.023181019246979
10 0.021925110996137
10 0.017468194102048
10 0.014923916126757
10 0.023737694172912
10 0.016874093598587
10 0.016555444176919
10 0.015764357985282
10 0.025266799271079
10 0.012774864141910
10 0.011065596665955
10 0.011656873796497
10 0.013324905757281
10 0.013781545772012
10 0.017659094570714
10 0.016530911415122
10 0.042564848780385
10 0.012461720478290
10 0.012046817016378
10 0.019734781371067
10 0.032270667127591
10 0.020022120640257
10 0.019728988640136
10 0.009297950019554
10 0.010526543596384
10 0.020995348684721
10 0.020923837950920
10 0.012286562814947
10 0.013090741039912
10 0.022541531058909
10 0.024369119369046
10 0.020823261464058
10 0.020854553177145
10 0.012969133052324
10 0.019122628798385
10 0.023417885119775
10 0.015772190039043
10 0.017071950350170
10 0.018194265979750
10 0.025728669080969
10 0.021694700982584
10 0.009891197119726
10 0.036726954377140
10 0.022232113178016
10 0.016916061780729
10 0.010929267350906
10 0.020487172615618
10 0.013903620076103
10 0.029194575424765
10 0.011195572006373
10 0.015836585644713
10 0.009693363850634
10 0.014925525644110
10 0.014271298201596
10 0.034352801158617
10 0.013351375452683
10 0.016549308332281
10 0.019172523450112
10 0.011294127877556
10 0.015622660432183
10 0.011901776605876
10 0.009586235476254
10 0.023962008752760
10 0.019887628671885
10 0.009732054799282
10 0.012363421479022
10 0.009837409919396
10 0.012464944317606
10 0.019189775223495
10 0.016905863441033
10 0.020716278212435
10 0.019089544370372
10 0.020745702474745
10 0.013346084348504
10 0.017575343679399
10 0.023070527918341
10 0.027525123561323
10 0.021579211680800
10 0.014204077396813
10 0.012535828168229
10 0.014779657357358
10 0.011729214422061
10 0.018200006893933
10 0.020372807702085
10 0.014076773600281
10 0.012900929261982
10 0.012576368492025
10 0.012086185804786
10 0.012943430344021
10 0.014886265985243
10 0.009614526768769
10 0.029664678442344
10 0.014559283025264
10 0.011266010860066
10 0.016405816567783
10 0.021353961450069
10 0.011776482846565
10 0.014897919344918
10 0.013139784851020
10 0.024246372363050
10 0.017580843048708
10 0.011546106584920
10 0.018561465366719
10 0.016691350946881
10 0.025640066845280
10 0.025074686572800
10 0.016938430538529
10 0.019680448646882
10 0.011587055488357
10 0.017903238544067
10 0.010558085535843
10 0.012983418807240
10 0.009625825465459
10 0.015793213531199
10 0.013443043214931
10 0.025063081684623
10 0.017220098200474
10 0.022288302596361
10 0.010991614848921
10 0.013733653943566
10 0.012034033911779
10 0.022683199982327
10 0.018909504046243
10 0.022109755802874
10 0.022673309576512
10 0.023056219100892
10 0.015100911507422
10 0.029205971508242
10 0.025635978012667
10 0.015399074312317
10 0.016806678481107
10 0.015474022612585
10 0.016869103230002
10 0.014235573581634
10 0.023899040054974
10 0.013215051979519
10 0.015688178192349
10 0.036244910280938
10 0.019287805028680
10 0.013401519221015
10 0.021313124456556
10 0.016638146731222
10 0.028897904348312
10 0.017196243870663
10 0.022387331574208
10 0.012617850667489
10 0.012255413113809
10 0.041399706105680
10 0.017392583903115
10 0.013491710579579
10 0.011146170399005
10 0.026439191967476
10 0.015856946491257
10 0.029762967125457
10 0.019435541341974
10 0.022921497021228
10 0.008653782509470
10 0.026956381970466
10 0.013993425680958
10 0.017630398368285
10 0.030290827457437
10 0.018190220612295
10 0.018288537874398
10 0.016276750864179
10 0.027812706002350
10 0.012964228981049
10 0.014409680041961
10 0.016852178473914
10 0.012010246261151
10 0.017286488760983
10 0.014832342687842
10 0.016413678651529
10 0.033443282388817
10 0.018964663846410
10 0.021979546395078
10 0.030297188277673
10 0.012481973632666
10 0.013196853967957
10 0.024553319888015
10 0.011521584660587
10 0.009307656747711
10 0.028997162831417
10 0.009831365731829
10 0.010751688286747
10 0.023834099447559
10 0.015573089639203
10 0.026281831355829
10 0.020170671625630
10 0.023401101939514
10 0.012808230674804
10 0.023901892009956
10 0.023676984226494
10 0.008332073173166
10 0.007488779973526
10 0.025705605371476
10 0.017585894836891
10 0.017555836009583
10 0.012699478314615
10 0.016187722093785
10 0.023436615921460
10 0.019400335945320
10 0.015490199388327
10 0.011082377787397
10 0.016938415580256
10 0.011972021641513
10 0.017852845115766
10 0.017467830850034
10 0.011150688104315
10 0.014990604661427
10 0.027098249815422
10 0.017986914026062
10 0.020546768944711
10 0.015891936736345
10 0.016977188489601
10 0.012417823730350
10 0.015398989889566
10 0.015544268874151
10 0.007509021167952
10 0.027048448838469
10 0.014529082236363
10 0.012601776640657
10 0.020308837150340
10 0.022784398143504
10 0.012786931128412
10 0.025136768925246
10 0.030355657251743
10 0.014862940555650
10 0.016343557156698
10 0.029484969010711
10 0.010884718197771
10 0.021428480828309
10 0.024443045298658
10 0.023124396542671
10 0.029082608826427
10 0.030909857854379
10 0.013692761525215
10 0.016362945002189
10 0.025046659970105
10 0.015320378863299
10 0.010583930167083
10 0.018151311276633
10 0.015637198712979
10 0.013609666053430
10 0.035433979039115
10 0.014858047541110
10 0.017982785356744
10 0.018113019564330
10 0.026062372776959
10 0.012156245597668
10 0.014726055135897
10 0.021154470689331
10 0.019784254473281
10 0.039068958140919
10 0.015047313064478
10 0.022965253676887
10 0.015365252542784
10 0.015980461288220
10 0.022284357268501
10 0.023860802436439
10 0.014079172699355
10 0.019188377196316
10 0.014535178123202
10 0.008602883817146
10 0.009654733480084
10 0.020888690145666
10 0.020375034908133
10 0.015290301867243
10 0.016379684242489
10 0.020642395569221
10 0.011862225896626
10 0.028788042770236
10 0.017441809682843
10 0.024509116238063
10 0.013684002534644
10 0.027086809630660
10 0.015366122897411
10 0.043255289434709
10 0.016615264516103
10 0.013464376877321
10 0.018926123633564
10 0.016764173349904
10 0.021557218483064
10 0.016011890439244
10 0.012291829832999
10 0.019659556785347
10 0.017924778646732
10 0.029650100573949
10 0.018108300759962
10 0.015837230328958
10 0.019935236542968
10 0.016056225667487
10 0.014412732840009
10 0.021316821026095
10 0.013100638969482
10 0.017970399085996
10 0.014497329887693
10 0.009948997818768
10 0.021132835310619
10 0.018493377797323
10 0.019389332461874
10 0.024230860719602
10 0.019120407284445
10 0.019690587603715
10 0.015533244057618
10 0.006550411924951
10 0.017139278289514
10 0.019633322840949
10 0.017657856406640
10 0.012370535643337
10 0.017250912829121
10 0.023120375101531
10 0.011690340157305
10 0.008343725970147
10 0.021454221438138
10 0.008368931823211
10 0.022700832699718
10 0.010844222470328
10 0.016152186301066
10 0.019753159079088
10 0.025464991792894
10 0.013703877484985
10 0.020095282919947
10 0.013377523887617
10 0.015653211275947
10 0.023301567547484
10 0.015598620582455
10 0.012123615929371
10 0.021507035173948
10 0.012735570257419
10 0.016262352708476
10 0.011389441549178
10 0.011957866972248
10 0.008656383749483
10 0.023857021371176
10 0.013246626277193
10 0.017793695403185
10 0.013979818645659
10 0.020209430345249
10 0.020036464100855
10 0.014955225604907
10 0.019214514671990
10 0.013147872257752
10 0.021132283056068
16 0.147191548856338
16 0.095084021589844
16 0.088525279016389
16 0.095642641512768
16 0.072722866571073
16 0.180588927984102
16 0.117017133719405
16 0.074920659254806
16 0.053180730735153
16 0.092831791839159
16 0.060850603078224
16 0.084250196381145
16 0.149596756928560
16 0.095733170312989
16 0.185785919145993
16 0.058749935784350
16 0.090255477607146
16 0.080950393122051
16 0.156155736657447
16 0.065249525955067
16 0.205399173833324
16 0.161127327873013
16 0.078346510032795
16 0.132758520699215
16 0.095042987499385
16 0.074197449173517
16 0.061157934903210
16 0.094051972173580
16 0.115054777036596
16 0.146710300320646
16 0.099996903679304
16 0.155720240826464
16 0.146543356088930
16 0.094273113177558
16 0.110664656760399
16 0.144647419256549
16 0.134314316588700
16 0.147347239346780
16 0.085862307637757
16 0.106376283208287
16 0.120173453442644
16 0.084428668281110
16 0.126455992327456
16 0.121136521824868
16 0.097413950836861
16 0.053665903695834
16 0.060136914287635
16 0.061545710257361
16 0.106367759983191
16 0.071878936705032
16 0.186822557210733
16 0.083762651403549
16 0.105321786499230
16 0.136803079428404
16 0.142992856863335
16 0.189518292801325
16 0.173537195861886
16 0.080704525503370
16 0.140741403296921
16 0.150700877083438
16 0.126544737255683
16 0.058338183317548
16 0.047192830118340
16 0.138790570477667
16 0.095447331140261
16 0.080358680715062
16 0.102031070540931
16 0.155588959947535
16 0.139738134813079
16 0.108621715180664
16 0.076420270905399
16 0.082321268034306
16 0.117056352774782
16 0.141138381198575
16 0.117983919964628
16 0.094882416100589
16 0.091774278883730
16 0.128727195668121
16 0.076492096742166
16 0.078862282638014
16 0.067662256558804
16 0.057357964967052
16 0.065267685980796
16 0.078371690438539
16 0.104784263067236
16 0.171680794827947
16 0.108612989170590
16 0.077022622941841
16 0.197552424007283
16 0.182920169327441
16 0.052273657212299
16 0.116899433755997
16 0.104257412540731
16 0.074051031844425
16 0.129146933572813
16 0.110769461208111
16 0.085400275458978
16 0.205379218208484
16 0.196609359390103
16 0.103878409314823
16 0.234768358989794
16 0.092430835210227
16 0.101192842235718
16 0.118890475463584
16 0.145394410434230
16 0.104593489371492
16 0.063822945186615
16 0.081946190576432
16 0.084720393099191
16 0.134545757780468
16 0.213615508391030
16 0.073102096646541
16 0.109594312739515
16 0.144078375769215
16 0.145497262970336
16 0.115246723646849
16 0.122756634254743
16 0.123506611722534
16 0.098985913893450
16 0.101416744577689
16 0.065720876370195
16 0.143942773560996
16 0.163960706602779
16 0.058363767517164
16 0.087774550066527
16 0.094131064091402
16 0.084875986200681
16 0.101294715360719
16 0.130964571338577
16 0.073433796281788
16 0.128507688998410
16 0.083661001749625
16 0.080057115228061
16 0.135540862369718
16 0.154248024929922
16 0.107880535415761
16 0.112857524725871
16 0.086252254697271
16 0.105134974144746
16 0.095044677618768
16 0.082769232117569
16 0.121773173316325
16 0.087786246345554
16 0.129307758475135
16 0.099151068801283
16 0.063863244921591
16 0.068138684823712
16 0.082142593236140
16 0.125464156507694
16 0.109682339484293
16 0.139682991329498
16 0.129601954629027
16 0.096064096421233
16 0.113480902445693
16 0.099940648744219
16 0.118260612629797
16 0.129745598002796
16 0.104549581585745
16 0.104687404347209
16 0.151126868304375
16 0.106446355927161
16 0.147496207542590
16 0.087302690466273
16 0.172655582848937
16 0.096315711419958
16 0.157411054083540
16 0.108012729667383
16 0.076078608141348
16 0.105369987483822
16 0.112208528912225
16 0.131849610620929
16 0.089847100920814
16 0.107276912891270
16 0.081330377244011
16 0.099921743785754
16 0.094380639828754
16 0.143468754017312
16 0.054263119429426
16 0.212785696065596
16 0.133746066485977
16 0.105846898783599
16 0.060858425706015
16 0.095972961227573
16 0.161047698270932
16 0.129495635907687
16 0.060163045308892
16 0.091606100329424
16 0.172508031735991
16 0.103910054471005
16 0.098817823664791
16 0.166979978940627
16 0.073787535237555
16 0.198923351243549
16 0.069302402730828
16 0.110917650757823
16 0.093152990029597
16 0.085352320216442
16 0.054522675315515
16 0.104071900803254
16 0.069142096602333
16 0.103625629613449
16 0.137607520224266
16 0.080355156564120
16 0.143791809829242
16 0.100218666559385
16 0.101859865843729
16 0.091664292862391
16 0.114246530689554
16 0.104137109162219
16 0.091646134269562
16 0.113558734574401
16 0.086623537285960
16 0.062876577687387
16 0.097916723435543
16 0.103943902851959
16 0.067489922381807
16 0.063268174106099
16 0.129211006346582
16 0.130133939946868
16 0.046041754076546
16 0.093419115091872
16 0.083581484848744
16 0.142548847513644
16 0.141926007663349
16 0.098406360606583
16 0.154761587378359
16 0.090901600148957
16 0.104806673361204
16 0.066425805857047
16 0.113805456763802
16 0.094609774714935
16 0.124861856553915
16 0.057526470631950
16 0.123519374186336
16 0.096174646227196
16 0.055035809558326
16 0.145024752379039
16 0.180324592840383
16 0.118331513616130
16 0.066011514200934
16 0.099176491853666
16 0.166715495205066
16 0.056386814205430
16 0.118947945176447
16 0.106795663061573
16 0.143684849777178
16 0.163719005881176
16 0.089651695105384
16 0.136574148765080
16 0.082922514264686
16 0.068972927993801
16 0.093744479956706
16 0.133951760700626
16 0.158065101160304
16 0.067741745643284
16 0.112180877660952
16 0.124786841738554
16 0.111077690019327
16 0.076021986748265
16 0.062645170591834
16 0.133162212302125
16 0.060449045399499
16 0.063561239383266
16 0.165223502840364
16 0.089755442198291
16 0.137805583113174
16 0.131262005584625
16 0.120541621225014
16 0.069242474698514
16 0.156501570778368
16 0.102707275541348
16 0.109546585989484
16 0.093861732464183
16 0.076731741583562
16 0.077064797378321
16 0.098595239477400
16 0.069090103905429
16 0.083086759466574
16 0.077074741227613
16 0.116728385679798
16 0.088231477094779
16 0.097513380467137
16 0.087307635366026
16 0.070707437339429
16 0.067110314349429
16 0.132688561314441
16 0.095793440861076
16 0.092544418820903
16 0.218665814456041
16 0.070216249768986
16 0.089147728665945
16 0.089948069100923
16 0.123401132982409
16 0.103019682084348
16 0.191477526710217
16 0.109650342075945
16 0.121290352693216
16 0.087948547094014
16 0.090633427333834
16 0.069028261098030
16 0.146394338649193
16 0.184360549565142
16 0.084505047410706
16 0.088951610347763
16 0.060000036763385
16 0.111069145318618
16 0.107900070848051
16 0.129036823031998
16 0.123807854617600
16 0.116103854406124
16 0.130695473828331
16 0.109606631162683
16 0.175931115556885
16 0.087421971800311
16 0.069898874661780
16 0.127763206200994
16 0.058089277176168
16 0.201640751587645
16 0.115145800333598
16 0.061196977576509
16 0.076629191863997
16 0.096063147117999
16 0.124468371012879
16 0.182259834849488
16 0.139324583415607
16 0.066998593715267
16 0.057495275909729
16 0.138061598688783
16 0.127012357520099
16 0.090481072368854
16 0.106183083239315
16 0.172166599865426
16 0.085738610351451
16 0.203819318146792
16 0.101972724756827
16 0.047044853419704
16 0.093987396781866
16 0.129511343644103
16 0.144934188207174
16 0.098376143147527
16 0.061475108966432
16 0.122020036704721
16 0.087640787254207
16 0.136481886367191
16 0.126314723520048
16 0.119983324299196
16 0.148928289160080
16 0.137868242937284
16 0.090471699287541
16 0.073467498812200
16 0.116413965629377
16 0.069206560009610
16 0.058927159129707
16 0.077018515333850
16 0.075502296271947
16 0.120092081977836
16 0.052624630989873
16 0.103999596736823
16 0.102648347738608
16 0.133257531251400
16 0.105354891152588
16 0.106424627172783
16 0.063124163593563
16 0.161784069475093
16 0.072668047640374
16 0.123874205943057
16 0.086787519102921
16 0.096540086154053
16 0.087797292353140
16 0.058884931596043
16 0.062639215216993
16 0.137417506271491
16 0.086180058180691
16 0.124940317004882
16 0.157685884714681
16 0.102021054090574
16 0.152634978144411
16 0.178442783718244
16 0.090198339772553
16 0.075194751191433
16 0.159531592544511
16 0.152821766611179
16 0.046231801187327
16 0.164016890764975
16 0.186537418794597
16 0.091708941097610
16 0.118120128159591
16 0.142330697261692
16 0.086363627906035
16 0.100951749528454
16 0.131762513769517
16 0.066092431279672
16 0.072162231578924
16 0.130365042563974
16 0.057986385550103
16 0.089607403272245
16 0.052654810136226
16 0.068377367862082
16 0.074452116522067
16 0.080132045870876
16 0.090642691049895
16 0.120957847798945
16 0.062461008288422
16 0.078761477604964
16 0.073065663356596
16 0.077934164375644
16 0.155393270133770
16 0.134614992615702
16 0.087434478488695
16 0.078204703744844
16 0.061465986685738
16 0.069699451187830
16 0.127232894145732
16 0.079697142534309
16 0.172367622046028
16 0.111065141672656
16 0.121840739077966
16 0.108473047496827
16 0.172613390023328
16 0.080301039140858
16 0.146521450657333
16 0.122397590403476
16 0.075041399379196
16 0.138639744604855
16 0.115767897761610
16 0.136529619103260
16 0.193695846920312
16 0.085258457688684
16 0.091071028413081
16 0.114221390711382
16 0.160557159567635
16 0.148402516871112
16 0.094556620433625
16 0.151769722888770
16 0.104478510948813
16 0.083065530618358
16 0.078778729591536
16 0.081034125605871
16 0.087953281113014
16 0.131317458768195
16 0.089125350602296
16 0.124144881939810
16 0.123740767918723
16 0.108925216009206
16 0.257966947788880
16 0.186046410846665
16 0.146907787768591
16 0.143132535804227
16 0.123634219207370
16 0.094306772312852
16 0.095122661617943
16 0.081648138110755
16 0.091894889192593
16 0.080306694067777
16 0.056830974616984
16 0.155817240467409
16 0.096620051121770
16 0.094214321796357
16 0.096517589813455
16 0.108013814860374
16 0.167087143210901
16 0.063079457643049
16 0.089227477946102
16 0.094831856829403
16 0.128900147491546
16 0.084252629782331
16 0.107983593272642
16 0.239866357823625
16 0.113480467063315
16 0.061250030153049
16 0.096074963469873
16 0.144282164257926
16 0.095916400342672
16 0.064836523392905
16 0.086076054007592
16 0.114335779607790
16 0.157520202831077
16 0.064049412326771
16 0.082983431456662
16 0.190574782780605
16 0.073725609039759
16 0.152055732167138
16 0.064850445617266
16 0.090270118204034
16 0.086648877407842
16 0.156047725617596
16 0.106949219768075
16 0.154552678909659
16 0.111761114150261
16 0.081172417179135
16 0.100236477265068
16 0.073929396944032
16 0.073740647131169
16 0.089893186790566
16 0.102271554331014
16 0.123561432459860
16 0.138380049000314
16 0.100604546149868
16 0.097278287488162
16 0.201229341566319
22 0.230851412892343
22 0.400458814698648
22 0.214928108146360
22 0.244120662009800
22 0.282502026933208
22 0.194032707225006
22 0.341764062440992
22 0.427088169820825
22 0.279015005728373
22 0.364942712797447
22 0.303818489463918
22 0.287529508708424
22 0.326305875335224
22 0.295255034459316
22 0.528062247466120
22 0.277801885372278
22 0.259246156836451
22 0.222428324594131
22 0.349898221693191
22 0.151356481603780
22 0.404713169784614
22 0.336266905105144
22 0.519226701310535
22 0.190607779466142
22 0.231617740910224
22 0.160076593474741
22 0.519703499255474
22 0.280799964669519
22 0.189121009833084
22 0.365937160654497
22 0.426655054438855
22 0.268732555221441
22 0.295913097733728
22 0.217041122029536
22 0.483742055637008
22 0.319192877735285
22 0.257449780660750
22 0.221642369149094
22 0.277161595347104
22 0.458079334771412
22 0.174387536272998
22 0.353250704348772
22 0.560521796475962
22 0.186428086277717
22 0.402892411998113
22 0.232894358733801
22 0.312127054219091
22 0.388522094132274
22 0.402425676670534
22 0.360459521289312
22 0.255492517500555
22 0.253843582613852
22 0.220519176827572
22 0.413442562441292
22 0.292505879127503
22 0.637376625100416
22 0.735643230950875
22 0.367366890755639
22 0.594260863756286
22 0.296408481294688
22 0.379310273832998
22 0.223813889722671
22 0.520609133224965
22 0.181169602750530
22 0.304622992902295
22 0.223142605389683
22 0.357887252195432
22 0.186985443449769
22 0.237731451264731
22 0.414151907505659
22 0.186779385309003
22 0.184060753225628
22 0.375787218335367
22 0.336616085341927
22 0.248190087928022
22 0.261183265322165
22 0.256400330920513
22 0.262263417607286
22 0.303040569476870
22 0.372316545448852
22 0.315283058786642
22 0.249507552317062
22 0.289270302114991
22 0.273401803190514
22 0.750640352830523
22 0.396765181739324
22 0.259842476333635
22 0.603456480584401
22 0.362554432457963
22 0.220890743715996
22 0.210522573428711
22 0.273161033555808
22 0.254090445440188
22 0.368113824984944
22 0.281526205675597
22 0.252805450927183
22 0.568354043936893
22 0.639727754933968
22 0.279385851814734
22 0.357569664418414
22 0.320070865671302
22 0.258150365447874
22 0.299525767780311
22 0.494579678499322
22 0.248105373849579
22 0.319639259543310
22 0.359734188447240
22 0.410428329268495
22 0.210726114464772
22 0.441664336778849
22 0.140416699376905
22 0.234861437216688
22 0.268179845040091
22 0.148620013375676
22 0.464277473181681
22 0.177883574231291
22 0.262026768933424
22 0.320195247889468
22 0.265447685603050
22 0.403315703908451
22 0.576934849380947
22 0.214860421755132
22 0.333891082913282
22 0.230562217885432
22 0.174332132530687
22 0.283201719312624
22 0.196003863362445
22 0.440354689393763
22 0.339766352848333
22 0.339161734562735
22 0.451995337493335
22 0.375255459164350
22 0.289526104004195
22 0.392447215860873
22 0.310522084760503
22 0.174535933646483
22 0.332979548912851
22 0.458492999151355
22 0.359731283438017
22 0.425226947818422
22 0.281245551532918
22 0.333294900153132
22 0.380393398672433
22 0.274362199283245
22 0.290093089410314
22 0.332335206355286
22 0.464284697858439
22 0.294682025096666
22 0.309801931624809
22 0.279185779373970
22 0.257956951153887
22 0.542164152594986
22 0.217768881722911
22 0.340810435497894
22 0.411051559917608
22 0.295134996574177
22 0.208461990273184
22 0.416730728615109
22 0.392802896525127
22 0.420299333694258
22 0.547442776645187
22 0.131763994355631
22 0.384238707630126
22 0.183218845092440
22 0.346281930524728
22 0.182884865527696
22 0.363794834662327
22 0.276681442696284
22 0.343919571509025
22 0.229759671781300
22 0.232969111762779
22 0.204051919594031
22 0.371104173558948
22 0.267115084360296
22 0.160106958090331
22 0.268702405584226
22 0.433704214119312
22 0.217795175685692
22 0.245951884944981
22 0.293903976090072
22 0.348583573244977
22 0.447177458410426
22 0.357658282041398
22 0.375861440331677
22 0.393658547647248
22 0.513337303788370
22 0.265921251186712
22 0.394006987279824
22 0.428482430907730
22 0.188650296971205
22 0.542650338743349
22 0.334596540827690
22 0.334372908234661
22 0.341920018516159
22 0.299897588926061
22 0.263665895667629
22 0.457484025480342
22 0.381120799376163
22 0.582674422764982
22 0.282108573477364
22 0.464184043915783
22 0.346956675546909
22 0.426757027415682
22 0.207198995400740
22 0.330626951316763
22 0.181205493452437
22 0.232826907299962
22 0.266790801930295
22 0.188615243113868
22 0.198681376972349
22 0.349832780578031
22 0.459713362760310
22 0.261675462790452
22 0.405959635267965
22 0.337553284613319
22 0.482494955568697
22 0.394765236660235
22 0.435151738150330
22 0.492821434606361
22 0.437279839827778
22 0.241139990228429
22 0.415790295151174
22 0.310398634174787
22 0.385054341147725
22 0.167309195465348
22 0.234409164366245
22 0.321033107925533
22 0.147495383688875
22 0.354842388475078
22 0.252359210366080
22 0.433171888117485
22 0.379459883008037
22 0.404353504882043
22 0.283133527425549
22 0.518196709868875
22 0.276329451966708
22 0.276815867198549
22 0.210233246948044
22 0.297350327542760
22 0.181801574670914
22 0.248171509642874
22 0.568865536200586
22 0.318111299719111
22 0.368162165723228
22 0.153891250791224
22 0.184546425508124
22 0.318446676997506
22 0.340303616939822
22 0.202870852317752
22 0.301429684609382
22 0.351130957485241
22 0.335829282260798
22 0.223427224416190
22 0.180521275893852
22 0.161941920007571
22 0.233214669006148
22 0.331146174892783
22 0.154095902316081
22 0.390464916184310
22 0.206798377020743
22 0.294683145408003
22 0.274325724633662
22 0.609113259335699
22 0.241691606894699
22 0.238185205029204
22 0.267515338895136
22 0.330952615115212
22 0.186107761785759
22 0.258210667305857
22 0.566085364492337
22 0.353941788803287
22 0.333619446026458
22 0.272886799951351
22 0.215975723351655
22 0.472623863923427
22 0.360315125756661
22 0.393224128670048
22 0.219363912492482
22 0.611525331621465
22 0.311453673775961
22 0.533573917595896
22 0.200926421838658
22 0.355900246024182
22 0.169596242759537
22 0.288420869296968
22 0.282295835758104
22 0.495936273601465
22 0.286855127322673
22 0.468648685835559
22 0.437177355404207
22 0.518177853162803
22 0.209190144967750
22 0.456356219152654
22 0.479439335421054
22 0.251117063553338
22 0.503979648603443
22 0.528404916602688
22 0.524026939137074
22 0.211152165554331
22 0.188647885392090
22 0.161477751867044
22 0.484133127198255
22 0.471992719555217
22 0.418012387440800
22 0.416541752328198
22 0.408822610451286
22 0.227255178124688
22 0.396341516756104
22 0.329768349641157
22 0.194653996449638
22 0.316210403864589
22 0.297818496959525
22 0.498376204741009
22 0.302967624871918
22 0.174242170687933
22 0.302900267127074
22 0.509121926818819
22 0.206001015724662
22 0.408702965963609
22 0.510010450843724
22 0.227224404565516
22 0.304947257524632
22 0.208585380306054
22 0.297568067104339
22 0.239690769030548
22 0.198453415365829
22 0.199169170830176
22 0.206863925959524
22 0.231782234938695
22 0.244185850996015
22 0.323272075837506
22 0.205353711707148
22 0.280218564529433
22 0.288444043153357
22 0.280062931849263
22 0.264939221102321
22 0.241040230332873
22 0.435424028495567
22 0.241791560759172
22 0.331238371866526
22 0.494854862400635
22 0.326613618726912
22 0.355660873553371
22 0.266433857699274
22 0.515942986142793
22 0.468657515354429
22 0.286205749311648
22 0.613312551627096
22 0.278239750630547
22 0.222411695268203
22 0.496039770906215
22 0.437110905546295
22 0.498108263402259
22 0.295213861923342
22 0.478623338887717
22 0.335856845074386
22 0.340544366159878
22 0.435403340532591
22 0.228324318375873
22 0.218097880872983
22 0.215219324576446
22 0.307774212957806
22 0.218984458993961
22 0.402385549143909
22 0.467220882640528
22 0.320212053740974
22 0.310845844034374
22 0.268507644204541
22 0.210474194505844
22 0.202951200662254
22 0.397050908334551
22 0.335363673810142
22 0.277395431167973
22 0.521408831843053
22 0.476673654584660
22 0.388970691753216
22 0.321333519383870
22 0.428199153450074
22 0.320819332595942
22 0.328030361651758
22 0.183231763529164
22 0.299101570989357
22 0.286828453312773
22 0.193391438498270
22 0.517372067192763
22 0.134963121905640
22 0.277790054187159
22 0.259759842188293
22 0.213549477523655
22 0.303704804907447
22 0.486517563531107
22 0.366913600858049
22 0.359931229295564
22 0.192860288475517
22 0.485400096917621
22 0.307787147212070
22 0.293230155190844
22 0.299648339514604
22 0.269224443117027
22 0.241767624109833
22 0.268853951789362
22 0.338921057139093
22 0.340067004795276
22 0.182192071778357
22 0.193852458508599
22 0.335834541506873
22 0.231992178498611
22 0.222112327921304
22 0.213545158018944
22 0.232848701219648
22 0.279536690893106
22 0.247018901110807
22 0.441563048283649
22 0.470592563879990
22 0.208083080081450
22 0.409036774672864
22 0.501383421575953
22 0.301512961965783
22 0.261773961946705
22 0.286357087258176
22 0.315397402831079
22 0.229500541462866
22 0.206713152896487
22 0.375525354273631
22 0.295358524800864
22 0.212671541843750
22 0.203461520172637
22 0.338115903408990
22 0.265508415527992
22 0.337031075383643
22 0.291950038646956
22 0.164867323581864
22 0.319819122007115
22 0.481294389805862
22 0.298174403086417
22 0.169370885562039
22 0.163806908275287
22 0.307712292687278
22 0.303462405633153
22 0.375269914339686
22 0.243020663257987
22 0.159883632031947
22 0.393580479017882
22 0.387748282063290
22 0.287501257712980
22 0.273021310090573
22 0.329850523285379
22 0.429555070761808
22 0.288814393225148
22 0.305461255530521
22 0.259257375647415
22 0.313175061665862
22 0.304677050520425
22 0.308143821255102
22 0.558891375317593
22 0.441170375193185
22 0.179758336139086
22 0.321578914003556
22 0.583032094715736
22 0.412203124474523
22 0.434154687828616
22 0.148647299957100
22 0.283935520499017
22 0.235395412066723
22 0.294874534787745
22 0.404586032664576
22 0.171295069874295
22 0.406370850424296
22 0.335831731006617
22 0.246899460578541
22 0.186037371844372
22 0.212792226672958
22 0.280148800660658
22 0.271571045566455
22 0.491026431685890
22 0.244268182333374
22 0.226507660022290
22 0.163346799220118
22 0.352179535997439
22 0.322552299915348
22 0.219930676276783
22 0.450875294103527
22 0.378940865197798
22 0.224780939929414
22 0.264969826878854
22 0.332228126401937
22 0.395765559650465
22 0.181250542147454
22 0.234915562210793
22 0.305989076435655
22 0.397429036296033
22 0.279938907565472
22 0.260274589633759
22 0.404757382479049
22 0.285759879250710
22 0.353625241860922
22 0.346427774236868
22 0.527258484478054
22 0.323741944866554
22 0.315733474842485
28 0.828402837158762
28 0.822983379961380
28 0.730609176362696
28 0.507716669568653
28 0.533912428995660
28 0.510482510143246
28 0.371824651452431
28 0.425263933233723
28 0.672820138337434
28 1.261113109868202
28 0.555241912997540
28 0.601509388536210
28 0.550230860554307
28 1.080011140380122
28 0.723456633056326
28 0.857441180431729
28 1.171052020614328
28 0.635864955731753
28 0.805148968644069
28 0.724620594406746
28 0.630088797533942
28 0.403886982650584
28 0.592290259957255
28 0.433704945592954
28 0.848132985758199
28 0.682288057784200
28 0.416045808478116
28 1.202121623955862
28 0.408210525754592
28 0.530659280185717
28 0.493351256735698
28 1.111945563976775
28 0.802856511339525
28 0.415274685353707
28 0.689826050315697
28 0.574181219308434
28 0.515176535418383
28 0.497783838195436
28 0.625395691385244
28 0.634090887744622
28 0.577808930691348
28 1.032785211999575
28 0.401692928581213
28 0.917746086377972
28 0.764594637108315
28 0.515085619774016
28 0.974321413235443
28 0.804268816290523
28 1.158991788046947
28 0.462452090816025
28 0.549559143816261
28 0.671823573001127
28 0.741420267896414
28 0.979124418648645
28 0.702912036255059
28 0.477624378838212
28 0.826687172220927
28 1.192087129339876
28 0.493342410933120
28 0.602805416871497
28 0.386949607416106
28 0.790822015479471
28 0.680858413239310
28 0.453728059021346
28 1.009384994952066
28 0.359574824820935
28 0.640537635009835
28 1.338876190233546
28 1.000703046584305
28 0.750742024346804
28 0.446375822857900
28 0.342203437093700
28 0.410278915232947
28 0.684479385336500
28 0.405033415089495
28 0.478682039566050
28 0.866651575942986
28 0.750096489294848
28 0.500719816045720
28 1.045916689289898
28 0.623768959937957
28 0.469350005330178
28 0.570701647300356
28 0.423705227846680
28 0.902558998486211
28 0.754645826446470
28 0.626936049355191
28 0.652415649518749
28 0.544738604864864
28 0.459675520713560
28 0.783602150619453
28 0.508355856573226
28 0.634988515046165
28 0.614340284999589
28 0.514345227576611
28 1.098759824332913
28 0.601879865311024
28 0.850715184840553
28 0.745226741298871
28 0.742785727981190
28 0.829635337528481
28 0.349229793871328
28 0.731929518209436
28 0.540719812724294
28 0.510122457959225
28 0.666074166179171
28 0.693679395995783
28 0.863963804732619
28 0.590925653666686
28 0.660712854690107
28 0.759743211998886
28 0.834938503359640
28 0.339918401367625
28 1.427758386806793
28 0.795216944754769
28 0.544511731991536
28 0.796632557555244
28 0.542210137726178
28 0.746511047932185
28 1.476449011082357
28 0.358822753829256
28 0.746336200181651
28 0.680867453428425
28 0.439155695797030
28 0.736873898058753
28 1.148849283866388
28 0.804599050390122
28 0.822722856210593
28 0.324945425780156
28 0.468000727437683
28 0.479928033856890
28 0.430051577644066
28 0.716586092266974
28 0.523043188216175
28 0.483631692951805
28 0.628545544479365
28 0.423697372802611
28 1.054810661326576
28 0.522381948309458
28 1.080593699971756
28 1.156314229070333
28 0.842601060882274
28 0.841737458581913
28 0.642702287214690
28 0.734807725190592
28 0.633244755207260
28 0.738696791496709
28 0.588860941535038
28 1.048303717834610
28 0.886321172754784
28 0.575566436547691
28 0.550186030028217
28 0.548837581012795
28 0.626158287348747
28 0.402753952967408
28 0.862652439923560
28 0.535283603700743
28 0.957873706903858
28 0.790630715012419
28 0.634550572001337
28 0.451800443335954
28 0.907472951581427
28 1.044428943673655
28 0.385151594230424
28 0.644232251304319
28 0.355013283915161
28 0.429165576351173
28 0.531151071844802
28 0.772847664797490
28 0.405459782958055
28 0.435479556897747
28 0.519999681747579
28 0.523402523357674
28 0.374408345690870
28 1.089634827803676
28 0.744451667502942
28 0.732863360526578
28 0.739629538448396
28 0.541166189451370
28 0.437368739139980
28 0.683777953648280
28 0.394984582586773
28 0.686693308792482
28 0.460405387650697
28 0.590197081656286
28 0.515905294910884
28 0.655791078731098
28 0.973646751735098
28 0.766756689400045
28 0.827158524605893
28 0.580886547121745
28 0.680419407283305
28 0.749700086053390
28 0.625892848495629
28 0.445799204304788
28 0.380544661952572
28 0.726511681453649
28 0.547428638865337
28 0.642507973521742
28 0.670835786533091
28 0.792428374032734
28 0.500898059057869
28 0.577822757547001
28 0.899024704321738
28 0.836821833285892
28 0.371823683306996
28 0.997351162772268
28 0.787092074055397
28 0.887308476479369
28 0.720398159797157
28 1.288482790835558
28 0.879561382818972
28 0.406138069202053
28 0.594295422579595
28 0.451175496356936
28 0.403805620612801
28 0.801394264102499
28 0.405917796789463
28 0.917149781886628
28 0.498409350213249
28 0.801702613788696
28 1.065912342673722
28 1.377937997281231
28 0.449765816409184
28 0.474997449996194
28 0.511732182954938
28 0.526558186410153
28 1.073824223385180
28 1.335030865190790
28 0.958202186758069
28 1.057029431765336
28 0.567659941521693
28 0.942526165521532
28 0.725574306783056
28 0.509250736401638
28 0.752815263008303
28 0.897824551269240
28 0.647929206755292
28 1.089771726539673
28 0.521727096274181
28 1.138873081782801
28 1.537207125492237
28 1.046634813565475
28 0.360888245850072
28 0.971739279717957
28 0.894939433020884
28 0.695953822911267
28 0.585429185495981
28 0.655050997296522
28 0.738092175375805
28 0.675827785089465
28 0.714557417622058
28 0.774948578860731
28 0.440765851356757
28 0.689588882292497
28 0.495236068150607
28 0.757211789871179
28 0.822907383220550
28 0.457235305645585
28 0.490126973871578
28 0.436591053028048
28 0.665064012868342
28 0.379971628193557
28 0.652681879249259
28 0.673733191047920
28 0.327878506035352
28 0.606643153066854
28 0.786863302080490
28 0.297508464890165
28 0.982584403500442
28 0.504885443370686
28 0.554411315070902
28 0.599577248762316
28 0.449657119158076
28 0.594399965457558
28 0.636121779898796
28 0.402924351655261
28 0.555230561096052
28 0.730979636516204
28 0.504626389538582
28 0.518417559498658
28 0.586428049686510
28 0.706324715078771
28 0.587645215700197
28 1.613184962342787
28 0.441400116874724
28 0.752471624591647
28 0.588378108666409
28 0.457298347811318
28 0.601647272694986
28 0.415326534269838
28 0.552144970841676
28 0.561707511116087
28 0.634347008474294
28 0.573599113273781
28 0.919547371236786
28 0.671215297264116
28 0.654853457581199
28 0.754898278823545
28 0.416830955395866
28 0.830439992373673
28 0.473178975347241
28 0.637460704739842
28 0.688988877159781
28 0.883145862140141
28 0.577618888893184
28 0.394623323017816
28 0.669836474015150
28 0.820880362805831
28 0.476164241714949
28 0.857453712071915
28 0.828532546172256
28 1.337408716937086
28 0.422327411507645
28 0.434307176197333
28 0.474693415032971
28 0.602303431095247
28 1.382445415817166
28 0.521632382322756
28 0.673318333489352
28 0.538294926359339
28 0.859688963451622
28 1.286298409059131
28 0.969961389374674
28 0.653173293072139
28 0.395382509045421
28 0.639715232166449
28 0.542983355639572
28 0.936933019720395
28 0.606398301528919
28 0.684085592531701
28 0.525774950260486
28 0.428934438701968
28 0.467032674152472
28 0.797069680697869
28 1.170548658006020
28 0.794891069175545
28 0.929856097288583
28 0.443744812928286
28 0.621369994726056
28 0.617714151981967
28 0.746779223032274
28 0.716636008317714
28 0.723042486034477
28 0.550878319002874
28 1.004457614538679
28 0.708726541553655
28 0.523568570594918
28 0.725045026227963
28 0.588531778822466
28 1.101396531483813
28 0.669750313106610
28 0.825759481306663
28 0.982708089479842
28 0.626861360463429
28 0.375046680102268
28 0.577869737578127
28 0.814573813799572
28 0.989195654634591
28 0.590768216765595
28 0.631884286949305
28 0.331843966513954
28 0.356839119502854
28 0.940399073473249
28 0.835929218150648
28 0.466717487757813
28 0.574386204222890
28 0.593179751401927
28 0.578896533483784
28 0.740991706325382
28 0.434323390735035
28 0.484713766803143
28 0.990710597034520
28 0.540934471538523
28 0.575250267484649
28 0.879599008629459
28 0.420918067966915
28 1.284012990659140
28 0.868901637746038
28 0.625512349334005
28 1.236731937120940
28 1.131839537055281
28 1.110945745198715
28 0.858758172260272
28 0.762544336651302
28 0.737457385211769
28 0.885139434914177
28 0.427611551177235
28 0.685028622599358
28 0.533719189583473
28 0.618124946057764
28 0.648707599310357
28 0.880139036209514
28 0.959989296056466
28 0.472486066495238
28 0.576605806373367
28 0.830050485749242
28 0.635964769630340
28 0.515845328744319
28 0.410589565266807
28 0.873494623516381
28 0.572746564877795
28 0.921720186771902
28 0.496163160421433
28 0.523975293953037
28 0.328533710854193
28 0.817523365201106
28 0.901778600006030
28 0.684445426677839
28 0.509067079339345
28 0.793535639721541
28 0.677955471118495
28 1.327739563535789
28 0.420178349288213
28 0.434638973721649
28 0.471899691072331
28 0.892799515984102
28 0.795595356774291
28 0.728197471994872
28 0.785267590692635
28 0.602390965579123
28 1.004010725733030
28 0.580078853539333
28 0.525155683402724
28 0.666309007210828
28 1.282542171251001
28 0.752960790268340
28 0.673721480509113
28 0.591306323893270
28 0.804122031981827
28 0.448334119729328
28 0.902665347877790
28 0.753781188737893
28 0.772084494989635
28 1.155779652111171
28 0.390136598506891
28 1.157028213383011
28 0.688021164206083
28 0.522675198720144
28 0.898554072251956
28 0.516411671351684
28 0.756227697204358
28 1.179842653535899
28 1.005728803245838
28 0.799837701976885
28 0.940087177085248
28 0.668980154042033
28 0.820032227056938
28 0.569769712933318
28 0.456488775240546
28 1.070773905065678
28 0.956193684224572
28 0.406561108618839
28 0.555268246090460
28 0.676973818645785
28 0.496565665795206
28 0.489444776840786
28 0.450285605247529
28 0.775112760994555
28 0.597655881585740
28 0.850943633003438
28 1.082623650406589
28 0.725968701919938
28 0.454794799170332
28 0.495327016702298
28 0.784449873142007
28 0.696837716276896
28 0.422632875353582
28 1.009912693589990
28 0.787245341417232
28 0.386488357795158
28 0.713534688876336
28 0.735122717694846
28 0.308515775191279
28 0.712892324499018
28 0.637924786138426
28 0.305057300810538
28 0.566101399008182
28 0.616659096923235
28 1.168189855616278
28 0.634257696138840
28 0.707503840310772
28 0.645898180631344
28 0.689152184006104
28 0.437085012537041
28 0.950426863126598
28 0.489782034406428
28 0.751590275439185
28 0.772616254083635
28 0.644865524095030
28 0.476663801671355
28 0.827600260712908
28 0.450069331626731
28 0.573916888705951
28 1.166823999456572
28 0.564328386546807
28 0.822914677843006
28 0.927394055618518
28 1.135051566797225
28 0.640231838942799
34 1.416017667630494
34 0.730200081276760
34 1.251917584712897
34 1.909911686409022
34 1.770160697590802
34 1.218317400719928
34 1.330763282031146
34 1.505973280091724
34 1.161550821323170
34 1.182767520162178
34 1.199925352506950
34 0.705528168583403
34 1.013188559775429
34 1.042951853487336
34 1.919820931567980
34 0.606865997552333
34 1.517909560788546
34 1.781422019546215
34 1.317815058808309
34 1.202271301968544
34 2.224356384355561
34 0.984264261704612
34 0.834950335884475
34 1.707516245659900
34 1.737283987570718
34 1.614230092073081
34 1.340800465740291
34 0.987890109624348
34 1.682299481430773
34 1.448695340741437
34 0.761244284054842
34 1.295952446296000
34 1.058360944559747
34 1.077960932163393
34 1.960944508572076
34 2.288532602922507
34 1.324064872259212
34 1.068125211006630
34 1.548891923164427
34 1.033696439547994
34 1.316214784073290
34 1.923469839797299
34 1.750449704835033
34 1.459974054331730
34 1.307932506551254
34 0.966134027169186
34 1.371811514961570
34 1.469096886318844
34 1.090364215018136
34 2.231407626016157
34 0.836333339152835
34 1.234682351081717
34 1.167984727295782
34 1.300164624897456
34 0.919207092224732
34 1.174937946999361
34 2.950141834627953
34 2.218782945663007
34 0.774310931657942
34 1.472965102951574
34 2.283626296584888
34 1.677177292877365
34 1.473286163796847
34 1.568153180857555
34 0.822865457223457
34 1.239998696521770
34 0.866436062132168
34 1.824479115447526
34 1.016252650310909
34 0.996155685099351
34 1.084087531216964
34 1.141961587769675
34 1.587848063445995
34 2.746467052584824
34 1.405544476077853
34 1.290329501772468
34 1.004177645572084
34 1.112562615524548
34 0.999514503251508
34 0.849494221949937
34 0.563426895971648
34 1.791428409943934
34 1.158622473527276
34 1.886370388681401
34 1.411999761147875
34 1.186469640196656
34 1.148064358429264
34 0.938872576658776
34 1.064597053353339
34 1.455439215199273
34 0.874617853726535
34 1.164705353354937
34 1.144312981472674
34 1.232213405146668
34 1.132660995444056
34 1.719669344349046
34 1.817767666411268
34 1.443539637119456
34 1.034842737689832
34 1.302609291116256
34 1.088938198957736
34 1.315541024415808
34 1.317896304558642
34 0.990647473893894
34 1.195484866315824
34 1.742161942696173
34 1.323911816534149
34 1.635198916774433
34 1.238605273851649
34 1.577475102729636
34 0.796561245018848
34 0.815246682931649
34 1.071869529414939
34 1.386852567160814
34 1.220582031809009
34 0.744774681265403
34 0.623829122131305
34 0.700099039804948
34 1.465133474937527
34 0.990045950609520
34 1.438340797269729
34 1.184455819785980
34 0.886558603615671
34 0.781976779873799
34 1.516840223889751
34 1.365727792293185
34 2.428503611812185
34 0.862622487773874
34 1.177967554131816
34 1.189185156419499
34 0.824750967833491
34 0.862027208290240
34 1.351732421545675
34 1.469706256127463
34 1.870904241924716
34 1.850824540646988
34 1.007012338311646
34 1.207100159956522
34 1.047105106117058
34 0.903118129280666
34 1.177977041998038
34 1.448290492948304
34 1.489145386469048
34 0.945977392066609
34 1.445614211260883
34 0.835696387301986
34 0.927216595045469
34 1.192285572330801
34 1.165310995614655
34 1.477122559502991
34 1.221269797777059
34 1.037050211986832
34 1.039864448388631
34 1.153783889381274
34 2.462507147962504
34 2.355943353237349
34 1.107773899987822
34 1.307119211691059
34 0.767358327270453
34 0.716067062533147
34 1.687366309164717
34 1.763205981111897
34 2.396172821797252
34 1.268576781400141
34 1.147027131218887
34 1.066910965645992
34 1.303232346408811
34 1.136587294119909
34 1.413495468538770
34 1.645778722251814
34 1.364823691081718
34 1.122436296557977
34 1.850926939882033
34 2.372447128739195
34 1.343131626176860
34 0.814789113297686
34 0.773735203057865
34 1.279862418141904
34 1.124307421970486
34 0.850689259324250
34 2.198145660427834
34 1.075481761935628
34 0.749582130772145
34 1.349331729875686
34 2.121817780976265
34 1.695921046358301
34 0.915279340153503
34 0.958918249731605
34 1.658841653909020
34 2.785474625336097
34 1.014534223834584
34 0.764548136332531
34 1.666128568430919
34 0.655998770670771
34 0.753547618973443
34 0.571934649173618
34 1.679164354100204
34 1.998928681371690
34 0.751587376920114
34 1.922109494829202
34 0.824440857009467
34 1.909039023480779
34 1.394475364650974
34 0.912340541151426
34 0.841331579147372
34 1.579666873512094
34 1.084804640374101
34 1.898870840894692
34 1.505681353127367
34 1.116338569879300
34 1.260261636396605
34 1.246361049011476
34 1.095364685584130
34 0.895627654025949
34 1.296877516064014
34 1.190429146252697
34 0.770347198753367
34 1.484035477024118
34 0.668270915254617
34 0.723659202083194
34 0.997421640943134
34 0.989313853774336
34 1.214436342498226
34 1.300620962469818
34 1.210061251693301
34 0.707070087085072
34 0.769014584010329
34 1.635484725426988
34 1.587930593433099
34 2.019939650764318
34 1.334454078661241
34 0.750672604365313
34 2.057772154476252
34 1.479555491441511
34 0.835606686365083
34 2.378115929423770
34 1.469920563387310
34 1.950294553737860
34 1.250039161393310
34 1.058163835664902
34 1.592524824866713
34 1.163438411035941
34 1.630460088757927
34 1.443239942248768
34 2.478712529865862
34 0.675507706911449
34 0.943927706172278
34 1.958893764966068
34 0.884837205553929
34 0.855295390099705
34 1.150302443336860
34 1.189375033891871
34 1.563283425826538
34 1.180167467660390
34 1.311202990913107
34 1.629720850317333
34 2.089172581211499
34 1.159937329347183
34 0.804234788620110
34 0.924815069358369
34 2.058128026454069
34 0.777062725602513
34 1.107518308813702
34 1.105889471475312
34 0.852936047604026
34 1.810800824886623
34 1.472480256194479
34 1.569604628911730
34 1.050349345643739
34 1.070330560641373
34 1.477177294692987
34 1.018705531457051
34 0.601837333159555
34 0.922519373195457
34 0.931131411718807
34 1.288349578436767
34 1.066206581905685
34 1.064538589762494
34 2.087413349329120
34 1.007590140968053
34 2.135082894116128
34 0.919611177631561
34 0.723001095130162
34 1.540574382212637
34 0.943140388254577
34 2.707911276880453
34 1.042234543136693
34 0.905693237334505
34 1.070572500064353
34 2.500958738883413
34 0.563185800499265
34 0.953637752040939
34 1.604791461981510
34 1.551610124956338
34 1.112807885864022
34 1.443372650257421
34 1.011730902146270
34 1.716331924617378
34 1.015734313512498
34 1.364420413071456
34 0.747570235074229
34 0.749643810291747
34 1.178324712484224
34 0.954933539576488
34 1.213551653235691
34 0.954427348832204
34 1.301824670140130
34 1.690617341320913
34 3.287064945236831
34 1.220778827088274
34 0.871235605055337
34 0.929076360594731
34 1.144016714623860
34 0.828694986958279
34 0.657320173350182
34 1.994373107210507
34 0.874531971464641
34 0.674480616365401
34 2.487771727047233
34 1.374278251720571
34 1.212937696315944
34 1.209089946681198
34 1.887663837774165
34 1.001557238715233
34 0.993190416063892
34 1.450079778138588
34 0.877030668677317
34 1.703184878117929
34 1.298724020246581
34 0.622693175872685
34 0.740412825595089
34 2.209374861905974
34 1.499662659228334
34 2.601239643521943
34 1.429661900968610
34 1.105029403888322
34 1.527870312098451
34 1.257323182239060
34 0.854385925119111
34 1.022062545462743
34 0.963820606609917
34 1.372575001863488
34 1.811060073100797
34 1.358992579473161
34 0.846709392203313
34 2.078395656792965
34 1.699783152982719
34 1.030657129397124
34 1.016808110785248
34 2.119626731123481
34 1.187880727765253
34 1.162062340573818
34 1.865228063725587
34 1.906040946608013
34 1.557272898062575
34 1.079640700776761
34 1.123501429262181
34 1.373612781391577
34 0.649465418852291
34 0.727196351551928
34 2.539171229673095
34 0.861849439087357
34 0.922576971399971
34 1.004097926028505
34 1.092358132151778
34 1.384904442754743
34 1.762053550288883
34 1.425743190362292
34 0.619606444615592
34 1.190095667987607
34 1.179037798176467
34 0.712927113847721
34 1.213712448479572
34 1.388145935330665
34 0.809387226655320
34 0.722185379788874
34 1.400767696366673
34 1.976430359498201
34 2.550485251388777
34 1.045510145020752
34 1.281533325168203
34 0.928311328943562
34 1.562074467899603
34 0.977506159112187
34 1.198867652736657
34 1.549982171532051
34 0.807138392565048
34 1.295996494569552
34 1.229529274977068
34 1.200832867481520
34 1.058734641724837
34 0.772938435801823
34 0.896480015659749
34 1.827861229785075
34 0.734759724135077
34 1.185231488681181
34 1.789376784928062
34 1.908469517864184
34 0.688333150336668
34 0.733518824784646
34 1.134522080905963
34 0.743923782908375
34 1.583168073814010
34 1.702861162828205
34 1.772560936965328
34 1.338269986204859
34 1.387727709534043
34 0.982157479310113
34 1.074021768134956
34 1.181257717038891
34 0.804149291237608
34 1.163484433991215
34 1.574557819190651
34 2.149750082638049
34 2.164025653553498
34 2.091703555224337
34 1.646782737694820
34 3.030633493008127
34 1.470113129880991
34 0.760124670710397
34 1.579519327094437
34 0.870952998157280
34 1.046662078010877
34 1.032929318194887
34 0.933594102534220
34 1.123145059180510
34 0.721558770437322
34 0.963657083085227
34 0.834391308924215
34 1.758758926373273
34 1.122945458554341
34 2.351103853126912
34 1.288192979876642
34 1.009442795446968
34 0.943609355527895
34 0.737444525503554
34 1.408935737696301
34 1.301232986470052
34 1.523889768960548
34 1.621264900545786
34 0.883333340843083
34 1.247723698195440
34 0.959005463961391
34 1.289928679596632
34 0.812452609913432
34 2.610883062226056
34 0.916574136899912
34 1.036341072995857
34 1.682457445356146
34 1.415913737423672
34 0.527050699060588
34 1.419870388324149
34 1.489339480801756
34 0.991240886467849
34 0.934947766108126
34 2.153998801074358
34 2.287506730616323
34 1.166898053200121
34 1.396932911077554
34 0.962117614149418
34 1.214602974045373
34 1.259886180082979
34 1.344871854340828
34 0.856187887331727
34 1.630195463007108
34 1.259962086836943
34 1.277686457473385
34 0.786266098864705
34 0.981188326722756
34 2.266585548768703
34 1.320619660623572
34 2.366614982922358
34 1.428969723878422
34 1.308700587440374
34 1.153064488723766
34 1.095516496309246
34 1.673628120859941
34 1.774758805429206
34 1.760866147792830
34 1.193788900636696
34 1.671586514625930
34 2.317945941731777
34 1.063929248954192
34 1.573569802358054
34 1.882372418134521
34 1.122215128206616
34 1.344928003934000
34 1.585319394954592
34 1.083844409599522
34 1.553491065065122
34 1.801493946772527
34 1.354055070002470
34 0.725748589536354
34 1.089751040655298
34 1.676355760043096
34 1.372475073755479
34 1.805150419239070
34 1.617519072318835
34 0.656464630571208
34 2.243690230509783
40 2.505885510646264
40 1.590818626173453
40 1.231289515358029
40 1.651138294564648
40 2.381325943873499
40 2.523449096711445
40 1.980096620478360
40 2.124355599418891
40 2.776894271538971
40 1.823536415030839
40 2.589514119135553
40 3.661552841643300
40 1.664120519924051
40 1.193399274833117
40 1.422626576124278
40 1.832067974008737
40 1.187109660099072
40 1.381431755190556
40 1.353678575657474
40 2.121054643200935
40 2.006795120479074
40 2.590390328871614
40 1.943488800115331
40 1.813452501498031
40 2.274590134235565
40 1.370211270597682
40 2.331149821651842
40 2.447896581990829
40 1.459175779081757
40 2.861640257719962
40 2.214193873955741
40 2.195238968727409
40 2.343394685631774
40 1.848740702154798
40 2.091730970065438
40 2.002930302411931
40 1.580006545708397
40 1.846398282848547
40 1.001152577636812
40 1.311252633940583
40 2.201812215450506
40 3.052552024503221
40 2.558319322018885
40 2.211227351563512
40 1.753813653566716
40 2.447224354543701
40 1.393860959206419
40 2.706442994065624
40 4.072199225417762
40 1.161865634694729
40 1.334875095795843
40 2.663023487417789
40 2.157725827942976
40 2.026676495150497
40 2.272953615828432
40 2.579365024937673
40 1.292687389585879
40 1.414682450865533
40 1.399943376937697
40 1.280589408719136
40 1.363544299794558
40 3.340816989445444
40 1.366181907276159
40 2.605831428926123
40 2.148955469210952
40 2.916026851541851
40 2.365196113133726
40 2.579952583916858
40 1.659203243695789
40 1.748542996350173
40 2.898683627403644
40 2.048410988202747
40 2.653152111845185
40 1.990081523767698
40 1.935439028668750
40 1.105661086075716
40 1.972356480401009
40 2.819457951928272
40 2.195121355826942
40 1.822528684251516
40 2.151526482628194
40 1.561831098205932
40 1.888779875338667
40 1.362446276488348
40 2.291522375241417
40 2.301612063187623
40 1.951242640426269
40 2.312035468815906
40 2.924860582769950
40 2.971795438026977
40 1.576819002206891
40 1.339061064635425
40 1.824739846966801
40 1.735501229214094
40 1.292354005465493
40 1.095539775781145
40 1.284175290028606
40 1.896385529817829
40 1.447816065184615
40 1.417748176640087
40 2.089416423201334
40 1.486195322792011
40 2.771349797199777
40 1.194006472006322
40 2.159453870181618
40 2.141284752996237
40 3.901894332614616
40 1.103642657574480
40 2.126472149074411
40 1.249578996726504
40 1.966275494019156
40 1.771972755086227
40 1.789469059375232
40 2.078676047636013
40 2.381434586097013
40 1.715777404468615
40 1.369541572949134
40 2.679241392388457
40 1.452400785605726
40 1.661881321752985
40 1.220907415871377
40 1.534199291065175
40 1.839755609774096
40 1.661179238133637
40 2.104606964680324
40 2.566539191151553
40 1.704617779762209
40 2.462197889915732
40 1.651850146456894
40 2.848458504774909
40 1.336616450711384
40 2.414751829053456
40 1.858950424892178
40 1.888758456180540
40 3.249782142546051
40 2.235535264725421
40 2.619808241714716
40 1.863406288536733
40 2.490593630378628
40 0.847954862862403
40 1.973965569934045
40 1.386997289470811
40 1.824125979764164
40 1.802810632912850
40 2.110728015519285
40 1.226537324836805
40 2.120243009862567
40 2.004204325713404
40 3.373322899538273
40 1.456430837424062
40 2.632825247378378
40 1.220573370476844
40 1.782797587450208
40 2.439651426404504
40 2.260151740874697
40 2.011283537953248
40 1.463550501967900
40 1.633230081053694
40 2.875011888709523
40 1.184511273526544
40 1.642344958897882
40 0.994375771674207
40 1.273437965308252
40 2.011072483607061
40 0.842818836071320
40 1.862776684987512
40 2.066267388954355
40 1.180656601271597
40 1.817952993430907
40 1.329307749842841
40 1.699766962619361
40 1.521592349190397
40 1.691279571695743
40 2.709252267807429
40 2.195797864364357
40 1.819508355588647
40 3.163480060742852
40 0.967838058039936
40 1.873024272965206
40 2.750986643686649
40 2.981257577157860
40 2.386046017099754
40 1.232302802106286
40 1.307716402382388
40 1.333442709193326
40 2.598667225993545
40 1.766795500711469
40 2.242834113289568
40 2.017112785557087
40 1.835860708658054
40 1.582443502866717
40 2.138002412711751
40 1.742436121501274
40 2.918547132717169
40 2.311588274212947
40 1.140413668595079
40 2.382338188352309
40 3.089404793324491
40 1.907804207720575
40 1.401330828475398
40 1.234132399577162
40 2.538072147081021
40 2.504531296718584
40 2.317313319082279
40 3.144579040954129
40 2.172303471426908
40 1.123694585352695
40 3.639595111441368
40 1.596166033780246
40 1.991138115500600
40 1.365136253273006
40 3.411745641111729
40 2.469116858541620
40 2.083899605584607
40 1.533751142566381
40 1.596092820498912
40 1.256169935233833
40 1.595372932594449
40 1.259494751475222
40 2.703922125873355
40 2.832506087534146
40 1.521417899581992
40 2.582329147567922
40 1.495662095488461
40 1.520875300585782
40 2.012371024314396
40 1.115794953857254
40 1.608209681729472
40 3.287965539636755
40 1.691507286126281
40 1.399458218508046
40 2.168471909165270
40 1.243689364794335
40 2.003234799023861
40 2.816855991147746
40 1.883119050628128
40 1.374979206269662
40 1.740935303827268
40 1.547892453974201
40 1.562726096035139
40 1.608213961147806
40 1.697534155408391
40 2.401681093473155
40 2.929137281573297
40 2.866907065208196
40 1.522081859911577
40 2.325455708409332
40 1.790992002402069
40 3.531568582677888
40 2.907456960807666
40 1.408963635592011
40 2.421937735651708
40 1.898805141950161
40 2.518206230061571
40 2.515294701625311
40 3.005275549683172
40 3.932301266671808
40 1.928258364229790
40 1.829472596246578
40 1.404743223901617
40 1.297710558172942
40 1.952443901069031
40 1.658553655236020
40 1.497819290372897
40 2.814741460271275
40 3.233752881318670
40 2.547687199150048
40 1.004441426451239
40 1.799615083624751
40 1.724595499783069
40 1.147534875625163
40 1.497403132375977
40 2.136442239118602
40 2.300373235786824
40 1.493735082340718
40 1.968025588262758
40 1.944221671692100
40 1.377767336484721
40 1.151207778043533
40 2.224441036761009
40 1.798698113290822
40 1.503563465526058
40 1.854067117273895
40 1.571742692568396
40 1.428110156194487
40 2.601742405298674
40 1.441960585717105
40 2.215374592468928
40 1.705832625627282
40 1.237175294120041
40 2.750401313315400
40 2.167818670774073
40 2.968065725885328
40 2.135069227009740
40 2.014001923044322
40 1.628343413311196
40 2.976280627502005
40 1.218968746608891
40 1.632194465738868
40 2.424963214910063
40 1.136437288407984
40 3.285914180261378
40 3.680730590587713
40 2.040045249302013
40 2.251778612101782
40 2.018386901157865
40 2.362197525516393
40 2.591945516990570
40 1.539313135136413
40 1.691557634265354
40 2.320172296311510
40 1.769362692063803
40 2.438021062839793
40 1.743450557375883
40 1.939247092996821
40 1.308540334934386
40 2.310166132038733
40 1.976226730864435
40 1.709561223540288
40 1.382377836558968
40 2.008056238669871
40 2.634306486900278
40 2.059772298119365
40 1.184110662351396
40 2.602681154557416
40 1.250603111275125
40 1.399810703972372
40 1.527044034700340
40 2.336229041806270
40 1.424572389256157
40 2.227388694859695
40 2.340131964829759
40 1.824973003221132
40 1.712470823996656
40 2.065423235800079
40 1.724789329314488
40 2.394739398607317
40 3.113559829100671
40 2.290612197444839
40 2.029617027987262
40 1.867852212564081
40 1.322661887089312
40 2.525561983450419
40 3.341408857436794
40 3.238222365574156
40 2.310153731379687
40 2.775719437433761
40 1.675697374188051
40 2.378225039237211
40 1.466144936662973
40 1.064849619554066
40 2.926189827769376
40 1.641754367126929
40 1.830428910495243
40 1.562077012178563
40 1.792997869889712
40 1.615203974034499
40 3.340687050504993
40 2.214189767502111
40 2.587214009937373
40 1.978991283337086
40 3.461795829875399
40 1.897465235413998
40 3.169076201033430
40 3.226297657335213
40 1.259120677654323
40 3.173920294233021
40 2.713664057143355
40 1.046649382889544
40 1.299916993019162
40 1.570655176026358
40 2.035948910421444
40 3.909295545795773
40 2.053762859833947
40 1.837528481056296
40 2.552522188701056
40 2.599003679138383
40 2.093378448858935
40 1.541477415079788
40 1.727270676549590
40 1.219921389497498
40 1.200773416303947
40 1.893985552301594
40 2.500185516967892
40 2.000563491131143
40 2.130350273202875
40 2.488107602010102
40 2.589933244856018
40 1.660205831118401
40 3.351857657581657
40 3.096187505207373
40 3.202159422062200
40 4.814726059377112
40 1.655988478125053
40 3.202354742388884
40 2.380945177269522
40 1.656390483412258
40 2.838205252907406
40 1.776452642568244
40 1.406230547942199
40 2.653485386415602
40 1.998166698571669
40 1.442124743066348
40 2.090885836949484
40 3.619018777639949
40 2.967986630491834
40 1.933564231745786
40 1.854818721830304
40 2.729542676009881
40 1.943303895909952
40 2.447074768547205
40 2.162331030116471
40 2.770384035088094
40 1.260110741758369
40 1.666951787038497
40 2.489836786060532
40 1.642685412251989
40 2.195970641668087
40 2.122226704184424
40 3.182496566672270
40 1.559989622980958
40 1.976761747072439
40 4.030621877446993
40 2.736115211599527
40 2.258128793449277
40 1.459352466204830
40 2.919309703879521
40 1.201898369826790
40 1.192241370225030
40 1.162330961749070
40 1.570294286868606
40 2.609711287539573
40 3.038262747936415
40 1.518271315921961
40 1.372700640985896
40 1.817707164713072
40 1.397344803280770
40 2.656361680068212
40 1.470608660639435
40 1.469960578526221
40 1.871072868609167
40 2.072817711815274
40 2.016845653582909
40 2.251235755893688
40 1.173720365347707
40 2.168686585695302
40 1.943512357384906
40 1.355339275866899
40 2.712022218375372
40 3.383180608609412
40 4.234057424851372
40 3.363022952809040
40 1.790354578990851
40 3.707853658847243
40 2.665809257285751
40 1.721960172510453
40 1.469542811975906
40 0.978215909148789
40 1.588210644009331
40 2.676404692294494
40 1.939491135014016
40 3.638029128340664
40 1.437499559445056
40 2.553999931077293
40 2.460128626783732
40 1.725065910928247
40 1.778993078417638
40 1.324446316146248
40 2.105493519973352
40 2.455246876642343
40 1.713986006481020
40 2.407276536308524
40 1.949201916519764
40 3.564936952840258
40 2.640640874109689
40 1.994066112948026
40 2.396694902893008
40 1.551146702652030
40 2.167610917265433
40 2.073843204098354
40 1.832091219236872
40 1.548899260792968
40 2.686702789552266
40 1.999174337858872
40 1.776092581807689
40 1.302676195749594
40 2.254521830523423
40 1.557332865417445
40 3.161949842820896
40 3.541809208318764
40 1.914578538902934
40 1.806433827783404
40 2.368559780342748
40 1.345825477026864
40 1.992776961290653
40 1.865048716958670
40 1.498398664422488
40 2.577849795266282
40 3.899895004448052
40 1.244743553949148
46 3.369225453929793
46 2.373043378615901
46 4.036525072149635
46 3.462372798983352
46 3.702127519081810
46 3.797181431219852
46 3.417839635638730
46 2.047390095842311
46 2.671120840446772
46 2.811863319878827
46 3.315710671251618
46 2.879531649193684
46 3.678315935694963
46 1.908254210377222
46 3.314244320413718
46 4.105248276389571
46 1.662600416010845
46 1.938900152024743
46 2.713798055716349
46 3.914233230473089
46 2.883574297078430
46 3.389676042778015
46 3.656648975189093
46 2.350122258258375
46 4.125320735974157
46 2.038739994822054
46 3.916605860306917
46 2.914860802611478
46 3.158986591569979
46 2.629807129722932
46 4.512987853357000
46 2.585840696634286
46 1.960278654951427
46 3.066409479781107
46 2.197466321541504
46 2.885268748180793
46 2.753354576585235
46 2.462167832548637
46 2.543872304454329
46 1.756385303042029
46 4.545011009920186
46 3.425449111223008
46 2.800655369362973
46 3.655228512861235
46 2.487051768188912
46 3.304753978653825
46 3.247588918949493
46 2.031140764510538
46 3.460563846479460
46 2.386266275919015
46 1.982993369191058
46 2.227236011964596
46 2.460496335024563
46 2.944215610924116
46 1.918993757845052
46 3.114620228494906
46 2.233740334183597
46 3.175797230435515
46 2.046356690188159
46 2.381909791915778
46 3.002577486506261
46 4.032200560605562
46 1.805174992212944
46 1.855278663913333
46 2.587525291671382
46 1.285274534172002
46 3.219580889352959
46 2.321575954031795
46 2.602055203170242
46 2.411421433679093
46 2.907275081557776
46 2.888500991242900
46 3.334922440564691
46 3.334560232820125
46 2.128390884624308
46 1.761763208950985
46 4.846936144229542
46 3.571743148189991
46 2.681194564493338
46 2.277483880153366
46 2.392229400908336
46 2.434849537040737
46 4.805021332737843
46 4.643322989680398
46 2.577855331937164
46 1.749489112853285
46 3.896298757521434
46 1.909157205586731
46 2.670260651272962
46 3.140056293199139
46 2.068221222112280
46 2.196008452602280
46 2.388766121792134
46 3.961891634377407
46 3.295159497892975
46 2.565305482771733
46 3.261654718469272
46 2.725346542757070
46 2.861610010562916
46 2.648850916030121
46 2.667977727745559
46 2.716996392083773
46 1.975793637692916
46 2.069336075827878
46 2.967431370435193
46 3.439464765750976
46 1.923183593924841
46 3.414156185804571
46 3.581487413918497
46 4.053834182344453
46 3.251205424857645
46 3.163954135233298
46 2.458254026213753
46 3.201238823114744
46 2.803664396574741
46 2.500599496394968
46 4.627806826173225
46 4.275850053596590
46 3.557044194280620
46 3.235314866718833
46 3.383811510877865
46 2.766179663380874
46 2.604478604714886
46 3.352579640781521
46 4.880889177700489
46 2.328548077152061
46 3.410307790973765
46 3.218192001030417
46 3.501214036787536
46 2.331292665156982
46 3.683363898342612
46 1.943194887785587
46 3.625811892408424
46 2.395577794966999
46 2.688604567771999
46 1.953974577578111
46 1.943594183257954
46 1.518977683083919
46 2.820954773765441
46 2.511212096140408
46 2.321051107607858
46 2.840053292600395
46 2.424506807720340
46 2.370600074252583
46 2.455810790744080
46 4.066226316000680
46 2.205380836242263
46 3.752190623934235
46 4.683046158447890
46 3.961572938911444
46 2.523226587007002
46 1.685157793822283
46 5.004619024328566
46 2.248931204698190
46 3.581730950563823
46 1.895787447290522
46 2.436809405399794
46 2.490766346327916
46 4.000246806717454
46 2.876433832863830
46 2.743485824670207
46 3.060808297043535
46 5.846736762592749
46 2.392063316711507
46 1.199866279291324
46 2.144442233343863
46 1.479985381986864
46 2.525583506106757
46 2.702139641942270
46 5.839761676929621
46 2.664198538318131
46 2.549412102877935
46 1.936949917260798
46 2.470560146684933
46 3.671627876294360
46 2.204870931347266
46 3.246056798976948
46 2.163502050671769
46 2.839282372095199
46 2.774945117208369
46 2.609067739177485
46 2.779329875986916
46 2.147385883795743
46 2.732087033779814
46 2.636142566702635
46 4.403415031747794
46 3.333186064111749
46 3.141279118519829
46 2.192036795352007
46 3.553579419951161
46 5.194174755849580
46 4.340696058335089
46 2.611466714631125
46 2.008300092711997
46 3.155922729633948
46 3.318245786545328
46 2.643025006780658
46 1.689256191628153
46 2.696122905208582
46 4.006112213908388
46 4.620129329405263
46 2.159941309511315
46 2.750484272661751
46 2.786270746402284
46 2.206272427977753
46 5.691248570224226
46 1.616176334591114
46 2.353681390498219
46 2.695747480520657
46 2.331126227243796
46 3.236315977291929
46 4.987236246401536
46 3.397207928150101
46 3.423719779033415
46 3.423028364748324
46 3.014851097121150
46 4.929587736631682
46 3.985961289315720
46 3.418789974473235
46 1.411443415505508
46 2.869697847963530
46 2.985194771128816
46 1.873047064759603
46 3.562353838796343
46 1.640817419515948
46 2.385201538510742
46 3.194613468863197
46 3.274411998753192
46 2.948334012345212
46 4.463993098521165
46 2.642506611419217
46 2.837469522944621
46 1.672556454467343
46 1.883161467645233
46 3.716081774992074
46 3.506729555674537
46 2.784347758342325
46 2.429756558484935
46 2.878483906982654
46 1.943228931564180
46 2.406873805658250
46 1.866208037158535
46 1.912158720956285
46 2.450279206179333
46 3.640880298167382
46 1.814315819867080
46 3.636885650853090
46 1.473572554835568
46 2.331768227089304
46 2.190330327551451
46 2.700031374679882
46 2.947223660686967
46 3.864167196122726
46 1.594193172408054
46 2.789293371190500
46 4.026699652414241
46 1.983413013491794
46 3.523056439764310
46 2.385457759918379
46 1.940515827793156
46 3.194804945560300
46 3.212534792104778
46 1.889808730915873
46 6.215479412892384
46 3.166821045757164
46 3.074730575169761
46 2.502632373148709
46 2.240145257173294
46 3.259883632298479
46 4.573031159602431
46 1.793196909093396
46 2.951399578294781
46 3.264950403064661
46 1.911477127461835
46 2.041507204580228
46 5.054310834467965
46 2.423425418531883
46 3.354076698967103
46 7.816577538628934
46 4.119095736538452
46 2.854077258882262
46 2.485810065952591
46 1.726005777863540
46 4.906826579987776
46 4.046491239692229
46 2.569518688472430
46 3.564600544990642
46 1.938596914016421
46 3.378866798022328
46 4.642593789416209
46 4.082445970154703
46 1.754912208191807
46 2.621093407568920
46 2.739947103491853
46 2.990725684045707
46 3.216999995138089
46 2.808969700819804
46 1.986465574751976
46 1.747893201381332
46 3.882210493017924
46 4.149990875151840
46 2.135130049088101
46 2.176990032848126
46 4.523692452811477
46 2.391891939202484
46 3.172546476371235
46 3.760675105181635
46 1.724919694762280
46 3.201946651170055
46 3.013038208114486
46 3.748086804214417
46 2.230344798584218
46 2.954912948735822
46 3.924333781690969
46 4.489017628270225
46 2.066456022174799
46 2.579459983175477
46 4.657241591317542
46 2.292921007016998
46 2.751014094459823
46 1.843722344328874
46 3.390340868500329
46 3.305717105809251
46 2.212858307779190
46 2.418802685383936
46 1.730911265110677
46 3.450455063262244
46 3.308343040579894
46 3.723832069060829
46 2.008797627044442
46 2.489675497329928
46 4.992948121890350
46 2.176389387383152
46 3.964225707289983
46 2.317740591196811
46 4.628914856366899
46 2.521838467638421
46 3.186700702780302
46 2.999355499965354
46 5.211136881381666
46 3.397932154321287
46 2.895866084831909
46 1.707506700352456
46 3.389310018768965
46 3.143634884861092
46 4.942255851370749
46 3.680598405275305
46 2.526865012869922
46 2.530231590482424
46 4.321299495784819
46 4.570430605920841
46 2.203789044413773
46 2.367368109567234
46 3.794416912860339
46 3.868694250289326
46 3.588183039842312
46 1.492168574239542
46 4.899547352975436
46 3.122740584964025
46 2.753550324070302
46 4.551554120317657
46 2.868063344098242
46 4.025917936570410
46 3.618242723635855
46 1.722134715262678
46 2.105762514415477
46 2.990188312056874
46 1.918919203098899
46 3.122704723509019
46 3.102149078178720
46 2.496816077899802
46 2.240014423194583
46 3.262210319724670
46 2.731042531858746
46 2.363866348190439
46 2.693661597034547
46 4.407546336570398
46 2.578331325665114
46 2.942289976962830
46 5.231063124088245
46 2.715544834812115
46 2.663663839945428
46 2.121375351987588
46 5.187441870459303
46 2.279511862640098
46 1.782801093317991
46 2.661375840586080
46 3.404352561432181
46 3.163908962057402
46 1.817324954875621
46 4.447193854242762
46 2.705980672333110
46 2.574624679455897
46 4.463715581423443
46 4.135338728504309
46 5.797665712254268
46 2.565715441105169
46 2.292339144024684
46 3.479311400166222
46 2.731300512776495
46 2.702731047294029
46 2.168128274624707
46 2.093733181577990
46 3.254188130528060
46 2.028151589063537
46 1.940120782254092
46 3.054676963105660
46 4.023410351622972
46 2.239008178976745
46 3.003163611618816
46 3.769625096539853
46 3.962034916748757
46 2.003505948653217
46 3.498339380645796
46 2.858792814401412
46 1.999365499183672
46 2.449062747852601
46 2.028952630868346
46 5.120080170487835
46 2.223155777688471
46 2.836802708835529
46 2.902210955194110
46 3.858209627191303
46 3.220472815649875
46 1.363702415834371
46 2.604095149263684
46 1.912572523192321
46 2.633231594635902
46 1.942060397937064
46 2.648251828173177
46 3.403198431025924
46 2.864033539442856
46 3.035336375415441
46 2.267948212479414
46 3.160144288271744
46 3.342549744113088
46 4.295589208938839
46 1.536946303818187
46 2.706470577865348
46 1.516611698677060
46 3.325326068252194
46 3.850125873845211
46 2.982206277121627
46 2.219999182915095
46 3.445569611664824
46 4.454112918203974
46 4.835484872201227
46 1.983456603801612
46 2.338039510551195
46 2.253107589632771
46 4.205310273195294
46 3.857257683205166
46 2.635688608455638
46 2.674473626359190
46 3.715129227811353
46 2.569492383604790
46 2.007295808524119
46 3.285571426832655
46 5.734598657444206
46 2.797114210150313
46 3.471043444993795
46 1.590909400114550
46 3.316813516685444
46 4.556226830446057
46 2.961318102762247
46 6.453071108624896
46 3.717486396809553
46 2.431863627173178
46 2.770987864916126
46 1.866654520080608
46 2.291783722851219
46 3.932321214819400
46 5.177589908165355
46 2.139845577762422
46 2.549468862224065
46 3.173270379020805
46 4.666126109329504
46 1.483621292137548
46 2.797822142805844
46 4.360285519091230
46 2.288779636025223
46 2.734942440805086
46 1.506827271981846
46 2.446584014472611
46 6.086801691883053
46 1.605379950515646
46 2.049354017847591
46 3.062527221556204
46 4.286919047658671
46 1.369132564710831
46 2.324093858375023
46 2.746514833844631
46 3.061197926783768
46 2.923264155406966
46 2.376893175087706
46 3.213537991019721
46 1.960184606242882
46 2.259308159082569
46 2.203785941235592
46 3.394700711958678
