10 0.024926681085053
10 0.017081244748509
10 0.024050949917641
10 0.061088504107573
10 0.012396899634009
10 0.034573080374936
10 0.025167396735089
10 0.016155942481005
10 0.048907572253855
10 0.020027677573741
10 0.027169943991146
10 0.036675681361978
10 0.024084236003266
10 0.028674441986813
10 0.041056863667815
10 0.047763587428231
10 0.016013898014035
10 0.022366203437956
10 0.027229117981421
10 0.022129107660429
10 0.039170957791446
10 0.019591695131559
10 0.017740203205184
10 0.027068741047314
10 0.032378703135727
10 0.031701359759747
10 0.014223098315776
10 0.012704064745599
10 0.018100664936053
10 0.038161929778781
10 0.038483244464852
10 0.019814969405821
10 0.033987140324093
10 0.032390156015353
10 0.026890804833483
10 0.018267293163014
10 0.020378185385766
10 0.029141950377560
10 0.051925447768516
10 0.025545930150305
10 0.028499506353972
10 0.027108839028649
10 0.030511109606431
10 0.022763881789160
10 0.022968037961362
10 0.020566861411379
10 0.030364095051767
10 0.022124734930178
10 0.023891546257006
10 0.024902749424505
10 0.030138634143317
10 0.011746044432206
10 0.024471087737812
10 0.036377359296757
10 0.029216896661459
10 0.021884466924539
10 0.019116317804150
10 0.029296753771247
10 0.023658046596320
10 0.015939101199536
10 0.018639407390746
10 0.050610153262310
10 0.019792006934176
10 0.021015878809798
10 0.033936968899881
10 0.037693759634211
10 0.036391530924003
10 0.028424721374215
10 0.020633634728115
10 0.038415825152026
10 0.013611228109522
10 0.029194998334929
10 0.042373208359745
10 0.027592563288254
10 0.024990718796698
10 0.051482837726073
10 0.015233836648056
10 0.031132013866139
10 0.017825916694631
10 0.027038737568359
10 0.022221496421697
10 0.032425486488573
10 0.020183056138738
10 0.025412784374326
10 0.031599614291761
10 0.027576521890604
10 0.024740388660628
10 0.031018105710501
10 0.022151713781769
10 0.028699540689413
10 0.019050556875446
10 0.036020466064174
10 0.050674628997841
10 0.040471675143280
10 0.027324975964717
10 0.022393018363829
10 0.021690866216129
10 0.019025941734757
10 0.015296009336845
10 0.017627650995667
10 0.023991688250092
10 0.024772090128859
10 0.019627841502045
10 0.022278726257289
10 0.025790010719103
10 0.032684149655085
10 0.012155130271052
10 0.025890402764063
10 0.021501674379788
10 0.030974929188026
10 0.015233306295635
10 0.013751512445633
10 0.019465367594351
10 0.017998289118216
10 0.025484348785348
10 0.023444685499479
10 0.039023635391255
10 0.021798357441063
10 0.070868947116644
10 0.029262508962107
10 0.021535662830463
10 0.033175773056853
10 0.014136627684161
10 0.016633286247628
10 0.029568042842084
10 0.010716894833730
10 0.019700613642143
10 0.026835585496472
10 0.019300375325689
10 0.025870574873531
10 0.035961236579702
10 0.023040356270695
10 0.066843033255346
10 0.012778174036486
10 0.030018123043369
10 0.012784972315715
10 0.033271861246479
10 0.052978738387043
10 0.040024635219672
10 0.016580988212250
10 0.023026908948582
10 0.036932993705909
10 0.028152843162030
10 0.022783455588215
10 0.024886945231421
10 0.020636425117600
10 0.034683151669523
10 0.020271603525191
10 0.037352912266700
10 0.012971023826546
10 0.026496433013239
10 0.019733062373086
10 0.032300561499413
10 0.029093517160503
10 0.018691603543207
10 0.022280897769681
10 0.030599171902344
10 0.023079227010418
10 0.023845915459739
10 0.020450311334420
10 0.025692522773946
10 0.019081210398212
10 0.014673928145571
10 0.030001735249972
10 0.040179445272473
10 0.030188612460228
10 0.034701355820474
10 0.020055711143135
10 0.015568435006384
10 0.024682982052971
10 0.028000982399899
10 0.029274317264396
10 0.036505066198711
10 0.022564965753561
10 0.023660429140103
10 0.041879330945832
10 0.021873204374480
10 0.014424950838456
10 0.017347556518631
10 0.028375014480832
10 0.022330816349312
10 0.037367540421685
10 0.019965391799772
10 0.035069859578826
10 0.019479318443343
10 0.032619778393645
10 0.047073514730388
10 0.040374601332528
10 0.022145777817692
10 0.017609765939779
10 0.024112789900313
10 0.024524840984960
10 0.032436508429901
10 0.021314838374296
10 0.024644911709269
10 0.014683163960694
10 0.022691227803807
10 0.015696704214393
10 0.014220298995055
10 0.017410548059995
10 0.040268209861975
10 0.056232344210238
10 0.021472767591868
10 0.029252293438495
10 0.036809254859351
10 0.048872821200010
10 0.029391349946137
10 0.020399200028331
10 0.032097147886141
10 0.016401052459675
10 0.015969199391810
10 0.029334451833415
10 0.020776562319352
10 0.031690308375378
10 0.019921234732335
10 0.012459753801789
10 0.015170587944252
10 0.051872845175319
10 0.032975531714644
10 0.020161264464420
10 0.024700860651989
10 0.024300325249726
10 0.026337708135529
10 0.029297417364202
10 0.014894200663719
10 0.019820971963213
10 0.037809779712927
10 0.021799713707081
10 0.033097887679410
10 0.022580955043015
10 0.015518238428616
10 0.022602712762432
10 0.022548048592071
10 0.015545796273548
10 0.041858478465329
10 0.029719040060875
10 0.018223657633882
10 0.028109023147471
10 0.034091319095450
10 0.036226973720260
10 0.033052064684441
10 0.015760793202794
10 0.024646882196226
10 0.029841599195494
10 0.010689734054495
10 0.027105953482711
10 0.015763462478075
10 0.025689461913475
10 0.020468720568582
10 0.015560398624738
10 0.022789938115660
10 0.016046847576555
10 0.020628258946686
10 0.021271146494260
10 0.028261475000534
10 0.010836797558064
10 0.033565839885599
10 0.029715700985676
10 0.019618587467175
10 0.043519570666544
10 0.027230606783283
10 0.021404665094115
10 0.020299206992333
10 0.036013531376409
10 0.021190270879926
10 0.017695407899431
10 0.018115035730635
10 0.036796885196415
10 0.018057582844623
10 0.045776443231227
10 0.046564346923374
10 0.031339109280330
10 0.022690471005782
10 0.018982513849518
10 0.031829484244038
10 0.024695309985025
10 0.044365335773118
10 0.018677976560009
10 0.015019961324624
10 0.028983076114380
10 0.020591544812812
10 0.021589593417494
10 0.033427299097983
10 0.023573312515072
10 0.027106787849927
10 0.032363327669880
10 0.019427785501747
10 0.023195258915504
10 0.018448439934493
10 0.018009898866568
10 0.025674715949522
10 0.022298893641871
10 0.035189424839915
10 0.022370751701175
10 0.028009924068210
10 0.043843637914159
10 0.021932173809603
10 0.022277490138663
10 0.045903955533723
10 0.031015140727111
10 0.028524021845026
10 0.025244060564478
10 0.042308014565688
10 0.026973044087236
10 0.019027240974941
10 0.027435363166843
10 0.023483719513183
10 0.034435889149412
10 0.038298134484918
10 0.031627834132568
10 0.032949795281137
10 0.022592953548888
10 0.046842936618125
10 0.023555642023104
10 0.024105390023365
10 0.027291765628603
10 0.034410251154039
10 0.019986918271400
10 0.029376240184410
10 0.047000928834671
10 0.026811969616936
10 0.020108949453958
10 0.028455289758860
10 0.031720393581617
10 0.023196760645462
10 0.048594051491182
10 0.020412513002096
10 0.017387749701621
10 0.030782526794544
10 0.016581569685724
10 0.018608445047907
10 0.022079435138754
10 0.031949334599727
10 0.037488592176479
10 0.020066809047518
10 0.044381243889761
10 0.035556168828797
10 0.052945105138055
10 0.031919484283860
10 0.039226042084568
10 0.033831283240564
10 0.028596796296265
10 0.031302550616140
10 0.026272598493697
10 0.024385195549940
10 0.027634994990774
10 0.027707048867385
10 0.009406603316470
10 0.023570067982565
10 0.032700301636097
10 0.028596612905295
10 0.021387035785262
10 0.043058680421761
10 0.022000739017831
10 0.034006482460622
10 0.033567077181443
10 0.033892318843248
10 0.028774825910560
10 0.019987571920840
10 0.024002950785039
10 0.028766089022603
10 0.032217258337511
10 0.018172313483383
10 0.028041685621214
10 0.026811947227467
10 0.028312299176650
10 0.047088261552640
10 0.023419378843503
10 0.038142087831798
10 0.050952423145203
10 0.027540740745486
10 0.032457682579127
10 0.016511833236344
10 0.024008998932639
10 0.022502175834363
10 0.017178417491414
10 0.031130031877762
10 0.022444310306934
10 0.026566063064364
10 0.018126733404452
10 0.019380503117216
10 0.021042834700917
10 0.023497563957041
10 0.018039203378357
10 0.035211357097068
10 0.014971261814469
10 0.021453812891905
10 0.034678008641856
10 0.034261173379457
10 0.021919338772269
10 0.025493878646681
10 0.032722975288302
10 0.018302951826548
10 0.038531513427650
10 0.038811863893431
10 0.033714836970573
10 0.020349117735349
10 0.025307666818566
10 0.023952006740812
10 0.027049132670533
10 0.021484460656191
10 0.022369986107203
10 0.024966678062630
10 0.033206602710577
10 0.032550768617938
10 0.024537295313175
10 0.038419573186189
10 0.032454630234308
10 0.019767897994130
10 0.029977452776510
10 0.041026455072320
10 0.027730462387288
10 0.017348938513979
10 0.029628875636466
10 0.018317677568517
10 0.029870769495571
10 0.047317977810830
10 0.020184143558117
10 0.015430346714597
10 0.041736448979275
10 0.019320476441893
10 0.040332166708752
10 0.018351489823495
10 0.034169415852362
10 0.032191147236538
10 0.032884050204360
10 0.018942023176761
10 0.034095451061979
10 0.019329086480340
10 0.036866551441122
10 0.023663829934821
10 0.023691753212427
10 0.025183683233209
10 0.035252098486547
10 0.037553299777665
10 0.038484099819110
10 0.016037125345429
10 0.027738545074195
10 0.018411349176638
10 0.029826297081016
10 0.013363991823386
10 0.020577119729781
10 0.030240121991960
10 0.042360165569258
10 0.025221636607279
10 0.024612626923982
10 0.023577484521741
10 0.041445631885657
10 0.023618699023491
10 0.042872892629151
10 0.020848498637674
10 0.031180813317579
10 0.017909754330095
10 0.020543566685247
10 0.026053938360567
10 0.036618282668148
10 0.018989988864300
10 0.048348081788275
10 0.025672258303927
10 0.029936103115235
10 0.023920963460730
10 0.028004917470222
10 0.018151662183203
10 0.026412362337602
10 0.026970581290413
10 0.026439078176736
10 0.017761243928706
10 0.037432093565171
10 0.016908536523020
10 0.036032452403790
10 0.015271889494144
10 0.053535625787585
10 0.016624547397073
10 0.042880157687525
10 0.022538430957144
10 0.021656995822384
10 0.028426080557688
10 0.035457368592471
10 0.013960336456736
10 0.020910786491191
10 0.034261753870007
10 0.034477840289085
10 0.015834877230069
10 0.034857288421918
10 0.039442133247497
10 0.027839129693379
10 0.036212507138522
10 0.026026594884839
10 0.020284559618212
10 0.037702102741105
10 0.039627288620198
10 0.019501171669790
10 0.027937242845819
10 0.024858059701605
10 0.030748370634705
10 0.039840175722735
10 0.047803101291894
10 0.020016752744717
10 0.040318766060846
10 0.046011760082604
16 0.263022470656528
16 0.339519458096807
16 0.202613494802959
16 0.174984469869097
16 0.154038799123316
16 0.350857565395022
16 0.191616046093346
16 0.184581549845953
16 0.143597799543407
16 0.191567150377041
16 0.130939098146106
16 0.280573219250509
16 0.254531511209702
16 0.170063517001418
16 0.207193052111015
16 0.147870478460278
16 0.228262341227675
16 0.186123306005794
16 0.183895383492536
16 0.179824318854449
16 0.184337767943446
16 0.165700411360118
16 0.143280027185422
16 0.156993103802967
16 0.116581738602312
16 0.214272804480915
16 0.252436598899734
16 0.157786374261634
16 0.104240384803965
16 0.182519102536238
16 0.268506661769018
16 0.164996013315896
16 0.231415676284696
16 0.120602489661749
16 0.152666637189622
16 0.107043034681986
16 0.225425306581733
16 0.199938538900402
16 0.127038218557525
16 0.242487343559980
16 0.187008544002922
16 0.145285351383055
16 0.221331761159023
16 0.111036062080445
16 0.102914825742078
16 0.286043443009060
16 0.182617953398166
16 0.157283610430384
16 0.145203610306659
16 0.099190506447283
16 0.146859435296881
16 0.144721341073814
16 0.175241559220898
16 0.175278992300970
16 0.162672970908441
16 0.142248230636111
16 0.214503955487168
16 0.150984389705875
16 0.178060034902346
16 0.171452577467290
16 0.119349375947044
16 0.259378159395635
16 0.144377209418374
16 0.121420624086624
16 0.216342682155884
16 0.203379865212460
16 0.342927506348348
16 0.203389685293924
16 0.320014976429186
16 0.143485887681545
16 0.261000872896060
16 0.217466023463020
16 0.112273748728660
16 0.260161071882675
16 0.186601446726990
16 0.094668731566259
16 0.229663256124402
16 0.127686317004500
16 0.240452611987082
16 0.204115905786488
16 0.170409608034865
16 0.201493169468376
16 0.110964519911733
16 0.190125361207604
16 0.103052491717145
16 0.212445790190897
16 0.312762883560831
16 0.299771709352002
16 0.129492451550635
16 0.161635049027899
16 0.224919551252048
16 0.148958835079167
16 0.266517154779428
16 0.158150217870675
16 0.153864470784451
16 0.256679093421333
16 0.165686054514847
16 0.168525504091356
16 0.319130905043984
16 0.182856651785071
16 0.174401669741957
16 0.147610913011127
16 0.124576153278230
16 0.107353455569175
16 0.163845583257934
16 0.147781472481127
16 0.296607936233662
16 0.184010061126648
16 0.175077723836670
16 0.153481271012753
16 0.130733591311289
16 0.173942708082533
16 0.177842876152587
16 0.260302378559466
16 0.236692015593823
16 0.103676710814304
16 0.184190388382376
16 0.115977082031686
16 0.138504417074082
16 0.085407994354103
16 0.339259669073897
16 0.209973780485628
16 0.224770897506452
16 0.221785170540335
16 0.243545805630733
16 0.108177451251728
16 0.154143150700720
16 0.110485957518888
16 0.125187800401534
16 0.182962983111967
16 0.164824838053613
16 0.114654828333036
16 0.268613420813453
16 0.152608716644952
16 0.197711894634685
16 0.272343093913305
16 0.153092157363330
16 0.103460949475407
16 0.155254570377320
16 0.177326983963926
16 0.133230716695389
16 0.143344599958765
16 0.202730907855322
16 0.196546622622369
16 0.182548502246255
16 0.142247846931311
16 0.206479707483689
16 0.260923996459864
16 0.223098389203459
16 0.105292562508989
16 0.157701023296987
16 0.146109899420703
16 0.165534276529648
16 0.238092221348497
16 0.091492336962069
16 0.173698416148032
16 0.245585997648622
16 0.212005792601238
16 0.244969911882680
16 0.188740579723509
16 0.182021395588833
16 0.249994566477133
16 0.274585297001063
16 0.202469548793129
16 0.222101844220064
16 0.194939198554801
16 0.101578290617187
16 0.180998193221226
16 0.264694764772728
16 0.213162342415446
16 0.154172161097193
16 0.270902944213908
16 0.126072074868065
16 0.220126457723890
16 0.171788619228507
16 0.316114550772394
16 0.122194526507964
16 0.093220969734283
16 0.190319302947491
16 0.227249832241423
16 0.099156838454594
16 0.149990707278937
16 0.143108465124691
16 0.298774505319249
16 0.145383267738059
16 0.118941362146760
16 0.091613114460263
16 0.272491100985156
16 0.177434795949514
16 0.205798093020221
16 0.223621403196781
16 0.280005375246924
16 0.153156831774529
16 0.159378391386687
16 0.108234860013331
16 0.183131519495412
16 0.117070894220292
16 0.163469222710814
16 0.189745451596736
16 0.199501863063730
16 0.127742813631325
16 0.105271978343091
16 0.092702072889668
16 0.116025543674114
16 0.205736596732889
16 0.146297084180322
16 0.223907010967937
16 0.167069750270270
16 0.161707730713187
16 0.175137291491064
16 0.137887051236382
16 0.131874186507320
16 0.169647015939113
16 0.141144644502297
16 0.110653814965286
16 0.273580278635121
16 0.097293088599579
16 0.104123175636656
16 0.238892905554659
16 0.210861946410891
16 0.132269361679287
16 0.169440977397057
16 0.194001366614804
16 0.355324660297420
16 0.357177481207406
16 0.097968093396330
16 0.115320743153282
16 0.275644890276936
16 0.193476542358819
16 0.227251077830211
16 0.162818123491671
16 0.315990232747684
16 0.166994213322494
16 0.174631860397209
16 0.183965261201874
16 0.499473058132638
16 0.304459172705703
16 0.207064645186357
16 0.168430797960573
16 0.221400538822413
16 0.197427921792076
16 0.363238241131383
16 0.131655861590505
16 0.178670440513025
16 0.286963629060934
16 0.224317356802650
16 0.150451654606783
16 0.138433978877889
16 0.173177751611046
16 0.170147577217075
16 0.180133161292887
16 0.132186662796207
16 0.190553812438884
16 0.244890641039751
16 0.132876196503047
16 0.149311426794514
16 0.091334304269895
16 0.122378302403913
16 0.185139630084193
16 0.142693104856241
16 0.188537729745398
16 0.396780343092320
16 0.310360543842881
16 0.134246494706568
16 0.107213191869204
16 0.172973546928076
16 0.425711664962163
16 0.096733946684238
16 0.150580107811558
16 0.155251616706306
16 0.172687453572750
16 0.141994414999805
16 0.262838563242614
16 0.292556919344013
16 0.161410441705646
16 0.245057534922484
16 0.154415974250202
16 0.189304359058145
16 0.204314079498789
16 0.254341820317873
16 0.223214041579192
16 0.254567438486943
16 0.217473360704731
16 0.198624084804998
16 0.191729236771701
16 0.157439598020912
16 0.246294354561309
16 0.135760077882360
16 0.161094680367712
16 0.349479617916453
16 0.359536151143275
16 0.245284814637457
16 0.191421324933611
16 0.342008070253095
16 0.217747981764531
16 0.218915873895517
16 0.306568143148605
16 0.103412389821665
16 0.181391804231820
16 0.210574717647346
16 0.125059865941561
16 0.231880256147531
16 0.229753497627828
16 0.235123937708203
16 0.127094663589984
16 0.330726605986519
16 0.181713059780890
16 0.326474985570450
16 0.158696063309831
16 0.122799113609140
16 0.181347099109713
16 0.193761226425968
16 0.167699237588861
16 0.132564267260125
16 0.286067578631565
16 0.143417068008338
16 0.302142526436110
16 0.130946214554802
16 0.265947958674990
16 0.249659907879441
16 0.179644993468891
16 0.230290965044153
16 0.327012568567166
16 0.102192011638876
16 0.117348751035111
16 0.229286339828786
16 0.200477707417062
16 0.296461313985115
16 0.268043752966067
16 0.180427392732480
16 0.096896548931863
16 0.238253337674192
16 0.184137186172036
16 0.119207459520359
16 0.160333447085492
16 0.171750062165356
16 0.127817415309998
16 0.093520470463474
16 0.153348184090217
16 0.201022459727864
16 0.185528778336698
16 0.140270792340709
16 0.205033966673259
16 0.303796416199122
16 0.133855616754453
16 0.236402703011343
16 0.177836012705149
16 0.117800435182462
16 0.136822671891157
16 0.161853262753152
16 0.284392467190810
16 0.136827727636702
16 0.289581240858173
16 0.189353488494568
16 0.179608874461648
16 0.354055811859138
16 0.230829715198147
16 0.202998589579334
16 0.149952486702789
16 0.271119761177293
16 0.191641757545790
16 0.162533054502618
16 0.146914342309361
16 0.153041007305060
16 0.118336061410658
16 0.217110085403161
16 0.270643210040048
16 0.163675654923880
16 0.176259157815671
16 0.249446807281346
16 0.224726270768990
16 0.123806154851078
16 0.188760442766127
16 0.308841521684466
16 0.141690977430586
16 0.183484436253119
16 0.202781752934106
16 0.096192043779251
16 0.197994079192903
16 0.230109833446924
16 0.285241804575256
16 0.153357791121438
16 0.172614084476001
16 0.143847252735651
16 0.232395697416740
16 0.296971034917325
16 0.145680138393679
16 0.130881291866809
16 0.329343932842676
16 0.257246761361506
16 0.188518289557862
16 0.207260697826274
16 0.151182736607340
16 0.192226810995868
16 0.124111296754759
16 0.157687061763215
16 0.103745035148228
16 0.152148564223052
16 0.183579208036504
16 0.161650823453957
16 0.201011927111689
16 0.085846193960976
16 0.100323775370736
16 0.178820966988570
16 0.142267940299630
16 0.182937786432016
16 0.175191625636467
16 0.114505052582257
16 0.229632756850812
16 0.170332024355782
16 0.164349410532627
16 0.361236311525934
16 0.276177510531745
16 0.127182460226413
16 0.340311629884945
16 0.132052608127452
16 0.224169609855313
16 0.225855757473185
16 0.273322879946371
16 0.093666270673848
16 0.355387152370319
16 0.104873957288263
16 0.129760672071044
16 0.084247005449186
16 0.112645531869681
16 0.305975199623741
16 0.226783034708457
16 0.203144962458559
16 0.314629114593222
16 0.266965376389322
16 0.093593682535888
16 0.178942827756626
16 0.351282515367994
16 0.224605520858870
16 0.101037103661330
16 0.128874623861484
16 0.098735919790146
16 0.264849618148796
16 0.273975397177225
16 0.194098139584387
16 0.111632877603162
16 0.171112434014652
16 0.123876836390214
16 0.182261564320352
16 0.141826386433229
16 0.141058658409855
16 0.218970836988046
16 0.175808469437099
16 0.183244168348148
16 0.132970901003325
16 0.185677863333210
16 0.115482774587171
16 0.144838713422402
16 0.209307426561955
16 0.284986900827841
16 0.130515273188949
16 0.151035072475968
16 0.098024106730371
16 0.174258045917403
16 0.116411425557107
16 0.135245967539575
16 0.219368503995361
16 0.169210330426638
16 0.227930846163881
16 0.216558893508113
16 0.153222511796175
16 0.115900941405483
16 0.179573082629774
16 0.118495865052441
16 0.123791386376417
16 0.133711126662937
16 0.148196526786816
16 0.161566965953927
16 0.145872431816284
16 0.160720674710471
16 0.265778181287437
16 0.122670896083903
16 0.377937551093033
16 0.182479843406256
16 0.181672034347544
16 0.089889863221320
16 0.093993565849257
16 0.108584999270400
16 0.159135744757712
16 0.148131730780981
16 0.081969580601508
16 0.218439522427758
16 0.161534571526386
16 0.139595338554110
16 0.353339138328632
16 0.194500516905003
16 0.185717369632339
16 0.139372324332380
16 0.183529592068752
16 0.301315083606989
16 0.156635310506979
16 0.187794720880330
16 0.185864280072933
16 0.198604967583913
16 0.168887228738555
22 0.408050035932731
22 0.830786799120189
22 0.383596361653415
22 0.353792404314582
22 0.464157958811547
22 0.405619283909713
22 0.425287411622948
22 1.046259000799953
22 0.688494395493035
22 0.717128639942241
22 0.649124933496685
22 0.410808613212455
22 0.922249997725246
22 0.753246789849752
22 0.994069755282903
22 0.661226684132819
22 0.683324175114643
22 0.353259211919631
22 0.675952993230284
22 0.776590884063644
22 0.929597218196896
22 0.510789058268727
22 0.496615137214050
22 0.422910400099280
22 0.465253777333558
22 0.368761540815198
22 0.593207505347857
22 1.000445795164864
22 0.631771516101367
22 1.087203730073471
22 0.633245365702173
22 0.442906985486166
22 0.363763022129952
22 0.546048625939368
22 0.503964234081622
22 0.501029398638852
22 0.329443084972539
22 0.370760134270372
22 0.528639603734191
22 0.808371269542068
22 0.571561425085371
22 0.396109279034809
22 0.764349274944910
22 0.916587425208596
22 0.592701698263064
22 0.643889117195465
22 0.759856216616977
22 0.715603725033662
22 0.784005878578961
22 0.677729656357759
22 0.705927250685152
22 0.418606914283938
22 0.479374165183921
22 0.810520963285928
22 0.443324588738120
22 0.725174587432590
22 0.506824188881712
22 0.419456934236115
22 0.753562190015572
22 0.935483207472853
22 0.488442982138173
22 0.751771362756568
22 0.601393839663669
22 0.899186690323958
22 0.612268879621306
22 0.881298188293770
22 0.601332335940078
22 0.611886931784922
22 0.659354693740958
22 0.789947815677747
22 0.656973798758357
22 0.436686057414637
22 0.911566337317765
22 0.750507331994410
22 0.912392643716965
22 0.405678074407322
22 0.497680186851632
22 0.495324022378346
22 0.656461234131796
22 0.859410896164078
22 0.592666767095324
22 0.609078849328546
22 0.415867808016285
22 0.610274121054108
22 0.374528599891600
22 0.728711130882065
22 0.415386911597788
22 0.751156504514577
22 0.423935863114401
22 0.557967428325885
22 0.598455457672156
22 1.274261608597784
22 0.822781419884945
22 0.680650732290121
22 0.365839578245406
22 0.737389207937700
22 0.396116099483733
22 0.813905591059807
22 0.674490628779512
22 0.841768098152045
22 1.075704827203959
22 0.399832672197105
22 0.530561114637523
22 0.623586282036316
22 0.674299637087693
22 0.736033680261955
22 0.351051872482353
22 0.678158684119086
22 0.842899757791506
22 0.722950353851996
22 0.719055191510316
22 0.742062525464998
22 0.809252368796334
22 1.514944533750078
22 0.350146602736525
22 0.598287843146232
22 0.448438915159027
22 0.419457311906510
22 0.275815072085486
22 0.599729781751470
22 0.615606749843721
22 1.025084317731761
22 0.673837331554719
22 0.599972595963373
22 0.365354422610177
22 0.730229211185757
22 1.006335952303584
22 0.772955584063145
22 0.582875361317514
22 0.370840683917738
22 0.436420202894779
22 0.887593646647601
22 0.657306891997397
22 0.909362097385051
22 0.537107821376036
22 0.892914731390001
22 0.514266414272149
22 0.633604416406739
22 0.878217292814950
22 0.430076511112740
22 0.879916950920267
22 0.477339733347131
22 0.527286871782448
22 0.670117114510094
22 0.788065100230607
22 0.678479409435973
22 0.569105425667922
22 0.428287512525097
22 0.443575285663679
22 0.580600433259424
22 0.684427974188566
22 0.865928481581716
22 0.549862781876724
22 0.883432650772905
22 0.523247612228432
22 0.443174710655219
22 0.537642692235330
22 0.788271726326511
22 0.547634066690441
22 0.694792210651345
22 0.653889026247724
22 0.597498524637688
22 0.553717094015450
22 0.500412766629966
22 0.954003231438941
22 0.708133442661323
22 0.359550844365449
22 0.431245137767121
22 0.825052347319333
22 0.514237488943671
22 1.381199774692094
22 0.603462646542616
22 1.007556565367009
22 0.316534001259230
22 0.646187600766674
22 0.460874865257139
22 1.027465657976483
22 0.629247705719647
22 0.470648289680307
22 0.470839023108498
22 0.450976763030770
22 0.453125777367142
22 0.688505616028013
22 1.054003259722847
22 0.507562935255528
22 0.689435882002852
22 0.737460281405675
22 0.859577191365402
22 0.355268965688017
22 0.792684223514028
22 0.581434460722839
22 0.603152600144180
22 0.772904724709492
22 0.590325403377343
22 1.025346484959522
22 0.463855603931914
22 0.874692027868515
22 0.587860819333442
22 0.409906486517695
22 0.693193897364574
22 0.904912207924196
22 0.766622986623791
22 0.655138754696263
22 0.335164315231476
22 0.565358797544220
22 0.396568677335731
22 1.203028790806393
22 0.349517232878477
22 0.482163189711173
22 0.620628566603965
22 0.808791441256834
22 0.531087249302707
22 0.588766370084257
22 0.566930289805644
22 0.631797585336159
22 1.465311524832544
22 0.865458990978295
22 0.897091675251193
22 0.884458951435657
22 0.819493052481321
22 0.582032628441839
22 0.291628102827645
22 0.570289563263579
22 1.211697255150102
22 0.432175836823512
22 0.502298553320585
22 0.598609529723632
22 0.704881029735753
22 0.895315848711909
22 0.865314419481463
22 0.546676963413832
22 0.373721838076984
22 0.533298366599222
22 0.844985390811188
22 0.891302448341419
22 0.478910632422520
22 0.526527139117583
22 0.274692985877619
22 1.164169890453087
22 0.580993204446928
22 0.374711077930007
22 0.569365842188206
22 0.428685019604215
22 0.439516561007754
22 0.882508051738887
22 0.789296460992101
22 0.539962267810793
22 0.364594759723352
22 0.522236853658179
22 0.425805107021658
22 0.641119680582827
22 0.425067433428612
22 0.477912099785791
22 0.580188809093734
22 0.448022431502785
22 0.540439505869375
22 0.802893435952359
22 0.430795421504691
22 1.266910239563755
22 0.618365629405186
22 0.680069412892136
22 0.735854422660235
22 0.672270135160563
22 0.715177358023257
22 0.815265244382503
22 0.824783700454438
22 0.578556106807961
22 0.706903150375351
22 1.016561694858536
22 0.381892858515814
22 0.834570723457919
22 0.632445395632278
22 0.638134812106992
22 1.043783217707956
22 0.765001831320292
22 0.751663198370458
22 0.511593839335300
22 0.640870782664358
22 1.489930338024747
22 0.823753190092509
22 0.577634971677771
22 0.633207476459301
22 0.320246168648092
22 0.577419619416847
22 0.741879098312856
22 0.516817100500049
22 0.434173417072612
22 0.543033986538025
22 0.671334653830537
22 0.339399976598586
22 0.421039133094381
22 0.621272443722205
22 0.453760123866317
22 0.656362334326516
22 0.629570982596113
22 0.746754376781912
22 0.846134926424043
22 0.520733671162888
22 1.081477371432477
22 1.163323054940950
22 0.495386440999379
22 0.555628740467839
22 0.652246328595724
22 0.823258133707063
22 0.868899229478814
22 0.478440204224246
22 0.805871748862677
22 0.823361929794378
22 0.536286516972245
22 1.140852761132413
22 0.659757938939676
22 0.784294552846229
22 0.606764734874484
22 0.572605973551314
22 0.623045553537079
22 0.650872581689169
22 0.874810104998573
22 1.096462830685847
22 0.457915680072847
22 0.853775548192155
22 1.141068566416589
22 0.999072787085970
22 0.556116152527954
22 0.528318845290426
22 0.652542452589907
22 0.671681768368246
22 0.394611933289541
22 0.706318264702969
22 0.428619407918597
22 0.403353174311690
22 0.467556065483001
22 0.412437716758210
22 0.508479436047446
22 0.593167989789385
22 0.576379420784051
22 0.483786386200984
22 0.753934058767605
22 0.676597255864133
22 0.728295379265974
22 1.567307502730029
22 0.698626393353263
22 0.464260760839505
22 0.928668872282195
22 0.558452087017951
22 0.965815566869301
22 0.515293870602519
22 1.112493672516721
22 0.836258984547498
22 0.877511834344555
22 0.515411784846747
22 0.980781974961405
22 0.881931007217580
22 0.556596337169613
22 0.692852878912244
22 0.338352177205880
22 0.736253773050682
22 0.932197603347384
22 0.424899276160656
22 0.608089499956634
22 0.627432207619371
22 0.509752356831447
22 0.990677048856868
22 0.552059680665169
22 0.709076649258742
22 0.748318331035733
22 0.780244893078518
22 0.863376424378097
22 0.565046785533668
22 0.629854941853537
22 0.425916453862239
22 0.765664689247727
22 0.425289834646257
22 0.423320341475031
22 0.701256957071451
22 0.343992104268633
22 0.780435781788502
22 0.682735891585381
22 0.397683845410887
22 1.009371087904822
22 0.391829287744800
22 0.389956929939955
22 0.627967884882319
22 0.844949347161930
22 0.848915695835872
22 0.567867398202411
22 0.307133699876600
22 0.496459410265021
22 0.522522139307751
22 0.716346809587055
22 0.511107872320364
22 0.503146433394885
22 0.765672726026272
22 0.610522156200361
22 0.349509096835032
22 0.844373149721308
22 0.592262546745308
22 0.759103208046093
22 0.847003940267628
22 0.542296323777135
22 0.545985342272610
22 0.706856474373589
22 0.704185968234320
22 0.745651207766647
22 0.614220360328414
22 0.638596039239401
22 0.620119715788315
22 0.505628879707871
22 0.606748691870018
22 0.378369034857782
22 0.732630231936559
22 0.544409623135873
22 0.736208635994009
22 0.605329353062230
22 0.650876276514496
22 0.589246396058443
22 0.323120820756657
22 0.468365084722780
22 0.843589881123601
22 0.955471297051502
22 0.648932436145587
22 0.460480725652457
22 0.441731853371210
22 0.255414840540177
22 0.677394974506330
22 1.437973911809049
22 0.954535953338139
22 1.532343607916302
22 0.592826078364588
22 0.762965784171057
22 0.866971865677297
22 0.513575177619324
22 0.576417020094997
22 0.817211575682454
22 0.510059999421651
22 0.704181371593042
22 0.597688554493921
22 0.931012412309828
22 0.869522770540696
22 0.328917565093652
22 0.330586450217454
22 0.602485520809797
22 0.750716173544149
22 0.942592608776107
22 1.102815742395088
22 0.571246521192664
22 0.277852662932227
22 0.688427667429348
22 0.856234547835634
22 0.812717100966053
22 0.998142217589004
22 0.863513080720831
22 1.030638158055520
22 0.322603332302237
22 0.710861949146287
22 0.454937923342262
22 0.483664083526282
22 0.456108382448234
22 0.891293602869410
22 0.501476494001840
22 0.863191887231741
22 0.552318623883757
22 0.674433156197365
22 0.656237949962295
22 0.411248347111120
22 0.480921714560373
22 0.719292221169648
22 0.893594765269779
22 1.111136701658160
22 0.524476077069322
22 0.699554857957868
22 0.537513447305446
22 0.691792117725012
22 0.700975346146600
22 0.548813613137298
22 0.657649239568940
22 0.373995808351212
22 1.426488979669534
22 0.647045477852071
22 0.721138694122026
22 0.998574025744613
22 0.566097584545473
22 0.711596663394534
22 0.689467781389376
22 0.969278651655106
22 0.537127759695515
22 0.423733419012369
22 0.824807264443606
22 0.678231242244797
22 1.146311681426682
22 0.694506274905782
22 0.608963468729401
22 0.571594007530325
22 0.554874377966115
22 0.585234316083838
22 0.561215484865311
22 0.516421193323328
22 0.290029948302333
22 0.901909580049935
22 0.316223446395069
22 0.682865029089056
28 1.477466099233378
28 1.711381320088777
28 1.431922209246880
28 2.003166217218254
28 1.538552465283932
28 1.924847774450891
28 1.588582670346346
28 2.648053926922699
28 1.360125104091220
28 2.006197960002987
28 1.460546899697513
28 2.091537561995787
28 1.421330740213555
28 1.376882304781209
28 1.626645407676578
28 2.679854423319570
28 1.622267913537621
28 1.255669110786280
28 1.709276868457724
28 1.256327690680579
28 1.415956841066093
28 1.625448510627771
28 1.768352925073335
28 2.528083326124996
28 2.629805565733826
28 2.239979180617454
28 2.592173159108843
28 1.404267266903609
28 0.725028102090962
28 1.163187595593878
28 1.694599732790801
28 2.106640034418227
28 1.256139507609151
28 2.939290351639076
28 0.877490763738521
28 1.341274434999964
28 1.179238015304495
28 2.577406807566848
28 1.961584107526495
28 1.241233534731208
28 1.570062252869878
28 2.243133695279171
28 2.122344729855978
28 1.413645588260508
28 1.083108688622470
28 3.265623633877183
28 1.232481007154663
28 1.298060065738903
28 2.744826394871660
28 1.895586880934690
28 1.636107941803269
28 2.973842727424163
28 3.689755129222698
28 2.007918379477445
28 2.404110498284875
28 0.762570046454067
28 1.997139024583342
28 1.495085737044465
28 1.881497229087002
28 1.252291875555964
28 2.358169363044737
28 1.966926099882730
28 2.327777303577597
28 2.129621271752166
28 2.163284171970700
28 1.685827304589563
28 2.327652807294523
28 1.595763374895825
28 2.231712674977810
28 0.849243397406964
28 1.347424838980441
28 1.058919422174899
28 1.999182221913706
28 2.430137778687754
28 1.335579526310326
28 1.732130392109748
28 1.617306141953300
28 1.811948535778969
28 1.517955564809865
28 1.315218435207519
28 2.181508365602530
28 1.909712981836972
28 1.963808042469561
28 1.845776748083708
28 1.690554201991271
28 1.440970376436523
28 2.609862022470101
28 0.891021690875974
28 1.058934767254326
28 1.919976132348433
28 2.290106548235968
28 1.068271693128929
28 0.908466767556202
28 2.023001119668365
28 1.867802798335894
28 2.608765145957478
28 2.657348833750016
28 1.357099051396008
28 2.129517028975838
28 1.273975398714562
28 2.813033003813417
28 1.132792428502701
28 1.993972102418735
28 1.820562966149130
28 2.891080431312020
28 2.007507443106666
28 1.697319961810132
28 1.346354237850072
28 2.487570641231261
28 2.090261253813788
28 1.581852733482746
28 2.624971448651912
28 3.510405335275239
28 2.026764311681585
28 2.218977379655156
28 1.597937629384571
28 2.435607771719214
28 2.295593471314165
28 1.171550520239159
28 2.066874055625938
28 1.982410424778053
28 1.962365956089494
28 2.074591254255270
28 2.264832643804246
28 1.995821804315203
28 3.288906085062778
28 1.283016134134304
28 1.961608419519100
28 3.056535665027938
28 1.378343432721726
28 1.205420282687087
28 2.278678176972917
28 1.708624472071512
28 1.441004494014389
28 2.464770540249395
28 2.370180450640099
28 1.632467454749936
28 1.892985056108667
28 1.438885893205442
28 2.583212206080155
28 1.099767119065491
28 1.321112406619121
28 1.806243180961517
28 1.055359835280064
28 1.020787077100201
28 1.212648542587409
28 0.693967006812483
28 1.413599963041136
28 1.831990233952181
28 1.930592379176759
28 1.774902912387586
28 1.249912605003463
28 2.521780714459413
28 1.223671772666880
28 1.304749272581112
28 1.412613824951565
28 1.802375892302482
28 1.689076433160776
28 1.336110984034673
28 1.379200524275812
28 1.760024159377930
28 1.775239103285141
28 1.393129038375664
28 1.658245832139562
28 1.305129243328057
28 1.393921257951991
28 2.025542815928714
28 2.904440971736312
28 1.187616343827655
28 2.689302808606961
28 1.659856938364928
28 1.285117952052622
28 1.267876099050208
28 1.794979079983523
28 2.542148842017595
28 1.866832651201952
28 1.974141874624372
28 1.606683409630048
28 1.258936207075414
28 1.298744619317191
28 1.319345976134255
28 1.201466099414064
28 1.213212127760334
28 1.999816519770150
28 2.516253580757779
28 2.304322170630950
28 1.932826715151139
28 1.513554004627523
28 2.015428260967076
28 2.197640795209623
28 2.664283058723340
28 1.477831831637304
28 1.589409448336176
28 1.190390185823399
28 2.687306102043280
28 2.007994439621863
28 1.994430079541210
28 1.101573841372567
28 1.164300843099623
28 1.987484995582643
28 1.257164982860242
28 2.041185621874273
28 2.230553194456403
28 2.583800860092324
28 2.273123809690333
28 2.218281054026971
28 2.417648566797031
28 2.225112327443897
28 2.018338796211506
28 2.707317429101775
28 2.445947736235051
28 1.525054829558283
28 2.187672883351229
28 1.347004237604343
28 2.107252279501993
28 1.626771936111820
28 3.111851046866301
28 1.316342892507984
28 1.645448214361921
28 1.335334855381713
28 1.096491139049643
28 2.074783613467773
28 1.955906687298570
28 1.410412641276720
28 1.987864788226641
28 1.340733756955146
28 2.390912301362898
28 1.461300233181763
28 2.515780229834100
28 2.057234158309789
28 2.402543226017685
28 0.996431140255615
28 1.038355675360485
28 2.327614709112591
28 2.421109224657295
28 1.894469588617415
28 1.870177952919956
28 1.435501637292488
28 1.241628543614397
28 2.783700238532995
28 2.948009152510286
28 2.053051743671483
28 1.952229638716192
28 1.355944409100187
28 1.861716177342196
28 2.624539724597704
28 1.780975827755571
28 1.232559366937948
28 0.997507070396047
28 1.667233357086618
28 1.778661851765705
28 1.584655000261455
28 2.096830119147601
28 1.539157358401040
28 2.990482615716795
28 1.205713487789684
28 1.767706446174854
28 2.431141821195193
28 1.151259297323049
28 1.279038106105539
28 2.782547759230490
28 3.017117636709064
28 1.725466361254208
28 1.891243426532057
28 1.463235914393934
28 1.232650375487723
28 2.007574018701227
28 1.122573285328121
28 1.352445567885858
28 2.613545454204223
28 2.087810583414694
28 2.415415700153940
28 0.910602869487143
28 3.396482568996466
28 1.200409543241173
28 0.817150943448090
28 1.657854519179308
28 1.443360508682025
28 1.403515029388449
28 1.702478144309056
28 1.824597470608469
28 1.924674673572549
28 3.160776009630310
28 1.823965309149214
28 1.508044411459498
28 2.389354865136491
28 1.111799771167645
28 1.376186748833072
28 1.021171841936853
28 1.824264530579688
28 1.272288844474688
28 0.773005132487407
28 1.535726029679543
28 1.116693362322623
28 1.197632555715044
28 1.010033084238625
28 2.181297413628364
28 2.396775290622815
28 1.420495636912795
28 1.185945053318298
28 2.086905938214132
28 1.177866339735668
28 1.906808147624907
28 1.775340409749863
28 1.377491785400931
28 1.194720868895557
28 1.132943420361888
28 2.787805621332185
28 1.832258043751218
28 1.523872896315852
28 2.492664245299290
28 1.661005994514873
28 1.802855503334783
28 1.175160470175361
28 2.176418931499091
28 2.640773180735541
28 1.614634842569392
28 1.767110654263265
28 1.998325282663306
28 2.182903702512586
28 2.308513261197744
28 2.158208487085557
28 1.950220873420238
28 1.944101920418666
28 2.773213739653255
28 1.807359533224720
28 1.450674818608237
28 1.687257814247387
28 2.107859738536606
28 1.462353122186664
28 1.261228473001692
28 2.260142329865430
28 2.278589008307079
28 1.984856428561854
28 1.550934226790413
28 2.370358265072206
28 2.891283085484324
28 1.662884109024168
28 1.218769967152065
28 1.444835983785948
28 1.151957171910184
28 2.787994803056877
28 1.548875542341073
28 2.430680775693888
28 1.775638395333247
28 1.948081925507674
28 1.595275694602553
28 1.621189255245048
28 1.746054341627294
28 2.926324183347484
28 1.789275130349662
28 1.944126847241187
28 2.189465934023452
28 1.073514461947483
28 2.730566596000111
28 2.061166563740612
28 2.190433911332073
28 1.200630902867106
28 2.051538667666680
28 1.864207645796366
28 1.258478136434809
28 1.434666558146019
28 2.423741012364305
28 0.958859439277163
28 1.856909553217443
28 1.913873764070810
28 1.428297914814665
28 1.957095473895666
28 1.864655625706483
28 0.967187192667933
28 0.899382786493639
28 2.218573827857046
28 2.372532191498732
28 2.322451935028546
28 2.477181792152207
28 1.085225434395579
28 3.651558287017903
28 2.760184307537704
28 3.255030913766492
28 2.106410713097080
28 1.548142276326710
28 1.706721327218610
28 2.093630142302301
28 2.052186467518246
28 1.483024032652312
28 2.120813343478364
28 2.324460782313690
28 0.966267829674695
28 1.710529329100868
28 1.733085624248156
28 2.103024316494714
28 1.844906374270676
28 2.118174958962878
28 1.440800681734941
28 2.315948149924829
28 1.546941233968142
28 1.950418858708355
28 1.979542144480612
28 1.789537363561153
28 2.460772041205056
28 2.529811429490188
28 1.754404810379149
28 1.435468907952820
28 1.732714640249674
28 1.364354644335210
28 2.172840496292436
28 1.659147513030085
28 2.175035636741112
28 1.410794864989803
28 1.902906710641197
28 1.662431449957521
28 2.047216489521983
28 1.751101284239359
28 1.563470613402152
28 1.726997126711820
28 2.114321362497692
28 1.559419293291486
28 1.449550392612614
28 1.372106003860904
28 1.924433075767728
28 2.642378014087249
28 1.574815207979356
28 2.533561021751987
28 1.433191115521208
28 1.093564607548510
28 3.997824596069183
28 3.416331900558159
28 2.519184878305068
28 1.272262905900774
28 2.322238747224018
28 0.782456002523960
28 1.863128123136557
28 0.980714450767118
28 1.592806967039154
28 2.631081443413944
28 3.113280959242476
28 1.873701509758861
28 2.469053400531214
28 1.905722946465509
28 2.509819178484194
28 2.072391716268051
28 1.099389757897649
28 2.723758479489082
28 1.061618975468290
28 2.004765593958613
28 1.857951736395377
28 1.059721267264598
28 1.581130204162165
28 1.004965308632049
28 1.712284060036490
28 0.801500187727362
28 1.897244447068350
28 1.411924008811282
28 1.769253406373033
28 2.818595899353119
28 1.181413901513237
28 3.033515379810275
28 1.232692528782552
28 1.394713391530757
28 1.424628720841303
28 1.432531324419700
28 1.816508402306439
28 1.558100537160211
28 1.894417549854218
28 1.060208921308980
28 1.411526731526914
28 2.165494906861747
28 2.794444582337912
28 1.280882430266523
28 1.986744050099759
28 1.829287376436660
28 1.867397552532917
28 0.939671900138870
28 1.044854882123341
28 2.122690965922449
28 1.360122204050007
28 1.249581851600104
28 1.302682410636013
28 1.175427929932576
28 2.315227035657337
28 0.988286188644860
28 1.435179200029631
28 1.689245663513366
28 1.436325524528252
28 1.861829756236411
28 1.301072330897147
28 1.509873248000370
28 1.342859298654088
28 1.509961388637671
28 1.038069856332189
28 1.635100841866702
28 0.843943135734645
28 1.240305451697783
28 1.482943944191387
28 1.888992762741845
28 1.646395598861496
28 1.127779910486496
28 1.248690482236437
28 1.922232717391426
28 1.895023978479724
34 3.577798241559028
34 3.428667653578493
34 4.942499781885886
34 5.211211749498614
34 3.002671411485655
34 3.870043980152685
34 6.230491465277493
34 2.424732174500372
34 6.096373290459775
34 7.032247515590737
34 3.249943513552056
34 3.635606821188661
34 2.860013813323274
34 6.396385662499598
34 2.602082146336374
34 4.041024226528142
34 5.520302009654633
34 4.709048890550355
34 5.301691009458684
34 4.122683705480083
34 4.949776316505448
34 3.803481587357802
34 6.868415962226892
34 5.453384039209530
34 6.572952291754604
34 5.505458799562723
34 5.292415923284826
34 3.166994930949717
34 3.319069198699813
34 4.157883802826351
34 3.787354429319483
34 4.309815545651179
34 3.640886800578395
34 5.178633250276646
34 4.372961122400824
34 2.987939761148990
34 3.637849322332896
34 3.506759208566317
34 3.914887970944598
34 3.472239287201304
34 2.650835049830788
34 2.901494335277477
34 4.846811061255464
34 5.015706453998492
34 1.776922673600573
34 5.407505559646122
34 2.839928839738941
34 3.671548538809552
34 3.961019304491571
34 5.013873076781702
34 5.285756995729465
34 4.919626847808456
34 4.744453270872282
34 7.614057687685368
34 3.795549315923036
34 7.096490544311994
34 4.899440700893411
34 3.304339935295967
34 5.358720246872036
34 3.957782863360689
34 2.314200140521409
34 4.551936478742468
34 4.334441738143535
34 2.511831861689882
34 4.256777927636145
34 4.276926200877350
34 2.743537762744467
34 2.707173474269608
34 5.830408495216001
34 5.399829659341269
34 4.914238222821883
34 2.438432942103103
34 3.945784965440611
34 2.971795290727059
34 3.852040957912608
34 4.286720614078011
34 2.272490870785076
34 3.087746960747835
34 4.708630749170585
34 3.402818127185216
34 6.491717038803591
34 3.310030174592171
34 4.035418448874664
34 2.357317841203717
34 5.559028136832517
34 3.186200095119364
34 3.454293487197631
34 2.565832033822291
34 3.605656661848516
34 2.042024814124824
34 5.451133097122154
34 6.629160948946170
34 7.861594848427256
34 4.098009315666937
34 4.677489228841926
34 6.273349206936015
34 3.520839694630642
34 2.722277210313964
34 4.044655179246236
34 5.412379508764539
34 3.156467364025878
34 2.710121640818035
34 4.612251330729782
34 4.335775418178683
34 4.316525897612368
34 3.326170524551948
34 4.182966276475320
34 5.105509654452960
34 4.759307100625293
34 2.945877307969601
34 5.311277342494836
34 4.937725416698497
34 3.094415066425222
34 5.487640263785656
34 3.118942898110666
34 3.111120609967839
34 3.723913068793898
34 3.390303541536402
34 1.951094317091336
34 2.677192294560194
34 1.820847215765396
34 5.532933795597327
34 4.003413120565893
34 5.637057183784509
34 3.704274855754845
34 4.891193592477444
34 2.096225217435324
34 5.515601555578540
34 3.795487878168924
34 4.740331001549258
34 3.059857761338795
34 3.224951011916025
34 3.968683020812003
34 3.563061719137307
34 3.777568666360307
34 3.098325875520846
34 3.111544017854962
34 3.223046336440444
34 3.740271199199586
34 3.182582026851923
34 3.489559990549715
34 3.767508651532516
34 2.976514151952300
34 2.567447457063166
34 2.909679843499185
34 5.445533671865099
34 6.269620553608060
34 3.853756931144222
34 4.371286496700137
34 4.768461706697067
34 4.051701800419114
34 4.541588053002950
34 5.715250872561993
34 5.276507665406784
34 3.552405260884542
34 2.629173731789920
34 5.303235035958905
34 3.286249168488053
34 4.952630984791015
34 2.214080980047008
34 2.875960717368511
34 2.542990794402004
34 6.966553997940290
34 2.149762431657715
34 3.400006305714592
34 3.428640789089728
34 3.065311131060980
34 2.722588881912201
34 2.844746305335765
34 3.349338768046098
34 4.484792053259538
34 6.041117382558343
34 3.228138254638599
34 2.676400574301249
34 4.611815401268759
34 2.372825939244744
34 4.069194651966329
34 4.357312881971009
34 4.505138269173892
34 2.073208705933577
34 3.269443539241898
34 4.040238984835865
34 4.707378558668577
34 5.952448624923867
34 2.913454742151349
34 2.742942754304634
34 4.115808793775015
34 2.059238127976812
34 3.472155072855553
34 2.112917001616054
34 5.353702860291332
34 7.404525796742962
34 6.758969837324502
34 4.590292338143247
34 6.834139555407422
34 4.428457899114958
34 2.835129904639597
34 4.224263221542385
34 1.937688175851808
34 3.516353627918426
34 6.789578348193184
34 2.090550347080048
34 5.655973525581059
34 2.248752295820392
34 3.194459615202929
34 2.826779094136047
34 3.914596218107960
34 3.714171397893629
34 6.464827838518840
34 3.997841104740406
34 3.351797802768309
34 3.597843800860195
34 2.664885221002302
34 5.894935287424638
34 3.238011513480537
34 4.120407753143572
34 3.509313252620042
34 4.862260944704970
34 4.161846874402764
34 6.306283387316561
34 8.790162378844679
34 3.447923417003327
34 2.971379371355145
34 4.223848053901070
34 3.202671861364352
34 1.896071408895144
34 2.756995709376035
34 4.798423081087718
34 5.744590448162048
34 3.126500057317799
34 2.405086282216915
34 3.304649799429598
34 3.716684133610925
34 3.601283283607025
34 3.566560913010874
34 6.231598575021605
34 4.933998767220480
34 4.867759775448443
34 3.330654698614251
34 4.305566185178515
34 2.849218503021489
34 2.996751483763421
34 8.901427085006180
34 3.586941570950633
34 2.045395716577120
34 3.918543312819619
34 4.699894780035413
34 6.769508576467317
34 5.633121794448487
34 2.348716286780729
34 4.856835528483782
34 3.430720779318330
34 4.256120372254292
34 2.329803454456396
34 2.639532811428897
34 4.011134734967854
34 5.175000636057915
34 5.632538736923969
34 3.317182979189696
34 3.052026584735136
34 2.170310701920103
34 2.968110399602438
34 2.693890967201114
34 2.315121737232655
34 3.311509074090966
34 3.582020338009312
34 2.867546876992737
34 2.626693703627278
34 6.089437634025104
34 3.372209169080043
34 5.006784115857750
34 6.044080278030318
34 3.598833792979884
34 4.154379043777245
34 2.874435754968611
34 2.573261599651150
34 2.213419356631027
34 2.054613171634800
34 5.400116558001261
34 5.527016785177657
34 5.838960042957925
34 7.616491503322298
34 3.778689414568810
34 6.630789252327597
34 4.459419096599491
34 5.181457963448295
34 4.232292815576078
34 3.988240447974894
34 3.936549370096513
34 2.212372521294436
34 2.668919473015260
34 5.132386911426571
34 5.217123870503253
34 3.209184071088656
34 4.109403313530201
34 3.434615754809372
34 4.415027572747444
34 3.541780062725153
34 4.716829679336156
34 4.205978949651094
34 2.682959404814764
34 5.951976334008378
34 4.274969779823768
34 6.491220646537807
34 5.287174204630952
34 3.306250137924104
34 3.331691269986120
34 8.914022845247386
34 2.741117297463465
34 7.052261471567968
34 2.483382070316284
34 2.905219837946711
34 2.812155947243617
34 2.568268701454171
34 2.974563905475602
34 4.316728919506772
34 4.429939530742145
34 5.471042657946493
34 6.318847952273045
34 6.680773085993765
34 3.541451957866063
34 7.823649486483532
34 3.462173662050001
34 3.946527781557164
34 3.060838112423621
34 3.609774443705129
34 6.930873262917705
34 2.129558155638214
34 5.582276701881900
34 4.725528411371561
34 3.827243619569253
34 3.286722510376838
34 5.937615569718929
34 3.644777137481543
34 2.242929875630016
34 2.996254799674436
34 3.922078587548514
34 2.994510725464930
34 5.119527480751294
34 4.984632220568614
34 4.285506700044526
34 5.726108561841889
34 3.793489403065730
34 6.565850348233162
34 3.988381604275508
34 3.725042970621872
34 5.923166548302553
34 5.338751896807469
34 8.756987196931778
34 4.441564977675288
34 2.546737120160650
34 3.798390232358844
34 4.768632027236295
34 5.461255316386041
34 4.888262103242746
34 3.635763657935810
34 3.471043453140360
34 2.256896030571997
34 4.133304505420694
34 5.188429621603382
34 3.210829061050128
34 5.834309858249232
34 5.228745131353014
34 3.281504438590762
34 3.294936218539341
34 5.482445508080912
34 5.050012656253563
34 4.907510881877818
34 3.433194883635463
34 5.436700210494071
34 4.594410390154808
34 2.117007724287181
34 2.585955483603300
34 3.105670679245581
34 7.707269954054197
34 6.146924887899450
34 4.447328769564034
34 3.756488768706831
34 4.976084691143903
34 5.427271037093074
34 2.406714632134142
34 2.709475252047722
34 5.063749067363112
34 4.442819301010747
34 2.305335060117883
34 3.453998485432525
34 4.410455582160776
34 7.002782419229620
34 3.815140265913119
34 3.228257327231926
34 4.807301678356536
34 3.077327080577235
34 5.062782228968652
34 2.922906840061387
34 3.981071797320809
34 2.780400719670281
34 3.350261384842121
34 2.903802706920861
34 2.075531217052766
34 5.245548007725592
34 6.862872287251402
34 6.589985727088843
34 3.472883116153664
34 2.998871097468043
34 2.336932870665941
34 3.422125872689190
34 3.155095703894379
34 7.297607704114486
34 6.352838242932192
34 6.335894984339953
34 3.909406877648182
34 4.289921932063943
34 4.529261372777500
34 4.872739980251110
34 3.012979636370954
34 6.817124745433943
34 1.816711855231580
34 2.826841655437965
34 3.646605471080884
34 3.028378466201413
34 4.840707164553547
34 4.504796608410464
34 6.467785941937120
34 4.285030962301815
34 3.471595927393899
34 3.098228079746746
34 4.116135902232573
34 6.646865405838911
34 2.828312996868125
34 4.126350780214045
34 3.153585030192278
34 4.652831135527908
34 2.973356359063691
34 7.757166984568186
34 5.306398775325423
34 4.403555729528264
34 3.262559153537380
34 5.906745098136994
34 2.841891638720145
34 6.807708990663921
34 7.328592930031109
34 4.586518011004774
34 2.038096773458897
34 3.379147884659973
34 2.927244093558765
34 3.058615164281942
34 3.251969055825294
34 3.870616493288057
34 4.840640854584244
34 4.329506951360144
34 5.388538896087815
34 3.637705299717071
34 2.393654763178176
34 4.479630994211745
34 3.882675421614479
34 7.072697437682603
34 2.483629005866556
34 4.602217338073838
34 2.878543300687926
34 2.836857545791291
34 2.606020955263924
34 3.869976970234216
34 3.523974910364033
34 2.932871893280797
34 2.283518899753044
34 4.252158796320185
34 2.959727765759526
34 5.256838366009393
34 5.247397649833541
34 3.404152527454591
34 3.769582007578140
34 3.163498578347777
34 3.353996904610044
34 2.468597759985783
34 4.479823314180513
34 5.061019338894193
34 3.103592500739258
34 3.833192204124833
34 3.120960358780005
34 3.426856144966635
34 2.724643575188768
34 3.000098925749810
34 3.239314866830481
34 3.709410359487578
34 2.662682176292056
34 4.716382091226697
34 4.171502622698625
34 4.654811628929649
34 4.259824266999765
34 1.820021707916760
34 2.756286745067596
34 3.313832803062273
34 2.814842132617838
34 4.336507300338321
34 5.203337302749173
34 3.552210258543346
34 3.488404650998462
34 3.185937194917842
34 3.521433311352081
34 3.767477709268302
40 8.505688304403295
40 10.415132393487367
40 8.539411257142445
40 6.334645004224143
40 11.770839145068146
40 5.431594125685834
40 4.501258508703690
40 5.720464363865164
40 4.522261568296853
40 7.008771867353418
40 6.248192589529841
40 6.929879171833711
40 14.806870534668175
40 8.711892435204936
40 6.357768197538478
40 6.466491123469972
40 3.684684528014101
40 12.123321318390740
40 5.406547217238575
40 10.239033830803038
40 8.417218491476818
40 6.986794365580106
40 11.693900645058889
40 12.009722864375357
40 7.689431345915004
40 6.175898896578532
40 15.551390664897365
40 4.364563595932856
40 7.903874565259631
40 4.744675128650429
40 7.938265092521110
40 10.421207034425407
40 7.646983915055476
40 8.024932799111614
40 5.723931550821016
40 9.848108374420196
40 6.355897735528439
40 9.095737538393225
40 4.516620573442877
40 4.476812595520475
40 8.392580618958274
40 6.667249121221518
40 9.257405133219391
40 7.418900208527235
40 9.761478270313960
40 6.055394059104564
40 8.980354428709816
40 6.203365777902222
40 14.115604153470002
40 4.404845613977610
40 6.561739869521148
40 5.216154625694886
40 7.146930003240135
40 5.522289217507920
40 8.411358169913147
40 7.653434838661340
40 6.080191926184097
40 7.470804783137330
40 7.886353144325545
40 5.765185854959527
40 7.654346251813219
40 6.695697329534116
40 11.471421872663489
40 8.092215222633479
40 7.740520719512208
40 9.905973015736805
40 9.536779570769792
40 6.564184709456844
40 7.791026072126726
40 4.897038515939089
40 6.936666649702465
40 11.263990863165333
40 8.564685080060695
40 14.708151379439315
40 10.173640056169367
40 4.734115685054377
40 5.742362290142164
40 6.647766936880450
40 10.928121281867570
40 8.982532316661938
40 11.837659740147732
40 6.203422186005049
40 8.736107603879420
40 5.331344734409472
40 7.456380655678608
40 10.276318162620210
40 15.126381610226099
40 10.824095804040844
40 5.389662741765668
40 7.417307409774056
40 7.687292765367511
40 7.890577971063756
40 9.104520360743869
40 7.225394833368564
40 14.830243621302344
40 6.721098541371042
40 7.502654379569242
40 11.467677094951565
40 8.763721732739569
40 11.308504797222657
40 6.824104536723443
40 5.271542907603708
40 10.899872521434423
40 15.237792422626526
40 8.391720371538820
40 7.489912696822383
40 16.154849886050641
40 5.751191737558409
40 8.016086466746485
40 5.049931297811206
40 6.027255240068790
40 9.981442743991366
40 5.356061905053613
40 5.800001884177549
40 8.281513021098673
40 7.520555630258592
40 5.858548629068553
40 9.546727440165999
40 8.087453869463271
40 5.399470116748256
40 14.540684179710141
40 10.284981345501897
40 6.152137041865604
40 8.617085030543436
40 8.538960692280398
40 5.311562773673289
40 10.809035019588498
40 8.733888562901845
40 8.878752172399956
40 9.346388305537442
40 7.296172910475939
40 8.882864862929209
40 8.226169745543412
40 4.711097794026903
40 9.398513132124776
40 9.997479387636099
40 8.211279435856621
40 7.638736743652304
40 5.251345393108853
40 8.777231300875465
40 5.555705855635969
40 11.707877986935815
40 6.973238276222069
40 12.613734054892515
40 8.863116196452077
40 4.441902827693125
40 7.248373310885011
40 5.155487607057795
40 4.971075527152436
40 9.865915437422052
40 9.452338570090955
40 6.257791825938606
40 8.704027077490823
40 7.486306418334363
40 8.011792749798326
40 5.998430667547371
40 8.743840584907899
40 5.977332647925202
40 7.462412128778827
40 7.099428837241362
40 10.910775698984033
40 7.057520195656117
40 6.150545292149138
40 4.737598915788762
40 6.120857593817238
40 6.979892356794842
40 13.952356394801894
40 14.671782370536645
40 10.587625104115665
40 7.388253522065629
40 4.639762794546658
40 10.188516681330881
40 4.774507940281318
40 8.501306399756333
40 6.270579363808558
40 7.289036783576336
40 3.304992806721438
40 5.176168280721383
40 9.637784038203765
40 5.344702788482639
40 8.999277940100034
40 5.333427733374981
40 14.135707570636285
40 8.830910041469174
40 7.910623921551775
40 14.502086159785666
40 5.159782814801109
40 11.628980127521000
40 7.434148133374382
40 4.367260838668123
40 11.056726540320318
40 6.235650105362943
40 6.090809049245052
40 5.653883916757837
40 8.123705716631614
40 5.897370914723846
40 9.579038637789663
40 12.932893980702964
40 8.801546973401431
40 5.811733291210420
40 13.151218122732685
40 7.353676068936871
40 7.738179687719141
40 8.249380138605929
40 4.956717945545026
40 4.739619809347546
40 4.288557894004198
40 8.032045085364221
40 10.360398674482104
40 9.299649753654581
40 7.847331229618169
40 5.243235110321530
40 5.111114803977035
40 8.848740548710365
40 10.277354205950209
40 6.579836424150386
40 7.627276652767573
40 5.945293716673396
40 5.737689026515891
40 14.111797322082911
40 7.376799932957146
40 9.736597804018118
40 6.369877209064946
40 6.521127410143100
40 9.322021950652545
40 4.697367539778899
40 12.668574538137253
40 9.091886669468261
40 4.241967131342292
40 5.499119938737020
40 12.864410658909016
40 8.593587973327164
40 8.341509303304148
40 6.855314986290194
40 6.647278163323355
40 4.948754305839143
40 5.721644852645650
40 5.110302416464361
40 6.862618427268448
40 9.960022526737516
40 5.462252875966410
40 7.820414156154932
40 8.097319911549601
40 9.037027264314100
40 17.686324406239699
40 6.301339650836928
40 10.831642266022911
40 6.761972700404969
40 14.838169073867082
40 11.727544346903501
40 5.537267514092000
40 8.336486934576888
40 8.386992609430697
40 10.501984993003392
40 10.342901054639128
40 3.424125978089371
40 13.277263305195678
40 6.205966005991591
40 8.620370407044188
40 5.143627688366989
40 8.756143028890742
40 8.342078104937915
40 8.982622580913633
40 7.833990602734730
40 5.673733795916162
40 8.393292752955301
40 6.641958376502306
40 6.867820678404327
40 6.024578059516610
40 10.181553137930646
40 13.473865669191031
40 8.324361564939609
40 14.314703032535457
40 5.786102561072218
40 8.905664858807761
40 7.800519812799712
40 7.801056645882996
40 7.431734335019512
40 10.650134383424618
40 5.699764253101636
40 5.706552090400169
40 10.964990323028273
40 7.688631797380500
40 9.153685806780189
40 3.327286156224263
40 7.790455712690644
40 7.530233070430608
40 7.058789482622842
40 9.046575949844554
40 7.480153982155411
40 7.124981620842805
40 12.548980176389666
40 3.906539646181262
40 6.867515129070346
40 7.974098161392540
40 5.830846480335673
40 5.603129738535043
40 10.352598509578085
40 6.593629694028904
40 7.639453061117116
40 7.961109578365576
40 8.571907027883441
40 11.880644538358114
40 10.668104096821764
40 8.464719694543252
40 10.735136285990485
40 6.267655964283342
40 7.787393124109556
40 7.739116260739978
40 9.903118132845977
40 9.478750963895754
40 8.777068684851088
40 14.367948598489440
40 15.139595920186133
40 9.578443714991737
40 11.195615398739196
40 5.170688272519915
40 7.738197568523809
40 6.882358202098107
40 6.700971243611212
40 7.036669317488260
40 7.581096311935444
40 7.105574156819522
40 9.482313711944627
40 8.291635166510769
40 4.824411547146209
40 5.828491688244830
40 7.320978876929599
40 7.783032692345452
40 10.705663698990330
40 8.048198490297667
40 7.919105963581968
40 8.460268710126064
40 8.843102405010773
40 5.982244834736790
40 7.473064653897838
40 6.561864093331161
40 3.735210778509397
40 6.418615824997278
40 10.297296441080205
40 5.609663667567631
40 7.289320973311010
40 8.769261065078538
40 11.499958774392921
40 4.389401452160374
40 4.613516858359032
40 7.753123053120685
40 13.413737260669247
40 11.813673695987710
40 6.940065002526890
40 6.664604972167039
40 8.657812310999125
40 6.911173045920915
40 6.921222138667408
40 6.868152010007085
40 7.886205300246791
40 11.126617474587714
40 14.254978242818074
40 12.858890450371963
40 4.886433052233039
40 5.476402309570510
40 8.559478090376329
40 7.449120208860887
40 12.393229838326894
40 7.316584912529461
40 4.516577875807354
40 7.702187562135650
40 4.971063819496441
40 7.412032717446202
40 5.521095867942971
40 6.117191342260990
40 9.265412659199754
40 6.290070625264248
40 10.127692709228191
40 6.708196655537967
40 7.903983602730134
40 10.222030374168796
40 10.484706899682315
40 12.204087031679874
40 7.636496239175312
40 8.425160860772355
40 11.335028560434154
40 6.905628900648857
40 5.405622562893139
40 12.894212190070798
40 5.679168220937629
40 9.936915138210374
40 9.650681867940076
40 4.993854269341556
40 5.559874216904349
40 6.713595944488823
40 9.345557547535075
40 5.085772980704350
40 8.454325039429568
40 6.865449952032271
40 5.719936849645842
40 11.434256488902864
40 5.542977553034900
40 7.645395284142523
40 10.279728102534232
40 8.337157523141016
40 11.421283388518585
40 7.514484161732677
40 12.012889628238165
40 11.644632284547477
40 7.572835891483265
40 5.735340050658207
40 5.091770834149104
40 5.692791756242103
40 5.826579731124612
40 5.353830094461299
40 11.574442720567923
40 11.948670250722980
40 13.240323520475666
40 10.423335154968084
40 5.615229435377387
40 7.983663505582749
40 6.103444888018023
40 5.852629826051539
40 8.143034208539600
40 12.498974117587624
40 11.148440141351529
40 6.085468253235796
40 5.242248679282714
40 11.366395866283556
40 8.285582277524218
40 8.884122334488731
40 5.514156110958405
40 7.773062228577272
40 7.540545240379602
40 10.628198282232868
40 5.291952341649001
40 6.562069698001103
40 11.069784865504774
40 11.824848998454840
40 10.031763014164737
40 8.212513382503193
40 10.539426001443410
40 16.905816334614666
40 10.333492356781434
40 4.833235290290215
40 3.576313322632405
40 11.526289965892570
40 8.315071439085733
40 7.281745885136488
40 8.532493636435399
40 8.937154104176166
40 13.901866226721159
40 3.761810332025603
40 5.786103269422988
40 9.098767193882367
40 11.979056611813160
40 13.144476119835348
40 5.747965517460671
40 5.055303735083820
40 3.966377577576786
40 5.706991911571585
40 7.374974865406507
40 6.686503955965900
40 10.453295567361437
40 7.548920869183284
40 4.720822116750222
40 5.369470421792617
40 6.692111432752126
40 8.933623265046547
40 6.688324153455575
40 7.512294980632099
40 8.787709514589556
40 8.114506896372095
40 4.262164246173397
40 5.260939956114084
40 4.581589916435699
40 13.500413639479730
40 8.620514717302374
40 3.967443532190016
40 9.044846646404720
40 8.134122753273902
40 7.186593513750427
40 7.841892233220483
40 4.556416342408733
40 10.854526761110575
40 3.852455071621689
40 6.102209586284646
40 10.746132369871164
40 8.930231929948915
40 6.496678134500160
40 8.871120817066835
40 9.261673587223493
40 6.891224997944489
40 8.246479596338407
40 18.406606783703829
40 8.488836922709286
40 4.780418805172795
40 6.431058789219016
40 5.851874644269405
40 11.723367714092774
40 6.714529880725363
40 12.081617929710276
40 15.753101238035702
40 6.969205104828900
46 18.580524910717532
46 6.575277993715906
46 14.120581315379507
46 16.355326614664747
46 12.827611645291960
46 20.835656965303251
46 12.906459254437882
46 16.852674531778089
46 16.550698459465259
46 6.616240050661344
46 14.848189784830097
46 11.589281723632507
46 10.296843936500879
46 14.600460388967162
46 17.562879204773026
46 15.140607579211469
46 12.866298360827024
46 10.871847169360635
46 12.015781388169767
46 11.309634537717651
46 14.713543417284003
46 11.913255720043953
46 19.380173485789861
46 18.525650637957121
46 9.299381240869529
46 7.896660106316659
46 19.359864700747863
46 19.714115326920869
46 24.015993832176953
46 12.187045378065406
46 19.333389137432604
46 9.821941250155518
46 24.302686481529303
46 12.139936859993355
46 22.670622497020329
46 13.405994796518401
46 20.479851598535546
46 11.623993907782250
46 27.100439191395608
46 22.191714481448152
46 26.125082389158877
46 9.949322707926356
46 12.661420877577875
46 11.558163089075300
46 8.977049899860518
46 17.284782837159455
46 19.851301337174416
46 21.116930241496242
46 21.824277340470275
46 22.349408070306716
46 7.435295816436263
46 22.411284407197563
46 21.550727091956688
46 19.132207059366895
46 8.051111489185637
46 13.286232015821170
46 15.543495806009261
46 23.078579348851413
46 13.301712195688513
46 9.485750532541761
46 20.271481032519830
46 15.625739030621425
46 20.023070378845333
46 11.665762999829346
46 20.420008899236976
46 17.076854190822306
46 19.083634151366361
46 8.665232997014799
46 12.819767916729358
46 10.145112146470854
46 10.387593678226079
46 19.613483043392662
46 11.393993627498777
46 11.838727169654597
46 8.931850473263081
46 11.782233722126872
46 10.136885939766962
46 12.589034880321790
46 13.135607729168701
46 14.818804245714293
46 11.337810041031148
46 12.862084450407862
46 11.193739796877280
46 15.388490185306630
46 11.619583578998938
46 23.585070579657156
46 12.892688903878382
46 11.951204774193418
46 22.681320018844673
46 16.889540789617520
46 28.418951346209404
46 14.474272065126717
46 6.865395357547018
46 14.054062650648472
46 18.931107523967142
46 13.019781841886518
46 10.850754549020376
46 12.965138857781774
46 8.706292649653484
46 8.725301286370836
46 14.449254412087914
46 14.053981236318705
46 14.690198458246185
46 17.108233352999772
46 16.264869178442073
46 13.489486009973085
46 17.101814208791183
46 11.744366968779044
46 8.354968488320553
46 17.579525625916993
46 15.191914375425956
46 8.248712946362403
46 16.470311957622105
46 19.079177057718063
46 13.506446048775953
46 17.870764996025400
46 12.859099667423740
46 17.663544892172119
46 9.310764740517811
46 9.344546895399281
46 8.038126180177443
46 9.418065117783996
46 9.048095319633909
46 16.943111919408292
46 9.002995599279012
46 13.088351190508490
46 21.120550677078153
46 18.125432668009896
46 12.618755277230646
46 11.675004220888221
46 13.164668905155843
46 26.911879357373476
46 10.177020567166785
46 17.462249869994800
46 19.989351578217274
46 22.575248034023783
46 19.136580338226029
46 11.435035989910121
46 16.332187895784045
46 15.395529158941930
46 23.872927638853309
46 18.489991732062478
46 21.851234435893495
46 13.027125492553882
46 15.770935702337038
46 8.894116573245167
46 10.370027802770974
46 8.244580843665677
46 8.817939309720106
46 20.208675837709912
46 17.282407132085787
46 14.667862911851998
46 11.739460345223890
46 10.496873781105819
46 17.704771736810958
46 8.130255219977794
46 20.693151185952679
46 9.003156018036076
46 11.203979882199082
46 12.624923390412077
46 17.797387087052151
46 11.145023669001741
46 16.931822051768030
46 10.450544280464797
46 13.992915595642572
46 13.899431981722502
46 18.242634754430767
46 13.265596685123800
46 9.426319350933198
46 10.735437139927615
46 12.576771893389903
46 26.561377626784623
46 11.919552258599657
46 14.076156079787808
46 10.733968191839674
46 10.352947870578767
46 13.464847142623732
46 11.254283287343455
46 13.894114371216991
46 13.497149346276109
46 16.573461968654851
46 16.123334507463618
46 18.184602463303541
46 11.844291577698471
46 18.627880053020842
46 17.242811425090956
46 13.970552812780529
46 10.400386574637681
46 14.936224888144480
46 8.817654492730266
46 12.871747058761072
46 8.534471960971366
46 16.694852355465457
46 12.185580085442936
46 8.343239234061821
46 9.882714315096521
46 12.651105509950387
46 21.427695891655009
46 14.192912861562601
46 15.502521346549839
46 24.842569175793553
46 16.115178399651359
46 20.114171413181161
46 13.749035500501606
46 16.496049701985996
46 21.718761748584200
46 10.665569421354562
46 16.920728527077962
46 8.982968438858890
46 14.826987984316480
46 10.401502014876328
46 9.212360765765002
46 16.025518773664743
46 19.657396100606178
46 17.353146991573883
46 8.050935841942941
46 21.139456592010358
46 7.406688667019825
46 11.708026515471262
46 11.619146073848764
46 18.477525110274971
46 13.415644937518469
46 13.151664292324053
46 15.829544187574527
46 15.508696202864984
46 8.188908020858728
46 13.201313847871084
46 18.367184380156591
46 21.675818452071244
46 13.409535641025272
46 9.655322660798765
46 20.986150014564302
46 26.879399453881206
46 11.989369138409565
46 10.226768980238734
46 9.845257488777778
46 22.643014956431642
46 12.928406843423925
46 14.257175677872862
46 11.543627356333552
46 12.334299902456205
46 23.827843119258212
46 14.231250677105550
46 9.706476288706323
46 12.854358891474995
46 8.513201284008817
46 7.544856230873013
46 11.305208731173344
46 18.473588502348996
46 14.732144029947440
46 13.107682163293543
46 22.381706619438003
46 9.564726792549319
46 14.315484139449943
46 19.220690469535374
46 21.917962672943975
46 21.536078835335161
46 12.469999081715386
46 15.444355077354231
46 24.601844067112175
46 14.026469133355601
46 7.103553316914438
46 13.023657962258850
46 14.077739324940188
46 11.129151689200022
46 9.473397885347651
46 13.031614345717717
46 10.509523709103819
46 13.978063847339357
46 11.599341930721067
46 18.997390404772890
46 11.371905262619705
46 10.357669621746759
46 9.909165137036871
46 13.530001112095295
46 21.091052608028534
46 13.184038912243356
46 15.197620810170143
46 17.888514822067702
46 12.031876223275237
46 14.145144865309714
46 11.675847370902840
46 9.808031948689475
46 24.021159372394415
46 14.270130517458135
46 12.598213083143349
46 10.010130496981283
46 16.618036306748046
46 16.799440133701157
46 24.774391143816526
46 10.218168319940187
46 26.694106050452440
46 10.340957138808101
46 13.791515680658708
46 17.234529664074177
46 9.643134425825995
46 10.163392146956845
46 26.474335115773354
46 13.363050362997040
46 13.250129165542537
46 19.223468122918618
46 12.884931961325547
46 10.830194013386080
46 10.535128527839348
46 8.427938935918764
46 17.989960072538274
46 20.348836830142996
46 22.376563145730621
46 7.673940763542092
46 13.316023194108691
46 24.767377841286823
46 12.569737851899887
46 16.541783958317545
46 11.774629831549888
46 11.719010429835528
46 11.248353934621434
46 16.927006339864338
46 28.177884699360245
46 10.956035767794605
46 13.745893519911366
46 12.066379780363418
46 14.281127029649980
46 18.640456080955321
46 15.399331008313432
46 18.645333216067218
46 12.596800786117621
46 12.701519437994179
46 9.398090062559671
46 7.333615507533483
46 10.852243819979526
46 22.996595726519228
46 22.285825477143774
46 10.179696141354569
46 14.790222576715934
46 22.341141320844446
46 8.519799195585019
46 14.765341613149548
46 19.288905388227086
46 24.866657234585567
46 12.220608540451568
46 18.666255415749838
46 18.498358368144196
46 22.912283120464657
46 17.034148796900958
46 10.191750535787211
46 19.085527059760590
46 11.554178820458421
46 6.660925738727379
46 8.546614231638571
46 18.662500401198738
46 15.531689000645517
46 13.362013221308183
46 16.006198666312514
46 15.754634479590571
46 20.021415119800306
46 9.841944920124561
46 18.524250928981772
46 11.726413012827194
46 12.317830899058812
46 9.928416279040025
46 15.364066939483790
46 8.381142679281574
46 18.955892279235240
46 15.777710997481030
46 11.095672644799299
46 14.418964424091497
46 20.010901852352021
46 13.073471151901558
46 12.230148851374302
46 21.030654689627358
46 17.460246795893536
46 15.830832065245971
46 18.296026391111901
46 18.537966082814290
46 9.785832344830000
46 11.730266810584830
46 18.086365945297029
46 13.187603709524360
46 13.123990613022896
46 10.858130237491611
46 15.817124674957423
46 15.927724332587514
46 22.922534864656221
46 22.377156053737600
46 7.309905048790880
46 13.596087848175507
46 17.737823177197988
46 12.056196635271613
46 12.370944786695077
46 23.309827050887002
46 9.882341934895191
46 7.800209977530757
46 15.924673314538765
46 21.274959012539618
46 11.426294771142281
46 14.363576004401876
46 7.812936736448044
46 18.455070570195673
46 21.267893713368178
46 15.152185760840336
46 20.052332189025865
46 17.770252652697060
46 17.504178927801320
46 19.175978342987445
46 11.438855036064201
46 6.554744643976324
46 21.803222690933168
46 12.229382756190137
46 13.848732705719357
46 22.710792606123835
46 8.420006739505725
46 12.139725545609767
46 22.861183710470350
46 13.677568583379067
46 13.987519569063126
46 15.951233340785453
46 22.448076717952532
46 15.020492664804141
46 14.660085076073232
46 11.959683288695114
46 20.870807502970131
46 18.434145124016180
46 15.118755647140242
46 8.224858003809807
46 10.134764837643472
46 11.623212235929659
46 17.074756896728388
46 10.919930156593665
46 19.684393422754415
46 16.845126498910329
46 25.237036001839829
46 24.103297266928230
46 10.170598068992764
46 11.853951537473339
46 25.372656673581083
46 17.450593561685711
46 16.016907099095157
46 8.953208239517442
46 11.664617543173584
46 17.751495277231911
46 21.453015825951873
46 13.388868154508952
46 19.515502776283036
46 11.306656362122462
46 6.442328108217145
46 11.880130562252010
46 15.274947005965153
46 16.851142274932339
46 16.031921909492993
46 6.604480455853299
46 11.244984684805187
46 18.730404725090537
46 12.099247974568346
46 14.050478257308951
46 15.682466535048111
46 10.379487225795785
46 13.868334925321330
46 21.067210804774135
46 8.847649275429992
46 18.211154438878872
46 9.023249701626156
46 10.440749519488786
46 11.768550123634753
46 12.971897764410647
46 20.230606078423094
46 14.081524663487912
46 11.690141802464384
46 13.021439464900061
46 17.775567492398569
46 9.866148968954839
46 20.691199615960201
46 14.771930895407003
46 10.855665140403834
46 10.282865452393274
46 6.029689937319689
46 11.583581562478971
46 7.247543303481184
46 22.877690154936246
46 17.950718903059709
46 14.050336705712738
46 12.770231199707386
46 17.762904113814155
46 19.034415251458160
46 8.340233013082646
46 9.789264806489996
46 7.593969291346588
46 21.907675140513795
46 15.825752571642269
46 15.204171328155878
46 22.885322533353584
46 12.856846371244423
46 13.039104043878666
46 11.202133048466163
46 15.853150409137243
46 10.229649656106469
46 24.329035243860382
46 26.517959229452874
46 14.552161630141830
46 14.792294667658599
46 9.650813023597200
