10 0.015067175308596
10 0.039417519332268
10 0.010045077398523
10 0.015656806265985
10 0.010241513837330
10 0.016602271475325
10 0.024832848927557
10 0.024213534587348
10 0.043926539141146
10 0.018735302998762
10 0.024906721043544
10 0.015772127362968
10 0.027691833363313
10 0.017048235743038
10 0.021627021406661
10 0.020864375733621
10 0.011970801546912
10 0.012434223211325
10 0.014910781752969
10 0.034862766740763
10 0.019692107791064
10 0.021806481018613
10 0.023052271305323
10 0.015532448359113
10 0.023339509729343
10 0.014760449901451
10 0.013725211673003
10 0.026567927588628
10 0.020868069780036
10 0.016044699375276
10 0.015328958925453
10 0.022543444364252
10 0.018758200428607
10 0.012037329408106
10 0.017393745066381
10 0.017884234271017
10 0.015404463983571
10 0.020249456135535
10 0.017115139653654
10 0.009526007111193
10 0.016733771185546
10 0.019648697551117
10 0.038321006326157
10 0.012055451802458
10 0.013947567200754
10 0.011717986075023
10 0.014372442159886
10 0.034947344838476
10 0.014271886536693
10 0.014399470727752
10 0.021606118242719
10 0.011032707166783
10 0.023402238367248
10 0.013406555143285
10 0.017302199112806
10 0.017056844186974
10 0.027528336464595
10 0.017891775035895
10 0.021632296378496
10 0.013509537050452
10 0.017187010682505
10 0.030451605381740
10 0.013648069242693
10 0.016051766019726
10 0.025744794118131
10 0.008530321843164
10 0.016776558090402
10 0.016030609705918
10 0.025201806259100
10 0.009150454044307
10 0.013782033260995
10 0.008254627012353
10 0.028220816566739
10 0.021601296477958
10 0.026144842830579
10 0.031755081108326
10 0.020219088892466
10 0.016391274636603
10 0.017083137931416
10 0.025636493951891
10 0.015116773997758
10 0.025204237444564
10 0.013458845364363
10 0.029943752636499
10 0.017408994231940
10 0.025260350591644
10 0.020216603766935
10 0.033785172743366
10 0.020592975844872
10 0.031824573892895
10 0.018242925923794
10 0.011310932724555
10 0.011369457760042
10 0.013358537322229
10 0.015147112114334
10 0.021230447199091
10 0.018153718802901
10 0.020865145470559
10 0.016896068575681
10 0.033607682602862
10 0.026770174415057
10 0.010718995288380
10 0.014799553960851
10 0.011948833061905
10 0.016225490421313
10 0.013810620208574
10 0.022669203676499
10 0.034543763974627
10 0.032483581175162
10 0.016600932043995
10 0.014361093346377
10 0.019167621052040
10 0.011331817702395
10 0.014090846570891
10 0.017429837580732
10 0.015042765738633
10 0.017467134919133
10 0.019862791130850
10 0.021697555509681
10 0.021160143608854
10 0.022436079807693
10 0.033749105126626
10 0.029347147617349
10 0.010995961566857
10 0.017901021702617
10 0.013254359580104
10 0.021330101925205
10 0.017051433969844
10 0.021342497877732
10 0.011784838980076
10 0.012068563463344
10 0.021982261391329
10 0.025563385592444
10 0.016022106502475
10 0.035402696747733
10 0.015086640781195
10 0.012001603825884
10 0.015130505571277
10 0.031225592153602
10 0.016193825878200
10 0.028637374480336
10 0.015706796368397
10 0.026683101072861
10 0.012470430936087
10 0.013050508666983
10 0.017603937037450
10 0.023003430231617
10 0.014122728003085
10 0.010126965191338
10 0.016445785621181
10 0.017935904692496
10 0.020833381156293
10 0.017590536907127
10 0.020620730434443
10 0.014339287620704
10 0.009104806220607
10 0.024141788643109
10 0.009943636353102
10 0.016907745402885
10 0.019418662582592
10 0.016061234610433
10 0.015100913331097
10 0.021609767800562
10 0.013737005651137
10 0.016253422343740
10 0.025734906235126
10 0.018526101204365
10 0.012655132175644
10 0.015196858864040
10 0.017092845527706
10 0.017294400398698
10 0.027356774397190
10 0.017780505913212
10 0.014589439790921
10 0.023366533773784
10 0.036460925615215
10 0.027886375082511
10 0.010292720555570
10 0.009753128886707
10 0.035342251660496
10 0.021156166190002
10 0.019896601350847
10 0.012046791226271
10 0.007495173443144
10 0.023705720154779
10 0.010273388558587
10 0.011534437607501
10 0.011672737685249
10 0.021345153031994
10 0.017048652934898
10 0.010741245529990
10 0.014998170605882
10 0.019812575560191
10 0.021578405282682
10 0.014791451451166
10 0.026458641998367
10 0.024741822251505
10 0.034959243634168
10 0.039430965179972
10 0.021708880853200
10 0.019427398806880
10 0.024574239842755
10 0.011160819266930
10 0.015089010430473
10 0.008944127346867
10 0.027662527800591
10 0.012542803593319
10 0.028094824909991
10 0.011343279983201
10 0.032802694725986
10 0.010678829278986
10 0.022250681457371
10 0.017521339724620
10 0.021198515473296
10 0.011901683794022
10 0.019691386926373
10 0.017905786059556
10 0.028722628788906
10 0.009516076321907
10 0.017257646756954
10 0.018696348103894
10 0.016897642815675
10 0.026993232005431
10 0.024307334487174
10 0.011642000178754
10 0.010217331588741
10 0.026079827231421
10 0.013689902387667
10 0.020278589263127
10 0.020452339727274
10 0.024236206429528
10 0.011571726650917
10 0.020679881751358
10 0.021142270566091
10 0.027340009892895
10 0.017157365045429
10 0.014301233856747
10 0.029683075702477
10 0.020335683076371
10 0.013192250112270
10 0.023745122938993
10 0.029538452055726
10 0.020235612924316
10 0.015794706626889
10 0.015358108195837
10 0.031212152796942
10 0.024693176588694
10 0.014475146753322
10 0.021732408282731
10 0.009634021552780
10 0.022445568879565
10 0.016866279671421
10 0.022138078507305
10 0.014211081938526
10 0.011877991382826
10 0.025335494350204
10 0.016240902186566
10 0.019136516667807
10 0.020336355605302
10 0.017487650216266
10 0.021314588269012
10 0.010003325320961
10 0.016834143153742
10 0.010647383674710
10 0.015086859658711
10 0.012228669342972
10 0.017182540924603
10 0.014642326063558
10 0.011601590660392
10 0.011460116117066
10 0.021522972507302
10 0.017005945702404
10 0.013376217126889
10 0.011973577068507
10 0.011776961597579
10 0.023997486756352
10 0.013439122489950
10 0.020003883017250
10 0.009564119773756
10 0.023346113103609
10 0.011888875627551
10 0.023521682780556
10 0.016123290757977
10 0.014304595366726
10 0.011491395845742
10 0.029600263858181
10 0.040358364740946
10 0.020444191247683
10 0.009592539723626
10 0.021409365557530
10 0.014683128043196
10 0.018835407759327
10 0.016661080662702
10 0.017413219388601
10 0.019415869029468
10 0.022949703692277
10 0.013440270195769
10 0.027275910575387
10 0.013675488033585
10 0.011401211674278
10 0.011779446726814
10 0.011706734354481
10 0.025828746791528
10 0.010831411783274
10 0.008976993388852
10 0.013807526777167
10 0.018090686600368
10 0.026696658605795
10 0.020314254083297
10 0.021406836342913
10 0.031063014260842
10 0.024488185262208
10 0.017148825436992
10 0.020409590504523
10 0.022498167846834
10 0.020645178025885
10 0.028421975847979
10 0.022711137869808
10 0.025115499641918
10 0.009272699501714
10 0.023222211685396
10 0.014002651801763
10 0.014602178868396
10 0.009399652168947
10 0.016337093612489
10 0.017928116100966
10 0.022807557688348
10 0.020016958712025
10 0.019239319984116
10 0.019318357059273
10 0.013863059002445
10 0.021863761575904
10 0.022276518185330
10 0.023736967238787
10 0.016422640357969
10 0.011142113605139
10 0.014567519994178
10 0.023016438759228
10 0.021468604202211
10 0.021375176187021
10 0.020202152895765
10 0.012311822222913
10 0.015991892834169
10 0.017895056526206
10 0.019583941815098
10 0.007984728230435
10 0.012574638263533
10 0.033469369676152
10 0.022608951026452
10 0.027934741296287
10 0.017531892703796
10 0.018750506551252
10 0.016404535828807
10 0.023132601350550
10 0.012676687402460
10 0.013890120378391
10 0.014245833845557
10 0.024975934933628
10 0.026313735936489
10 0.029198989129269
10 0.013967750091719
10 0.009703265804032
10 0.019379773027988
10 0.021797983787938
10 0.012296557449610
10 0.018867295406412
10 0.019627546706300
10 0.018937661723139
10 0.017598362615201
10 0.031354300478982
10 0.026649589153442
10 0.021636721162929
10 0.017139194705644
10 0.016429705591226
10 0.029876182081827
10 0.019105441260227
10 0.011660228962958
10 0.013996332527001
10 0.021037403581858
10 0.009470158700562
10 0.013593427399519
10 0.019148773419779
10 0.017352437793922
10 0.018743888760818
10 0.017494760455397
10 0.021480678382922
10 0.019051952520172
10 0.023075434259674
10 0.016080158789820
10 0.009865887303458
10 0.019698252940970
10 0.010558242999074
10 0.028651750552343
10 0.025018765033999
10 0.029076407004829
10 0.018738819694762
10 0.028940262708743
10 0.025779121640211
10 0.011880175174189
10 0.022642997800377
10 0.015565259425866
10 0.029788697301401
10 0.025144258180007
10 0.022852930404914
10 0.015196333255428
10 0.028446507142640
10 0.010403892089867
10 0.015153760129891
10 0.020617044301175
10 0.015922270925799
10 0.014835398948924
10 0.028015882006634
10 0.017829566160646
10 0.022468970394982
10 0.017402927421197
10 0.015376219472721
10 0.014518608241314
10 0.022117325239110
10 0.014005800914439
10 0.025387936112755
10 0.019136804876382
10 0.022829586594447
10 0.014300380062714
10 0.010334368866983
10 0.021588712739998
10 0.024963579425143
10 0.015147687877836
10 0.008556148777210
10 0.028885540456916
10 0.010575752175079
10 0.011724622419832
10 0.018604186487016
10 0.012846534279602
10 0.011664845797804
10 0.023365390303931
10 0.027963216196777
10 0.019466996803616
10 0.015740549076588
10 0.015231169031261
10 0.010641275826433
10 0.022083590727704
10 0.015890222783589
10 0.017316744303853
10 0.022250181302344
10 0.012141749826139
10 0.024262508823361
10 0.029247797400625
10 0.023430231786276
10 0.009041235683412
10 0.024306359027591
10 0.015333928253680
10 0.009625554118938
10 0.011883872845652
10 0.012031206775417
10 0.017056576653370
10 0.018673802077316
10 0.014805228302488
10 0.020341510082621
10 0.019282953859372
10 0.018195650885809
10 0.022512899870383
10 0.013754246444045
10 0.015233564791757
10 0.017313770781854
10 0.019812151900719
10 0.014417802937572
10 0.014238417409465
10 0.020446544224894
10 0.020986912058869
10 0.032516978592351
10 0.016644729224300
10 0.010292954630812
10 0.018274771381678
10 0.019908424780439
10 0.015650474522005
10 0.009289542512856
10 0.013154721349600
10 0.013264562619834
10 0.017248696224928
10 0.020139289117117
10 0.017850283371251
10 0.018439807000519
10 0.009752632936555
10 0.011467650305713
10 0.019584545988875
10 0.016970092811280
10 0.028384107793138
10 0.024095184300947
10 0.017082118159660
10 0.013790892287956
10 0.014591805789328
10 0.010733097785267
10 0.018906976874501
10 0.013222322837237
10 0.020334735697327
10 0.020281254092882
10 0.022168590824016
10 0.010542539776526
10 0.009120478274096
10 0.017045137991193
16 0.061626873047548
16 0.064346060049114
16 0.138986471126838
16 0.094630661504185
16 0.109306708041040
16 0.091169947900974
16 0.059843167723575
16 0.159587326882136
16 0.102237262384509
16 0.162971033403293
16 0.138059332948780
16 0.189378286362342
16 0.073365501209401
16 0.084181375267957
16 0.067853074115021
16 0.113440710398465
16 0.089084711977958
16 0.076607674576154
16 0.062124117848100
16 0.122572045394254
16 0.143688912015825
16 0.097327053258140
16 0.121749237374855
16 0.153440778490525
16 0.169749608272488
16 0.090921028070366
16 0.095878683599264
16 0.074122762018772
16 0.075712884608062
16 0.102435502424740
16 0.142906083974126
16 0.099348729374911
16 0.109391777209712
16 0.189272300671314
16 0.105246596590154
16 0.129293572114348
16 0.070874346385345
16 0.077097572181197
16 0.083951933045582
16 0.142948138711974
16 0.133485460436089
16 0.126690860272515
16 0.151198139487014
16 0.049330847017593
16 0.136945170896953
16 0.129315296679808
16 0.087852964844536
16 0.075185300234395
16 0.119846233786833
16 0.109419068904544
16 0.113549578438001
16 0.076878505217768
16 0.108170804975866
16 0.059654548513098
16 0.049214343909088
16 0.086421253873642
16 0.132018217163590
16 0.128968098517318
16 0.085729120754329
16 0.169236295772052
16 0.114699483034801
16 0.090052591895437
16 0.110857567721349
16 0.092950387426279
16 0.117808551382419
16 0.142199990638906
16 0.087110425509044
16 0.136492735775190
16 0.147509941932057
16 0.065166952084955
16 0.084225558581369
16 0.074365165218401
16 0.083911118066047
16 0.086936846772846
16 0.092906021708963
16 0.129133413831807
16 0.129492798171786
16 0.105865972027394
16 0.135675715964085
16 0.152316328285822
16 0.118968776099309
16 0.114576452056610
16 0.137429900158315
16 0.146839371963159
16 0.148736624417379
16 0.072920781945950
16 0.112197375568497
16 0.199126019972969
16 0.083718163003866
16 0.099094714637630
16 0.191111690880654
16 0.129385233064693
16 0.137503552854241
16 0.135393918117785
16 0.088484903270398
16 0.134081826495532
16 0.108919187948944
16 0.059962180971219
16 0.065846037820306
16 0.047581787568867
16 0.120079629952673
16 0.186984556725649
16 0.103830610958230
16 0.085893203898728
16 0.088661580141914
16 0.139559572159456
16 0.097098937009043
16 0.115473290435968
16 0.076589658611488
16 0.114693002753258
16 0.169394271007155
16 0.166516260388783
16 0.103463796642262
16 0.119018926051067
16 0.073155111174010
16 0.061560790286548
16 0.084030369377704
16 0.134215240558923
16 0.081498421467639
16 0.156499590009112
16 0.106062746760147
16 0.049946418143144
16 0.115373796038237
16 0.121415563213594
16 0.066971014747121
16 0.090787322296385
16 0.110869687487772
16 0.082675744463323
16 0.103879929652611
16 0.074486288740147
16 0.106480555299542
16 0.111750907910007
16 0.119272497983964
16 0.107122183893500
16 0.068380653015446
16 0.075397816593800
16 0.096625466838151
16 0.081033953380051
16 0.080011743220776
16 0.151770420845631
16 0.086111577022465
16 0.056553332538354
16 0.107604721528459
16 0.098302994729742
16 0.069521519761945
16 0.068062030853545
16 0.088767448802869
16 0.165109661035864
16 0.129729863518511
16 0.077130580092693
16 0.164788720429081
16 0.112590837200228
16 0.060257730670882
16 0.107638757251014
16 0.110281127007669
16 0.159577460091065
16 0.200258276754211
16 0.177857638230151
16 0.089990507867119
16 0.113799673765436
16 0.085516220801248
16 0.102604844524359
16 0.051552390364607
16 0.077094907246945
16 0.146807217594008
16 0.111976492040952
16 0.083920817269291
16 0.134963594943054
16 0.116206125080307
16 0.160212712216857
16 0.129024050768843
16 0.093810832523992
16 0.098845520584092
16 0.150661920442014
16 0.084803764014768
16 0.062589869236240
16 0.138600577560022
16 0.092297012573654
16 0.091475131061876
16 0.098507727158307
16 0.139797613573384
16 0.054433720059631
16 0.103784048866076
16 0.089337566998635
16 0.045651917664796
16 0.072272585407194
16 0.107938493475680
16 0.057699348144543
16 0.047605492889711
16 0.124027178071349
16 0.079893381205973
16 0.074744392726038
16 0.081876546173233
16 0.073116619330916
16 0.133309548907033
16 0.172318671043500
16 0.066946399028243
16 0.055115342713168
16 0.102455960302842
16 0.106011980560485
16 0.083057918491566
16 0.113738656771417
16 0.112784741231440
16 0.076257185860005
16 0.127114779644874
16 0.122563573877555
16 0.117032806144479
16 0.078576552726211
16 0.091409272310638
16 0.066679820107708
16 0.114013748443938
16 0.113956640371264
16 0.189156096659975
16 0.076330255640593
16 0.129609170619334
16 0.063317575569808
16 0.161235114018031
16 0.086218496709499
16 0.097625125805102
16 0.132493731542938
16 0.076317967746045
16 0.083097891039238
16 0.137320151998586
16 0.102098627069678
16 0.130942153105042
16 0.093103812997535
16 0.116307799651244
16 0.147059955205445
16 0.067132425471653
16 0.086999692927356
16 0.121342573651657
16 0.102065054908743
16 0.106451421930861
16 0.064435790828293
16 0.146165846570344
16 0.098318754212723
16 0.069615751929392
16 0.102081110318504
16 0.083532711854740
16 0.099708633450137
16 0.092326419937657
16 0.065083997688528
16 0.220384499249049
16 0.126120509045648
16 0.077064407444304
16 0.133733270434809
16 0.110492093403272
16 0.071486920386078
16 0.093849538384344
16 0.107036331316766
16 0.047596890092695
16 0.109777479210525
16 0.061641500749875
16 0.104704806335388
16 0.186027980985296
16 0.125252804749672
16 0.107261461258684
16 0.060295102117796
16 0.077050450560735
16 0.122143643166872
16 0.133006703959450
16 0.170729541355579
16 0.164791922561919
16 0.104154339386254
16 0.118555442689166
16 0.058675156269123
16 0.119058330110641
16 0.076171593673806
16 0.053001121322178
16 0.058733661774216
16 0.076868333302465
16 0.129570280808177
16 0.066896996765968
16 0.072928486618077
16 0.183812326805397
16 0.104192621462949
16 0.103996275787148
16 0.097567499252394
16 0.168216421671886
16 0.062681762095115
16 0.100302350946156
16 0.102265550554629
16 0.125322045513932
16 0.073730806683781
16 0.060904576606588
16 0.086005433361351
16 0.078767625805455
16 0.154928426745218
16 0.127026660517813
16 0.143413312596029
16 0.160184362862601
16 0.081055285922594
16 0.130302128413323
16 0.062653826421098
16 0.095851148620307
16 0.081822546634585
16 0.050162448952324
16 0.069100362710372
16 0.072543136369829
16 0.117101389001649
16 0.065163612074125
16 0.089372039363486
16 0.099073064892856
16 0.061511760809288
16 0.178122547121096
16 0.052541426149873
16 0.148550757141870
16 0.095432078442424
16 0.117792781566220
16 0.115928019725081
16 0.070738435588639
16 0.083456346715051
16 0.111591454382737
16 0.168382960578793
16 0.063723144693093
16 0.121408137541206
16 0.137452168081856
16 0.122213326285405
16 0.111907866175602
16 0.098309362464841
16 0.087067119465235
16 0.088744626533552
16 0.059786247942048
16 0.082766262058223
16 0.107653957499252
16 0.053349653329627
16 0.091662440140852
16 0.077289316399944
16 0.108261295877039
16 0.068372066817388
16 0.070994901429123
16 0.071329535991966
16 0.068505919574238
16 0.105989923263843
16 0.142205594150625
16 0.073382463593466
16 0.062112103912137
16 0.056187673237649
16 0.113493684164134
16 0.066840425064029
16 0.101381042030633
16 0.120633876969023
16 0.114291620059167
16 0.118956049262151
16 0.046587292029841
16 0.083789343098908
16 0.200132598066980
16 0.077482672520735
16 0.193535444623820
16 0.101442646700395
16 0.059795051841822
16 0.067904491640491
16 0.132866753070025
16 0.100447506897056
16 0.131645287367529
16 0.095562437834417
16 0.136522963882874
16 0.202881142390737
16 0.094977034988292
16 0.094422694211880
16 0.066304584514153
16 0.121109374383314
16 0.165640381492992
16 0.067348862151086
16 0.084898105187990
16 0.065505948255595
16 0.095668573946133
16 0.182454795440099
16 0.121095933823390
16 0.077000862449977
16 0.112466711806832
16 0.087618626964925
16 0.083299361844862
16 0.117089440727136
16 0.105201576250178
16 0.068808450675019
16 0.110449414317311
16 0.094182159945644
16 0.199030407820124
16 0.163944816069052
16 0.149373846256055
16 0.125541828798142
16 0.129157772698181
16 0.139413903005942
16 0.106995732655290
16 0.081359150182756
16 0.199182029151380
16 0.101308024660667
16 0.095311677792301
16 0.084297470151134
16 0.112268346844501
16 0.132578375395889
16 0.102743136826091
16 0.141541641471970
16 0.082009899750501
16 0.181264001036960
16 0.050613181489152
16 0.143870252309553
16 0.111772511567784
16 0.114114366168996
16 0.075015995428445
16 0.133166165180536
16 0.095849387673963
16 0.110416153677357
16 0.088241580592350
16 0.108643330474234
16 0.143995697167836
16 0.096656019121502
16 0.096972564872978
16 0.115133367920498
16 0.140971331878957
16 0.149006412721740
16 0.101429547111622
16 0.124145516754747
16 0.101931057526886
16 0.106147230138764
16 0.186409134417197
16 0.219778043468547
16 0.098086354327582
16 0.172136214807720
16 0.087457573430320
16 0.090572787633718
16 0.165390435268794
16 0.092053587884947
16 0.129455878959228
16 0.110549889643606
16 0.079716370395466
16 0.123871403181852
16 0.106434408761143
16 0.130246738428796
16 0.063658387879116
16 0.064418159548610
16 0.108734486757645
16 0.117608246914260
16 0.104389395341982
16 0.147495151736894
16 0.086098853189507
16 0.134834017859872
16 0.062025918357672
16 0.135075064106818
16 0.101398515230938
16 0.070318766586141
16 0.133154196002841
16 0.056680796962105
16 0.084138123673294
16 0.074127387657418
16 0.147760049296196
16 0.084180981393410
16 0.103020447292781
16 0.125107368159484
16 0.147036260214002
16 0.111196586973353
16 0.140752902444872
16 0.121822595572771
16 0.127338530473165
16 0.073469992174010
16 0.082265874314047
16 0.069641780835010
16 0.153581538686699
16 0.139139604546599
16 0.124448725517141
16 0.155031929011879
16 0.088163182463575
16 0.062937340736247
16 0.084058180766805
16 0.137736931487780
16 0.140611107632140
16 0.116613525890758
16 0.090846269471748
16 0.140858253452104
16 0.095203781834498
16 0.157688745729914
16 0.096029980013482
16 0.083315774718538
16 0.079902843855182
16 0.104222770234721
16 0.088403108728990
16 0.103879324242408
16 0.129430135636496
16 0.120574214672163
16 0.104430841718101
16 0.103162401374477
16 0.115032200271422
16 0.122095988814859
16 0.184380925064979
16 0.151979246637352
16 0.163597839837593
16 0.101290847627588
16 0.101991210674842
16 0.087857914831648
16 0.080782548352123
16 0.088319665092395
16 0.074775974165470
16 0.072790815624838
16 0.069941828778042
16 0.076881705854925
16 0.110600892730872
16 0.084851528347941
16 0.099813804348244
16 0.134447321082725
22 0.177802879847373
22 0.285245057518914
22 0.359268980524698
22 0.244284576647804
22 0.419857045271159
22 0.252312343090469
22 0.254948470666539
22 0.234892047489769
22 0.194566780232270
22 0.243158025833928
22 0.233087805981257
22 0.424592241754239
22 0.214673012718922
22 0.412371839826078
22 0.425964630671485
22 0.450241152360715
22 0.229489644511081
22 0.239849569780124
22 0.213072653314233
22 0.342729940822951
22 0.420127374760673
22 0.376681337682431
22 0.195928660049564
22 0.354001253015711
22 0.300353957546983
22 0.505993152327188
22 0.422683258355870
22 0.135530613602342
22 0.414306734409241
22 0.414406459749057
22 0.387420129172176
22 0.481878733576643
22 0.309646972684322
22 0.278259610689170
22 0.469772646653556
22 0.273931613117660
22 0.340650459925848
22 0.212746717927035
22 0.323363295821424
22 0.278453105687174
22 0.443031051244811
22 0.430841426124882
22 0.322155188028633
22 0.263805507759273
22 0.239176528795467
22 0.294161256134431
22 0.409047678046191
22 0.253343574454029
22 0.240217850081802
22 0.251259143540073
22 0.391176018706231
22 0.453617546900130
22 0.476744893278409
22 0.440796473619389
22 0.330654530777288
22 0.284094598024663
22 0.243315726631929
22 0.148116953425139
22 0.436744495153466
22 0.348299861470788
22 0.346381281795994
22 0.439763071602878
22 0.283197603585707
22 0.271950896786139
22 0.244496054501259
22 0.360044508986619
22 0.213001496855661
22 0.237972471835574
22 0.332924884891632
22 0.227319622111324
22 0.633674843953387
22 0.286128612723482
22 0.445738454409720
22 0.354947899933639
22 0.337997710483517
22 0.230106571287468
22 0.363898161206243
22 0.207807953570446
22 0.185524663879244
22 0.243606022787502
22 0.362077656852694
22 0.491757213263783
22 0.510827953551634
22 0.285590705923250
22 0.255335472197511
22 0.579088319821419
22 0.536680683694419
22 0.189266154156074
22 0.197656322580485
22 0.268842801129753
22 0.278396618466597
22 0.207649313733680
22 0.294864011621550
22 0.227272837270325
22 0.264741627552692
22 0.294355265931698
22 0.517913702693649
22 0.420188367897157
22 0.321816843751280
22 0.332050527765611
22 0.312177920429558
22 0.274590840768098
22 0.378834097200651
22 0.198101392125282
22 0.270849317423912
22 0.271761526956265
22 0.260074681454459
22 0.285410149569256
22 0.150280712767867
22 0.309702143186681
22 0.198039108896559
22 0.301033062528042
22 0.374480422145723
22 0.287728095468323
22 0.355517677209693
22 0.231787863951411
22 0.425927067586496
22 0.229872100703290
22 0.166213630724005
22 0.391687030576215
22 0.428063264014118
22 0.225817714718022
22 0.392560471753967
22 0.290217305871481
22 0.257579394993825
22 0.258165594329733
22 0.324336635443202
22 0.396840399210382
22 0.197831756936324
22 0.368646190466001
22 0.287634951765156
22 0.385525876336003
22 0.206734878486664
22 0.338737382779548
22 0.364587836721313
22 0.291099549185832
22 0.175672975232831
22 0.359962637646858
22 0.182581523189260
22 0.314586905139421
22 0.247622291730786
22 0.335627128918487
22 0.397203294969457
22 0.457771383345770
22 0.225578347643760
22 0.378349494918458
22 0.224442032905026
22 0.170887051132495
22 0.369152173416358
22 0.280898253607915
22 0.441336609019066
22 0.630292028499364
22 0.223403787783180
22 0.563673689477286
22 0.264148441812682
22 0.407491387795932
22 0.194723907217734
22 0.561097101737188
22 0.437289322677588
22 0.192356187658261
22 0.225062018439166
22 0.189973150528491
22 0.628071140372276
22 0.265268266286673
22 0.210574805782380
22 0.399602584616168
22 0.284851473638384
22 0.281515929167154
22 0.333184172103837
22 0.195109930446399
22 0.360060679654162
22 0.342140494858762
22 0.460924318791171
22 0.299732260299040
22 0.403277045362950
22 0.344820095077980
22 0.306149079398131
22 0.271157754211923
22 0.303889437649782
22 0.309914357586188
22 0.595954996881602
22 0.299458488913008
22 0.279951749927342
22 0.379647491100712
22 0.231863603549889
22 0.312470029841951
22 0.547559905446656
22 0.246275962530435
22 0.731089492373487
22 0.226394078040335
22 0.200960729551241
22 0.371005937763522
22 0.232150599460203
22 0.213477625763883
22 0.261473712098674
22 0.246319066972376
22 0.318197378825996
22 0.180845045580631
22 0.387183954181304
22 0.272827608797695
22 0.244744237640064
22 0.322632382598290
22 0.171514770099772
22 0.283643321858079
22 0.287069423047151
22 0.330719897135037
22 0.471812839587981
22 0.340714460920112
22 0.408749394489573
22 0.407644684352521
22 0.239472695670576
22 0.296813409102629
22 0.255939470501431
22 0.456301943270093
22 0.629532143949400
22 0.282067157345421
22 0.477031627032194
22 0.427715481105493
22 0.362202887621529
22 0.323823400995932
22 0.378104053905924
22 0.450482477941012
22 0.199041302333268
22 0.164869897700471
22 0.350107308347746
22 0.328030149408294
22 0.538540771312069
22 0.407794596824688
22 0.275474616003752
22 0.342402810941189
22 0.219960476482094
22 0.246609770053622
22 0.128204479140106
22 0.434156414364275
22 0.299086829725481
22 0.219877803016307
22 0.416047370647032
22 0.288207287039349
22 0.545118584210731
22 0.373494085429870
22 0.493895629496531
22 0.321755923009965
22 0.503380106171549
22 0.236956464867695
22 0.269053458253518
22 0.318299600156942
22 0.195405306101258
22 0.262578112010121
22 0.409216268728082
22 0.628131763314766
22 0.501267320376930
22 0.688980162341901
22 0.388423447479116
22 0.239559189501024
22 0.263802383323118
22 0.356701157283656
22 0.246204456719826
22 0.619538202965712
22 0.398494940472520
22 0.552750362113547
22 0.230499560362909
22 0.247619659181499
22 0.269437079293476
22 0.159088302296837
22 0.266483662182286
22 0.254890618749989
22 0.259521497055366
22 0.334297823554285
22 0.243339909745344
22 0.328540164265200
22 0.215878403574115
22 0.501022729677429
22 0.329518474014173
22 0.226592689942425
22 0.248267057236600
22 0.336787860375557
22 0.226872662398996
22 0.223204762798616
22 0.289121814859682
22 0.233160916849645
22 0.255169607081788
22 0.247358356493217
22 0.294713223734148
22 0.268909316227602
22 0.414204028471510
22 0.299987475930075
22 0.330701007573241
22 0.169215885792100
22 0.367079598074087
22 0.242224268072983
22 0.207238415876180
22 0.189652579098494
22 0.281124148623326
22 0.285000644373422
22 0.296938164423173
22 0.337400969638483
22 0.429627043491072
22 0.331232972054126
22 0.304466646515380
22 0.294909790027561
22 0.447812593479979
22 0.319401859442551
22 0.380464331487342
22 0.650922978941657
22 0.428160610328007
22 0.290035197315095
22 0.604594392307958
22 0.260136053882590
22 0.284404493346825
22 0.226518476455402
22 0.223575336774051
22 0.354801900126867
22 0.220173132945048
22 0.344865388206467
22 0.480907899493717
22 0.320621288334323
22 0.450498497455078
22 0.229822674678842
22 0.336201520142192
22 0.530426327300940
22 0.587838782208979
22 0.409768790275152
22 0.267356118180955
22 0.360339382769606
22 0.227582624756466
22 0.258594110284069
22 0.424258885005454
22 0.443034297962936
22 0.224982360107338
22 0.292309614888841
22 0.255360948290962
22 0.477628562509722
22 0.496537717013798
22 0.447092596225586
22 0.304592676590327
22 0.175442560337481
22 0.212700671692053
22 0.422706935563046
22 0.457584101929430
22 0.500954492255027
22 0.258102787500787
22 0.239029675243794
22 0.273196247713232
22 0.341325163712952
22 0.181066834660309
22 0.296255087372115
22 0.317415392898706
22 0.219097661904057
22 0.371495719955386
22 0.467415129614195
22 0.295253603927780
22 0.489285394876226
22 0.576198050270321
22 0.346860248312858
22 0.263818018761614
22 0.554639073247215
22 0.293649216648290
22 0.316254497398487
22 0.176876711404758
22 0.558291247928219
22 0.356825216046243
22 0.520139436275955
22 0.338014102824512
22 0.307249937063789
22 0.338191958476966
22 0.296948482222939
22 0.294520941266338
22 0.336762150193981
22 0.298204008377835
22 0.654749648287849
22 0.311522514563761
22 0.187787453075737
22 0.286192609619942
22 0.322165608297053
22 0.369699423593540
22 0.350551611158560
22 0.322581103789086
22 0.295587690081825
22 0.179538220720734
22 0.252304284985840
22 0.401006556247616
22 0.433713094121996
22 0.316652945426088
22 0.376668211840678
22 0.371338704603983
22 0.289935227189576
22 0.516930207735245
22 0.492267357957780
22 0.540794520946916
22 0.273781990908409
22 0.402375094435287
22 0.339757157834419
22 0.508879951173242
22 0.280067926583296
22 0.221873069200970
22 0.317711314360305
22 0.554848467739278
22 0.193940993523601
22 0.338656464731035
22 0.202758815819059
22 0.527508029231502
22 0.195730056142925
22 0.330883201128310
22 0.224222359606037
22 0.204547722679620
22 0.384436856323993
22 0.319404049547676
22 0.389165924031937
22 0.357620977357127
22 0.463529235746007
22 0.175863908707174
22 0.402070418659532
22 0.430784431745121
22 0.348540040551895
22 0.236118057044925
22 0.240879491081975
22 0.203254771950380
22 0.569489498014290
22 0.336539750631284
22 0.299897084210111
22 0.387123412923006
22 0.300218221213124
22 0.379596249183625
22 0.235227985183439
22 0.406438779729837
22 0.436037183860186
22 0.421011647337103
22 0.219854030808524
22 0.299975890464454
22 0.499656576850328
22 0.283532061443463
22 0.242179017991067
22 0.518815057081518
22 0.429064599115919
22 0.482188730686990
22 0.283146334618650
22 0.255146106980644
22 0.302652431095559
22 0.235222706655750
22 0.230079984546836
22 0.303718875679106
22 0.296262010798983
22 0.258585162115089
22 0.299038443674140
22 0.330575168659871
22 0.162719058974924
22 0.427428375587815
22 0.323711571377708
22 0.321020499987268
22 0.320719687826978
22 0.547126438235424
22 0.398006113125435
22 0.402337856879530
22 0.175372911062115
22 0.271226967037239
22 0.281024623299865
22 0.251468520158029
22 0.363781635563737
22 0.396898546070502
22 0.358228561265789
22 0.432945324174762
22 0.319574948695461
22 0.406379541985761
22 0.277497937154102
22 0.175963465293108
22 0.196648072330981
22 0.306944748215792
22 0.229035881165396
22 0.272524244880922
22 0.261964650506880
22 0.364304952095105
22 0.246012421086738
22 0.211676063890453
22 0.263258769725919
22 0.371464550972125
22 0.362217657250396
22 0.545466017857106
22 0.266471353113955
22 0.270270040223044
22 0.308770315596164
22 0.404049095087694
22 0.396964290405881
22 0.292823537476233
22 0.213174135915926
22 0.193765394775421
22 0.390359925431667
22 0.332872676638506
22 0.283349300734972
22 0.375509173770904
22 0.411781860982017
22 0.276205249426948
22 0.421505152883482
22 0.431565266708076
22 0.390220303100642
22 0.203754879549007
22 0.162872115001928
22 0.241707774682097
22 0.287477674680699
22 0.160540376414126
22 0.643556387465833
28 0.869595010641738
28 0.845284903588226
28 0.618411392080387
28 0.501319149808545
28 0.744728321044548
28 0.762987463097607
28 1.018552151442371
28 0.571448205706903
28 0.550001097708759
28 0.604546963851251
28 0.677995525993357
28 0.806594686620324
28 0.508611861287400
28 0.378181428596558
28 1.283240442108093
28 0.689723529650595
28 0.685417387996363
28 0.483518256364532
28 0.502952578137204
28 1.133384034082400
28 0.517995667810918
28 1.409299806430259
28 0.870946735615028
28 0.763108146654004
28 0.526004824187991
28 0.567469031235148
28 0.329670590718110
28 0.792288301613472
28 0.695983870008558
28 0.591102285299315
28 0.492128493155274
28 0.828038349107558
28 0.848556000767857
28 0.676633266078005
28 0.535362132714566
28 0.769735818324143
28 0.445831296494217
28 0.651581625221339
28 0.739398258794250
28 0.588219096635071
28 0.709305172260089
28 0.514406170422853
28 0.783120690159829
28 0.546407829701426
28 0.424634787701383
28 0.898926303618806
28 0.587705707124610
28 0.892727332266556
28 0.440548664478709
28 0.437140400242376
28 0.514248535962148
28 0.565063235016879
28 0.777881274899631
28 0.490009685543225
28 1.218288191157252
28 0.380602068197416
28 0.859447447879580
28 0.633411701831792
28 0.596781607217095
28 0.375197069750191
28 0.766681952930720
28 0.476572427644392
28 0.467976865018351
28 0.552893666217942
28 0.343772936775975
28 0.425970893478626
28 0.736109338014378
28 0.499044134712944
28 0.573404562325052
28 0.383871216656445
28 0.623991789618147
28 0.580563010350459
28 0.760621910449246
28 0.790239145854603
28 0.629697815227279
28 1.288478525506520
28 0.866305463129144
28 0.488950651226185
28 0.470253002362630
28 0.411334642337791
28 0.542861497775895
28 0.799373428567294
28 0.389900841101773
28 0.465213545016044
28 0.530273580661617
28 0.402423403680709
28 0.488846900533857
28 0.552160903336944
28 0.800899441034113
28 0.339140584585373
28 0.519787810494263
28 0.557438158292032
28 1.042898341329622
28 0.532136534351171
28 1.037227705117452
28 0.430331365851859
28 0.908591432708196
28 0.580733511230738
28 0.585148180551134
28 0.557512734794690
28 0.784670283715460
28 1.004821243665527
28 0.868518782595575
28 1.197472979664123
28 0.867291144458909
28 0.651351227225042
28 0.622565330245179
28 0.690844116798372
28 0.784807808952248
28 0.858011885148972
28 0.821590582007852
28 0.529610439149283
28 0.625174911853504
28 0.364071528239730
28 0.624431729788907
28 0.569136021639690
28 0.678542338731946
28 0.788905060027027
28 0.642530346059284
28 0.684941587409801
28 0.767450825451464
28 0.897899597284461
28 0.768970500251640
28 0.692751719440056
28 0.539808934509734
28 0.536557170649512
28 0.734407625139966
28 0.721943289068069
28 0.859490002048595
28 0.449987994530352
28 0.646041359868304
28 0.637386529476774
28 1.237760834301516
28 0.599865521831358
28 1.045147871766605
28 0.870153548708886
28 0.424377497123515
28 1.155766799677727
28 0.742083381007840
28 0.547063426358354
28 0.723668736470566
28 0.959059577633576
28 1.168476015313896
28 1.530823148343877
28 0.595791058596666
28 0.659903025986115
28 0.452127401219116
28 0.952283875765513
28 0.575815091926692
28 0.665765285084426
28 0.919655986781577
28 0.553622505173442
28 0.645039925866402
28 0.593499815158156
28 1.057712525970490
28 0.595192960786467
28 0.643175363992726
28 0.576492196979525
28 0.471515323816086
28 0.394432337226231
28 0.350476547949792
28 0.808332610165569
28 0.906193312131964
28 1.032444894451819
28 0.501211905402299
28 0.779278334005341
28 0.732099961307477
28 0.600410794850222
28 0.613325241758524
28 0.907028721816158
28 0.684419459249713
28 0.425506548522898
28 0.728517889405771
28 0.907345982641220
28 0.533728654483077
28 0.452361169425926
28 0.578045931295226
28 0.644032370721948
28 0.507332630760669
28 0.482369759000051
28 0.446281438175609
28 0.546514603129238
28 0.461343085584294
28 0.914938191198287
28 0.811654434291305
28 0.538266670232116
28 0.997558976780181
28 0.802917512848376
28 0.465808317323940
28 0.913781105272016
28 0.662288707654219
28 0.318900606444259
28 0.408133502737326
28 0.697644078513173
28 0.670912541263510
28 0.854478466602189
28 0.477841870422029
28 0.485390277108337
28 1.022816942632687
28 0.778211904416459
28 0.671254289621234
28 0.592594622276385
28 0.753505035814565
28 0.891767374523708
28 0.592209709348801
28 1.008690075800921
28 0.893354085582121
28 0.374639579501467
28 0.524627228194698
28 0.622448806205073
28 0.613357768720205
28 0.925169288188633
28 0.938205825136153
28 0.537708102792532
28 0.562536376182326
28 1.007350230857120
28 0.884457752747504
28 0.416716662271570
28 0.468940636275171
28 0.521711106739699
28 0.422814690450698
28 0.294330512587663
28 1.111468906998297
28 0.648678308602146
28 0.955082253200292
28 0.487926711616920
28 0.684671562089473
28 0.717284769725535
28 0.681166363342729
28 0.372719982399023
28 0.752497125720329
28 0.567257392479216
28 0.547474587619139
28 0.849757715460759
28 1.138367487430469
28 0.745112213559088
28 1.657970028623440
28 0.451716292487154
28 0.724212595758511
28 0.575598138638234
28 0.539455032351562
28 0.645221927925467
28 0.921274901013934
28 0.998624728520224
28 0.510601385977900
28 0.446874882099674
28 0.767222102266573
28 0.646225970133043
28 0.868979854888769
28 0.704839425473998
28 0.916532338144840
28 1.112348327165506
28 0.537973057161143
28 0.958775096519950
28 0.650035039637427
28 0.334329493757017
28 0.475596672958113
28 0.488235944528921
28 0.473137838689834
28 0.598109062815076
28 0.678067320255960
28 1.013543706654699
28 0.451199086484718
28 1.199174277655972
28 0.790300547103984
28 0.846603928123407
28 0.558074783421283
28 0.855549527204429
28 0.715139952098063
28 0.704684487100444
28 0.825732213042019
28 0.460401529713263
28 1.317380268415630
28 0.563525457796536
28 0.830434571377075
28 0.760031242784778
28 0.469073381351251
28 0.821923554247499
28 0.911389188353918
28 0.636453229798854
28 0.539120795102759
28 1.203501921026313
28 0.905749621994985
28 0.920648179097628
28 0.754866811958109
28 0.464279526811515
28 0.542957559983152
28 0.989611591206881
28 0.620223486446413
28 0.709948356913539
28 0.533908283153757
28 0.825718946402025
28 0.414117076421877
28 0.654350116376440
28 0.712699507063274
28 1.531723581243366
28 0.620858956545487
28 0.632715815915425
28 0.443890923688684
28 0.589302855065092
28 0.475617152551907
28 1.025170743837035
28 0.649881007716697
28 1.053931819882681
28 0.444602492363192
28 0.470951253086223
28 0.494461396028238
28 0.585488554130624
28 0.816594188680424
28 0.587146600267447
28 0.804095295865761
28 0.693832914208725
28 0.361843075387341
28 0.789030544879257
28 0.832203347425763
28 1.033900503865718
28 0.583121463131058
28 0.433763218905510
28 0.543232105478825
28 0.323474869283172
28 0.564521640138487
28 0.904250888048935
28 0.467488482449813
28 0.534797538871029
28 0.939906857785504
28 0.628544968027604
28 0.509426005058807
28 0.638201873381901
28 0.485390197085365
28 1.208058726097328
28 0.660251113702396
28 0.614165141646231
28 0.497133904342177
28 0.360671602539588
28 0.470828296564687
28 0.527238764522061
28 0.972539120762995
28 1.171877539768860
28 1.247828851828797
28 0.706978829794657
28 0.720480194280864
28 1.088979120031874
28 0.558526577949968
28 0.530344427525320
28 0.785445203315353
28 1.116281809381142
28 1.280708160074037
28 0.753589492128429
28 0.637000052395040
28 0.605567242046723
28 0.827565576136185
28 0.374031084742900
28 0.466868149304384
28 0.575354214134538
28 0.572893808800958
28 0.974029966467467
28 0.593548770624134
28 0.398056669028210
28 0.925085969318465
28 0.399555096053522
28 0.775006937161232
28 0.536557641878259
28 0.344921384696607
28 1.019137626016408
28 0.735291467343079
28 0.657249778514423
28 0.694185105203760
28 0.857182268398177
28 0.364911033335737
28 0.545454317559306
28 1.366963984595506
28 0.570354955252093
28 0.402570561486991
28 0.286841840099467
28 0.973740238526293
28 0.687246957820538
28 0.464602221856012
28 0.693206378723710
28 0.675696178775461
28 0.737848102221204
28 0.782966071533099
28 0.535819042652584
28 0.613666573876397
28 0.617157440105471
28 0.675295462751953
28 0.734276643097459
28 0.401507096242269
28 0.451042367586366
28 0.419192063196694
28 0.775277433080064
28 0.507289026820877
28 1.306913999086303
28 0.469955516487182
28 0.659106597783587
28 0.545111018661621
28 0.450612470930007
28 0.449660985535834
28 0.795543039473760
28 0.552530205683835
28 0.591163985344688
28 1.252550901167353
28 0.755002221871024
28 0.876906705121884
28 0.459709072719038
28 1.758864013695949
28 0.512815627151967
28 0.853925932777344
28 0.555318337500698
28 0.666286688329141
28 0.718944331639157
28 0.942923530472185
28 0.867734150243748
28 0.486399234765422
28 0.526802945960150
28 0.520886691062295
28 0.658622872711997
28 0.873414437063291
28 0.376213274293825
28 0.845636662497473
28 0.487588687502510
28 0.855902811553586
28 0.453256661140753
28 0.769253103089951
28 0.599142241013512
28 0.552465356937802
28 0.614664941381936
28 0.618412969919373
28 0.623486452916961
28 0.429061934083422
28 0.653272789137785
28 0.610753813099323
28 0.488579215847875
28 0.924932439255891
28 0.919448105153166
28 0.470686371034374
28 0.683236851004624
28 0.504864825112371
28 0.864712366797074
28 0.835218734249132
28 0.536213702047029
28 0.872091046896906
28 0.760934598959762
28 1.034749517521607
28 1.099156452967001
28 0.895037702491494
28 0.869517098592784
28 0.768341997030088
28 0.691939241889221
28 0.486181800117920
28 0.586411651986678
28 0.762329027040150
28 0.398127175610086
28 0.946760157994383
28 0.850757988733726
28 0.690633009865956
28 0.339178347968283
28 0.571211348202890
28 0.706228623043135
28 0.900582667670525
28 0.552796020761910
28 1.397156837946662
28 0.750163910206022
28 0.342063360916129
28 0.794680886458744
28 0.701861306298033
28 0.541055139405198
28 0.919068617022818
28 0.524465087409798
28 0.979798817182426
28 0.673081362425687
28 0.574571925433721
28 1.128259120717622
28 0.554953652414832
28 1.052577051076495
28 0.695811176958345
28 0.679067805359304
28 0.367303051352752
28 0.423586800137035
28 0.878830579372953
28 0.602736807388950
28 0.470862751717336
28 0.490162849125721
28 1.028606588403041
28 0.636024123301797
28 1.289255544062922
28 0.557860641807945
28 0.503107736809957
28 0.856710149381898
28 0.769542192311718
28 0.765104100896168
28 0.602506341373378
28 1.320468892764306
28 0.718339576053511
28 0.427494871389504
28 1.618638054482473
28 0.643731580835735
28 0.996317444980198
28 0.857097762760772
28 0.669572678002251
28 0.583723621819294
34 0.858139865127340
34 1.214526829119906
34 1.138438911627115
34 1.030115381158075
34 0.798279451918139
34 0.982374172512797
34 1.476575249433364
34 2.091197626387959
34 1.779934288294490
34 1.413537808370492
34 1.231306288323562
34 1.198594658252953
34 1.414084777995365
34 1.031879347579808
34 0.808863782010437
34 1.495174682325342
34 1.912198341281047
34 0.750976646812050
34 0.691891382052690
34 1.413532223431695
34 0.897381479068256
34 0.858991775009681
34 1.575762631415658
34 1.558235886867648
34 1.452220853851409
34 0.910986668736837
34 1.304664147353038
34 2.052320757708729
34 2.107449505740234
34 1.667380144590754
34 0.952462634025794
34 2.069762460333258
34 1.482291866208621
34 1.123433781169834
34 1.256983224989942
34 1.451908293994113
34 1.866042697562543
34 1.237961435908751
34 0.841092734384604
34 1.301208626064913
34 2.749776696731796
34 1.131869866188642
34 1.808033602587390
34 1.013576885591162
34 2.112395537503829
34 2.284473736435866
34 1.361455872957338
34 1.505256160726034
34 0.908800458818125
34 0.763466892503955
34 1.819429424111088
34 0.933827097820434
34 1.077586314042050
34 0.765498308463238
34 1.342253645019305
34 0.889528170336453
34 1.359077147434198
34 2.457362867719383
34 1.066120227010473
34 1.693273828846233
34 0.905406711390349
34 2.098007624855728
34 0.939414478271178
34 1.844572295585285
34 2.647390238254013
34 1.176005415218765
34 1.012901417424699
34 0.787871396239395
34 1.391640928189539
34 0.830291722747414
34 0.812319493640816
34 1.609157655791983
34 1.034965851484781
34 1.052852997792335
34 1.876918824257917
34 0.759436238332826
34 0.980669489028817
34 1.751253669739647
34 0.936844434487243
34 1.360619538487129
34 1.757431003040347
34 0.900301227828284
34 1.311853185210171
34 1.143450318282927
34 1.109678374475904
34 1.583236447059602
34 1.514100084342478
34 0.832479185514347
34 1.329706680437086
34 1.523893461115907
34 2.143717901522062
34 2.045790753021353
34 0.945549778023292
34 2.202502605637020
34 1.068562541899265
34 0.927791756341628
34 1.217515991700047
34 1.300546319090982
34 0.813745602360003
34 1.395619229990511
34 1.489165845268218
34 1.884692700172232
34 1.983740071769331
34 2.049800364594855
34 2.036314410849572
34 1.825087874257770
34 1.472032833394612
34 1.022627727978525
34 1.634055601561994
34 1.413481331716349
34 1.620825311236527
34 1.026603956591825
34 1.504876885910819
34 2.288394442616446
34 0.698011589731621
34 1.291926612813231
34 0.985265226446736
34 1.479226350793518
34 1.989493292398289
34 1.893225941998320
34 1.386800840464440
34 1.374432015240316
34 1.031493293382800
34 1.607545188174351
34 1.041279460844498
34 0.917008812844912
34 1.489145934708747
34 0.844372398855895
34 1.458935300909240
34 0.880271405509843
34 0.943789754453025
34 2.403650615229429
34 1.238884282138955
34 0.925701697392248
34 2.047459937187337
34 1.464314311498398
34 1.419950095777163
34 2.464128446910519
34 2.648478810552491
34 1.253152289005407
34 1.620703807235803
34 0.744856522141850
34 1.925620750558844
34 0.783274619101444
34 1.144959755394268
34 0.959836355213271
34 1.612938670973069
34 1.253311094699152
34 1.313692547937642
34 1.202540387157899
34 0.779021794751154
34 0.874712643697406
34 1.401694228637113
34 1.615099928356837
34 0.788183215312119
34 1.214698602869286
34 2.235807201015798
34 1.435544828425455
34 0.714729514943116
34 2.418841007340645
34 1.706432259108924
34 1.052854952358994
34 1.318372916672247
34 0.908003978400672
34 0.825287333613234
34 0.904302117886310
34 1.015718246445265
34 1.065321420331752
34 0.646481157717177
34 1.060640863229667
34 1.840100367522429
34 1.378122966406982
34 1.638396781848382
34 1.105238350628562
34 0.845933111156954
34 0.951140930602660
34 0.897018167947446
34 1.010367473201323
34 1.474661846287847
34 2.193161603531355
34 0.784424361395499
34 1.158936716052371
34 0.874249584570304
34 0.819284739689878
34 1.328738907313068
34 1.336546671217645
34 1.437033288754715
34 1.064488620566678
34 0.867318897002310
34 1.148948738406007
34 1.422983762686280
34 1.004694551307296
34 0.611615121664919
34 1.052029216072077
34 0.819084267117874
34 1.241115871228899
34 1.488884787160823
34 2.017522666435974
34 1.543594891405535
34 1.374064332458557
34 1.202914643799944
34 2.051770714408408
34 1.497429390200446
34 2.115909443766716
34 0.816837715211987
34 1.781993113206471
34 2.418066984706989
34 0.718959101395111
34 0.980225639615026
34 1.058497143942244
34 0.938932186592448
34 1.556311285509480
34 0.972324742081264
34 1.278132726258044
34 2.329046209071841
34 0.899720076904257
34 1.253565344109672
34 2.012492944437351
34 1.514135695516507
34 1.157162203458690
34 1.777784759824834
34 1.110303377330144
34 0.796967980275581
34 0.888119965596975
34 1.030415720078016
34 1.109209859255924
34 0.887177794262342
34 0.906266255148496
34 2.872289287041503
34 0.780819079677355
34 1.384146205935179
34 1.118354782438796
34 0.942545323136046
34 1.968457207424112
34 1.018244307179113
34 1.208658906466497
34 0.739523786593976
34 0.799211102737461
34 0.789244321231961
34 1.615348836156924
34 1.087654510806965
34 1.321033353575628
34 1.237572782740329
34 1.210384311768868
34 1.857870378597573
34 1.033009247707886
34 0.995803313215937
34 0.836069270811011
34 2.072136652268536
34 1.924662654678546
34 0.663712959547760
34 1.472414383667037
34 1.639205659176790
34 1.056912316789649
34 2.154046204011389
34 0.785092785641935
34 2.035261002354122
34 1.711921998099552
34 1.752796085702669
34 2.138627266217159
34 1.467485955157742
34 0.978914331954338
34 1.553364343091527
34 1.469194376394623
34 0.858169892763478
34 1.087327362621771
34 1.083283880082139
34 0.607915974696842
34 1.157309374317140
34 0.891376253894451
34 0.794930980341681
34 1.198343080370279
34 1.269552090382212
34 1.043270412965520
34 0.906564362813295
34 1.135184266543890
34 1.542899582275664
34 1.521007485018262
34 0.666521811868058
34 0.948429238953418
34 0.689568419871712
34 0.649829155666350
34 1.069641794392484
34 1.261734335248192
34 0.922923097287078
34 1.220621606441627
34 1.074115076283157
34 0.902225352458268
34 1.609055268843458
34 1.292928039373953
34 0.959203055009917
34 1.410929937638808
34 1.604965351580441
34 1.381894069713356
34 1.217756833697126
34 1.031477561223431
34 1.843060612306389
34 1.783597528422701
34 0.669669979075469
34 0.867487299288713
34 1.145183464935270
34 0.769621757552799
34 1.720375559183160
34 2.295390695404318
34 1.464256035150413
34 1.246585343861973
34 1.073627337219089
34 0.778645994130775
34 0.957016169735921
34 1.995074504537967
34 1.207414247405157
34 0.784042049513488
34 0.613616670144295
34 1.446364119752045
34 1.156125260673112
34 1.935458332002236
34 1.310111401517291
34 0.693450070255241
34 1.010609327526168
34 1.526886941052799
34 1.234858825772868
34 0.897930978427147
34 1.425788678629916
34 1.986965240794956
34 1.326619773733552
34 1.456279577488651
34 0.634412299627643
34 0.953851155084332
34 1.275075940435681
34 1.209583351847754
34 1.717313731390382
34 1.124124397369306
34 0.962269951418503
34 1.675408904446653
34 1.155118435356084
34 1.491761503161180
34 1.756562614230158
34 1.232014786876544
34 1.397162878900641
34 1.099879692128130
34 2.097468432915757
34 0.895752552673710
34 1.367874980466479
34 1.002315960593150
34 1.531033167832744
34 0.824008428375007
34 1.180262155581056
34 1.354213530871785
34 1.306849669923097
34 1.307126431908842
34 0.721471041691271
34 0.956180053160779
34 1.405308245515519
34 1.348391561371121
34 0.995159502820567
34 1.143339997276075
34 1.149921765211070
34 1.674143398518738
34 1.381512829946701
34 1.359987923805096
34 0.963747990933658
34 1.130032119987367
34 1.288099841298184
34 1.029526244544717
34 1.354864500564003
34 1.316032557678174
34 1.233682523967213
34 2.141696999533814
34 1.477082262446028
34 1.477732788402714
34 1.013272296072722
34 0.914884837752659
34 1.784337838652150
34 1.081763376016127
34 2.429407545655906
34 1.066065321665565
34 1.720845431567573
34 0.978847271177383
34 0.900797147286505
34 1.147918231974510
34 1.210704804390028
34 1.158243339603798
34 1.511342012559200
34 1.290629875274341
34 1.199000600508728
34 1.308753557254199
34 1.112149240490813
34 0.884751828350121
34 0.912512260404982
34 1.366985389730934
34 1.263055094964752
34 1.481324978078702
34 1.993601266580677
34 0.834307971946278
34 0.871457055040024
34 0.772477997189529
34 1.248002055554065
34 1.113755266488910
34 1.139667749806975
34 1.369266422604021
34 0.747412926526534
34 1.216196472270775
34 2.233569988179748
34 1.761574229195216
34 1.189146339750830
34 1.810886750351091
34 1.811196042209244
34 1.152976509889948
34 0.851771419463989
34 0.697740583525607
34 1.994893084855189
34 0.741499112210640
34 1.797579795200395
34 0.913889712954545
34 1.434488726988174
34 1.422049216733185
34 1.458596913575187
34 1.964271985032304
34 1.312025989508851
34 0.878220825679967
34 1.932237527426347
34 0.977574763833613
34 1.038077123724076
34 0.742100994300175
34 1.695532919620174
34 1.038811991648926
34 1.980833145690383
34 1.448684570265388
34 0.928475873166307
34 1.274127331684124
34 1.211132686736476
34 2.038671757929882
34 0.621129836404822
34 1.504279952744929
34 0.924579907405590
34 1.031430071388218
34 1.557927496037772
34 1.277310205854905
34 0.858718579553477
34 0.854679322440270
34 1.873124497132921
34 0.794923486922385
34 1.570288193964169
34 1.516211689878351
34 1.142284598961948
34 0.691272343725484
34 1.396474164493646
34 1.149229625556003
34 2.140085175384249
34 1.838914978950442
34 0.828724107551765
34 1.614763743708623
34 1.881177675031513
34 1.233025790041188
34 0.808754674948091
34 1.106614390658769
34 1.122669954818181
34 1.528190527007474
34 1.160367981095746
34 1.014848299065017
34 1.682273380558120
34 1.531874872931441
34 1.272727804115550
34 2.361127947206603
34 1.260164040885599
34 0.859253831946893
34 2.542779792367964
34 0.901411436469550
34 1.572859579450931
34 1.468924480888370
34 1.122563495601900
34 1.464871578115725
34 1.047598193280450
34 0.620673428349178
34 1.345164482447904
34 1.776110287341427
34 1.211951196249345
34 1.191062966794243
34 1.044606016443275
34 1.148455387452996
34 1.139906937529616
34 1.160903005766917
34 1.255798430809009
34 1.353710094334135
34 1.381694496207573
34 0.954038508401894
34 1.330637590180239
34 1.566238606557251
34 2.252871232829810
34 1.382968210723927
34 1.546509469915944
34 0.801012826795745
34 1.025348849047109
34 0.879305376995209
34 1.693480353977601
34 1.216889148348156
34 1.242693059817187
34 1.362958321324428
34 2.038559692562578
34 1.703583999096899
40 2.531952116161190
40 3.705195620688682
40 1.455337523560205
40 2.158406398095234
40 2.657841797410736
40 1.590975852108320
40 2.369514476795448
40 1.533545235044427
40 2.782277911918742
40 1.353717025915424
40 2.342122350316946
40 1.684308863408745
40 1.832737074676217
40 1.411852625650233
40 1.537787972708214
40 1.099812441167361
40 1.646383852167657
40 1.467848215078755
40 1.795144696989357
40 1.643669059382068
40 2.963165546749757
40 2.154169468897463
40 1.304891642341557
40 1.850750256013580
40 2.055990607865036
40 2.582548002320969
40 1.571611762213093
40 2.240367587925453
40 2.074668921417249
40 1.699014182304127
40 1.346249440148853
40 2.107106046394561
40 1.783417644896883
40 1.933131000707693
40 2.681638402245712
40 1.510496719293903
40 2.297397822642644
40 2.390766527401647
40 1.598762624462758
40 1.885261099071405
40 1.568866185611847
40 2.116561747624329
40 2.335470663518969
40 1.953335996083773
40 1.399557603004988
40 2.985882688394639
40 2.122571015791935
40 1.010231208605378
40 1.471452451701861
40 1.890949814755146
40 1.700255944870324
40 1.650559647279783
40 1.251177823111902
40 1.029395091754413
40 2.842239110426446
40 2.465288871939151
40 1.152900047297045
40 2.515062721097546
40 1.912791448343070
40 1.264424651738024
40 1.906937273282990
40 2.378006508811568
40 1.846769114857118
40 2.487935645128136
40 2.831526899399680
40 2.783821903708871
40 1.511321800284234
40 2.091621206758905
40 1.477260090014173
40 2.370447075822349
40 2.496349197007431
40 2.145369933470029
40 1.384890087925637
40 1.160815521121686
40 1.666108435298570
40 2.032152307244196
40 3.114929409897377
40 2.022684328063148
40 1.202435944045529
40 3.368717006757036
40 1.685872039588640
40 2.480698123107255
40 2.314646860105162
40 2.244401925412363
40 1.590904237036772
40 1.306130114522940
40 2.398962868234353
40 2.083327206263199
40 1.207696303934726
40 2.273661738151246
40 1.839661809688913
40 1.263412211346845
40 1.279747275886352
40 1.401500175167371
40 1.226306287632733
40 2.372065400934153
40 1.025872833200943
40 1.543852187849980
40 1.098205975563003
40 1.321916334993694
40 2.208026886695365
40 2.562192267581616
40 1.325690879834562
40 1.440250764750362
40 1.539750499066738
40 2.969713416139065
40 3.902670953231070
40 1.980098433774248
40 2.980844099074202
40 1.307085949526709
40 2.857138641047146
40 1.991029234348501
40 2.473730889091190
40 1.879930853417960
40 1.873257722602511
40 2.690894439160001
40 3.157121583406596
40 2.190126618975040
40 2.140983216327179
40 2.356169171103730
40 2.011931826885453
40 1.893359825081744
40 1.766914320859431
40 1.340054840439054
40 0.927898094103567
40 1.670284056987239
40 3.744412905308300
40 4.318496555357150
40 2.676055604345500
40 1.026514659619865
40 3.354116609496747
40 2.263211885287520
40 1.037482505653244
40 2.639244743126438
40 2.271355343245700
40 1.505515616870746
40 1.940479618194994
40 2.388608280096745
40 2.285880345355871
40 1.412236560957275
40 3.279976781425685
40 1.690381259393366
40 2.363045543950056
40 2.859904124010708
40 1.672834019368134
40 1.106719661432940
40 1.574308770992513
40 1.969011294199749
40 3.454452581593261
40 1.553194391685786
40 1.167352998637540
40 2.981081080690588
40 1.994072173775045
40 2.502721650314742
40 1.896174874008496
40 1.636820707443947
40 1.634101335211848
40 2.331953244013327
40 1.638921348261581
40 3.413160859099578
40 3.657662183402351
40 2.228513662650673
40 1.563846859373727
40 2.038924860733682
40 1.635420780666075
40 1.960866119696096
40 3.274485606967047
40 1.283620888160277
40 2.585460197200124
40 2.582598646664236
40 2.047335243154309
40 2.046667962484905
40 1.837542542871818
40 1.253349363179382
40 2.039015549103480
40 2.995988488612421
40 2.201909973276728
40 1.895958732616714
40 0.956342329360474
40 2.880314847778438
40 2.609131143762591
40 1.479567597101338
40 1.414085583775655
40 1.675191887341609
40 2.061499966807285
40 1.787348053379686
40 1.565003058799682
40 1.820149916092344
40 1.605442870569847
40 2.349137234112664
40 2.938918096994458
40 1.221755541113238
40 1.873445799926966
40 1.131609085524307
40 1.601805778397623
40 1.659845461021837
40 1.726778699492090
40 1.426193825624085
40 0.978775414638198
40 1.673160683806452
40 1.726107825056666
40 3.100469440440377
40 0.980370980596911
40 2.390072204449248
40 1.414764356882079
40 2.382397270500991
40 1.818567462627835
40 1.374394626281664
40 1.735994028517171
40 1.363525658776080
40 2.261849253655718
40 2.113328162389179
40 2.276924329149630
40 2.145409779362836
40 2.471605963792759
40 1.520602918785018
40 1.776986185051923
40 1.794189285134072
40 2.088759878500523
40 2.024505540644003
40 1.906444528492886
40 2.629920331037908
40 1.637068653365578
40 1.628785258897030
40 2.502995728289990
40 3.079913332643514
40 2.973923278245703
40 1.258509446995440
40 1.371019285689195
40 2.045754413754585
40 2.981310008624510
40 2.039374184986789
40 2.813428899380433
40 1.897020681784268
40 2.226922322130008
40 1.453229754979154
40 1.494910444469580
40 1.653852575112950
40 2.160385682840619
40 1.839075265490655
40 1.508769734425388
40 2.003689102958464
40 2.790915839873696
40 1.601944485496098
40 2.256177587951147
40 2.357650714190436
40 2.317507114002487
40 1.154954905630165
40 2.102381651956392
40 2.597749059033490
40 2.508321033043472
40 2.374634371485696
40 1.950778809280279
40 2.362914643104938
40 1.631250727466490
40 2.839794917773565
40 1.777277394142891
40 1.698295818427264
40 2.819753397340579
40 3.078837346939892
40 2.092832592495873
40 2.181209575881431
40 1.660685255617761
40 3.131183818261084
40 2.316870911148600
40 2.385225889638105
40 4.139343785587947
40 2.075338160887039
40 2.456379513317649
40 2.298873811324377
40 1.295742707627824
40 2.811446916825171
40 2.557140687136036
40 2.376451163810906
40 1.589231632973211
40 2.667733407806850
40 1.786571400110141
40 3.441769968553816
40 2.545733836601429
40 2.543371485428549
40 2.309381496563102
40 1.598777071264178
40 2.015095986088136
40 1.363900947793537
40 2.301787325264057
40 3.169557554594606
40 2.599912547129993
40 2.653222086763485
40 2.313162851359975
40 2.308908093232548
40 1.186558533480709
40 1.634998853253656
40 2.285754215418427
40 1.759136326466757
40 1.839798944462338
40 1.503534184662005
40 1.328304583216886
40 3.185462144175180
40 1.668196736416387
40 2.064298013837002
40 2.753929483587850
40 2.503192680541858
40 0.764184905967505
40 1.254652876833050
40 2.619187389682232
40 1.548042955122834
40 1.510377377291425
40 2.318093412759321
40 1.422145420578241
40 2.159184081212316
40 2.128978526350854
40 1.582971235494966
40 2.262250560167542
40 2.308101386070527
40 1.451046531160655
40 1.328090767476132
40 2.640012305793466
40 1.506941832539662
40 1.858691333948643
40 1.769732576939498
40 2.282554499864551
40 2.203685489490200
40 1.990080525058203
40 2.095148195049454
40 1.632311588696179
40 2.406249853176897
40 2.654481502575048
40 3.714890560439370
40 1.131944050379031
40 3.707070459864573
40 2.262561893392105
40 3.423046588285345
40 1.869143052508717
40 0.949815992243952
40 1.745657950756847
40 2.291128219398113
40 1.831135471769622
40 2.426006322247559
40 2.413412839313994
40 1.532273516569745
40 2.808618712153743
40 2.144708454529379
40 1.438294480184350
40 3.204571144345386
40 1.895068522505414
40 1.512614868639111
40 1.615678738318250
40 1.312213188314588
40 1.576224211216946
40 2.760899878924610
40 2.809735500764790
40 2.225092303593510
40 2.255166185330776
40 3.065182712228508
40 2.214500933690124
40 1.523196058950450
40 1.170943842788612
40 1.158004343717581
40 1.893568595419836
40 1.848811059991069
40 2.076247599752953
40 1.678839531596390
40 2.293886958966203
40 2.354595995492010
40 1.390910344716747
40 1.957489429121868
40 2.289335367118152
40 2.895870487783553
40 2.354241564450112
40 2.809675650102209
40 2.664955486956491
40 2.199888406122669
40 2.042863792997051
40 1.664722743978068
40 1.658339394204164
40 3.119425255595852
40 1.573983522384096
40 2.879249749519714
40 2.882440441423146
40 2.210755436970697
40 1.631554256747718
40 2.133390774755188
40 2.178691837010049
40 2.539811852778049
40 2.382023633150157
40 1.598752227203459
40 1.606470524486129
40 2.401608282878676
40 1.433582732933482
40 1.342334869340692
40 1.571646965390949
40 1.724336819614654
40 1.858196956931939
40 1.831556567214014
40 3.259962216910472
40 2.772718099932120
40 2.156071036207578
40 1.196846287837269
40 2.532784744009174
40 2.919035708503328
40 1.383286334981541
40 3.173270502797409
40 1.979670056954161
40 1.308569501807455
40 1.769825225265111
40 2.319365889247668
40 1.521749902137765
40 2.483544044488450
40 2.464508165267619
40 2.403294335393698
40 3.445497796709525
40 0.872350806012264
40 1.800798032453184
40 1.944713298417913
40 1.046526858606462
40 1.308671174712856
40 2.485769573255241
40 2.112093527183303
40 1.639298749839257
40 2.252205900289283
40 1.922655582956708
40 1.871094220748569
40 1.809933243502071
40 1.617395792598150
40 2.097261562427553
40 1.319897094676167
40 2.822292700017817
40 1.341044445948500
40 1.287254975857669
40 1.238836597733183
40 3.132498918141979
40 1.878496002881354
40 1.437170471350273
40 3.400228374256040
40 2.479990107979217
40 3.928454222962184
40 2.103511627940801
40 1.373444587992829
40 1.521350731264461
40 1.524648588573560
40 2.346775527269563
40 1.335818380398177
40 2.358681607640396
40 2.413187096072177
40 1.883848158807341
40 2.325390695653432
40 2.632268533459674
40 1.237880011762254
40 2.556466930990071
40 3.324338528232071
40 1.876301380888691
40 2.330354219902562
40 1.180349228333064
40 1.351748183239747
40 1.302663963876023
40 2.578816165551553
40 2.036152600038242
40 2.821100285997282
40 3.386399660519983
40 2.089364513142368
40 2.905482922401875
40 1.193178675923724
40 2.073780285425267
40 1.937703559174646
40 1.668701828754934
40 1.547007938904411
40 1.924094170610518
40 4.672008122954559
40 1.363642394665424
40 2.571466363897098
40 2.155563704827308
40 1.933415028879315
40 1.377018907556929
40 1.097281985207541
40 2.535777012022562
40 1.143153399860632
40 3.118859338903389
40 2.289823655356962
40 2.172447145172072
40 1.373950431108675
40 1.239183359240270
40 2.560172936647641
40 2.139412187816587
40 2.890479008357281
40 2.327375401880448
40 1.823355820714045
40 2.252216846870026
40 1.200349805146267
40 2.414505311836527
40 2.123462586111405
40 1.119001085065018
40 2.894373675625742
40 3.149423527484656
40 2.901565794183478
40 2.128155025108775
40 2.714182420576174
40 3.651672025404432
40 3.959192940578545
40 1.315627589853383
40 1.592249767517434
46 3.137490234751885
46 2.629877123362907
46 4.253029421145323
46 1.647176699949792
46 2.696579142353464
46 3.113510355861428
46 4.408129559270528
46 3.003907813224393
46 2.237153226762435
46 2.886678436355047
46 3.344810696771991
46 2.013334144434599
46 2.596133137077896
46 3.767373627448949
46 4.139605001827989
46 4.572131905933555
46 2.200776846966859
46 3.795360635162476
46 1.923873107742894
46 3.336044007269082
46 2.126457809916684
46 4.222611286190590
46 3.046313240207139
46 5.128753534595703
46 2.148633682616060
46 3.418178015185253
46 6.142470979153774
46 3.515541275233669
46 1.657195854796237
46 2.610600428512094
46 2.076819484354449
46 4.442206038322825
46 3.132300521191944
46 1.686296373332121
46 3.374116348573297
46 2.376722778805646
46 2.996312729074369
46 2.361483223512377
46 3.678050145387383
46 2.860509416615486
46 4.418221425760876
46 2.896859938101442
46 5.341128419246563
46 2.983853909619418
46 2.435365318780615
46 3.212613556834873
46 2.194841992425633
46 3.175921482915945
46 2.651343929597731
46 2.782781512035405
46 2.345333534894276
46 1.818667473235298
46 3.181281135534387
46 2.688165027553155
46 4.694185137446785
46 4.512503623354693
46 3.593541717472956
46 3.192888935324615
46 3.030998776893332
46 1.441993059966797
46 2.179029275462754
46 2.360577139879187
46 2.346262831384213
46 3.516079132034548
46 2.122989751085250
46 3.783364479113129
46 2.559293408850335
46 3.385216158918795
46 1.661141529945236
46 2.924377312121778
46 2.473597496566815
46 2.650487223180024
46 1.763905251977303
46 4.280246326493278
46 2.316002764022291
46 2.200660996202139
46 2.622499191472413
46 3.073449484592312
46 1.871053242936537
46 3.829174738238008
46 3.856366026382370
46 5.414491584651298
46 3.439466772938490
46 3.192646185259666
46 3.247357727473227
46 5.462846445114911
46 3.562972545273515
46 2.445131389967496
46 2.916116298396374
46 3.091112937727006
46 2.132709194784811
46 2.786402849390798
46 3.139125661120840
46 1.720070894815647
46 3.137136331951205
46 1.237662698505160
46 3.224153485134930
46 1.947157051156848
46 3.456369265137317
46 2.961483189920532
46 1.979885777375230
46 3.116512228023844
46 3.804930160710096
46 1.462990215604213
46 2.696200191106439
46 4.671402280734531
46 2.129345905899423
46 4.891889770807673
46 3.501789656381948
46 2.700062715031532
46 3.154046822884945
46 2.732030239589305
46 2.323401537256166
46 2.343831308630301
46 3.408842419901968
46 3.243930279014808
46 2.137026311233384
46 2.703243989131479
46 1.621197819438021
46 2.025590196848102
46 1.595156394913571
46 3.211656556464791
46 4.342002752829881
46 5.965249365574570
46 2.267730248844415
46 1.496503143096370
46 2.751872278684910
46 4.803226433941465
46 3.130179530138387
46 2.543908865383375
46 5.530004349031027
46 3.527979450779032
46 2.938353812563411
46 2.636966978915044
46 2.559950431381207
46 2.847789695407306
46 3.831752045757374
46 2.691075160564934
46 7.148641730564734
46 2.547448716084939
46 3.229071860519924
46 5.947391887488442
46 2.754702140474365
46 4.515005910119582
46 3.070622810220420
46 4.458813402894126
46 2.308250891874615
46 4.696676469394937
46 3.658819633965470
46 3.231598478110909
46 5.551820909263135
46 2.662784480213744
46 4.786175777601477
46 3.270657976389730
46 2.587191167122714
46 3.786306730647022
46 2.153311447341044
46 2.009431663301538
46 1.841028255195741
46 1.961656547586255
46 2.173625657556312
46 2.610780678567557
46 4.440116807180368
46 3.302743310070469
46 2.139914777792876
46 2.763573893047152
46 1.664120197887859
46 2.103508886215657
46 3.649963980206457
46 3.820347017888013
46 5.826329477833467
46 2.117805472089787
46 3.892470695818646
46 1.721895851062948
46 2.387212728072858
46 3.805251400593693
46 2.458562274112742
46 4.879496519947020
46 2.780523822026167
46 2.458599614414807
46 3.028703536196237
46 2.513948485247818
46 2.130152044137328
46 2.068509570012006
46 3.537574222656434
46 2.889930981102041
46 5.055960573215486
46 2.804490795975214
46 2.942480166486663
46 3.820178616407429
46 3.029041940439578
46 1.373727791518980
46 4.093478250876469
46 3.245271527625811
46 1.982102888473225
46 5.004211783945238
46 3.535996485311104
46 1.733514824975118
46 3.127437524958757
46 2.773724345741376
46 3.849159261170153
46 3.692760630265085
46 3.272450969069955
46 2.722603327143650
46 2.293300606655816
46 2.903708254948152
46 3.518369036079887
46 2.450089470504843
46 2.982254087355966
46 1.926988368749484
46 2.776568338891083
46 6.508893651066651
46 1.958175296957422
46 3.108877700110934
46 1.801243019358245
46 3.877884889450060
46 1.931962884349945
46 4.128801645089019
46 2.855608411857063
46 3.138253433964286
46 3.699946594552084
46 2.454646844340280
46 3.336048498715953
46 3.048876579141008
46 2.961320891064157
46 2.838493983872061
46 1.960166531584079
46 1.963781098156466
46 3.317474337857688
46 1.289958515017838
46 3.713798466534991
46 3.121083753506348
46 2.901119717657092
46 2.553397367424713
46 3.202529053372588
46 2.082070828769332
46 3.563890637095709
46 2.691971802998704
46 2.786137663447688
46 3.623194008808842
46 3.310619639317705
46 6.591027890670307
46 6.462093574972584
46 3.378144456152962
46 2.904423136244306
46 2.552669059925166
46 2.749643956622394
46 3.300659203901603
46 2.497101287078463
46 3.152731999421120
46 3.555599334126035
46 3.423368197141722
46 4.637027813766626
46 3.250469520645997
46 1.906179467631437
46 3.659290394201562
46 2.727660377418868
46 3.345527748925648
46 3.009158658195132
46 2.385333891732620
46 3.403128689107424
46 2.570438228336754
46 2.485292782746626
46 1.880101603475799
46 2.216265163222792
46 2.545089800479529
46 2.809710239544640
46 2.484865545473854
46 2.150831474674764
46 2.808858693553596
46 2.211890521515033
46 1.877610963101517
46 1.910701929974072
46 5.017613611654984
46 3.393938272293028
46 2.919900102324753
46 4.010898821756388
46 4.083738739130912
46 3.584681341170543
46 2.036400298583008
46 3.569381737868730
46 2.715432585006202
46 2.757982032787984
46 4.400433491980989
46 2.818773970028509
46 1.849384927380598
46 2.620340557392653
46 2.144621449987154
46 1.946429748292762
46 4.649790827583722
46 4.814848696776650
46 2.082408776951978
46 2.611466214896724
46 2.578471284313968
46 3.554181220846580
46 1.913622096257028
46 4.525705155040469
46 6.489769658952717
46 3.172232324425557
46 3.282697296473467
46 3.074157383827038
46 2.445372692632768
46 2.397471275123548
46 2.295132111190738
46 1.942322043348198
46 1.276324979942242
46 2.576292748628979
46 5.121599579139044
46 4.859148476229834
46 6.135391066025692
46 2.286215013510565
46 1.789092219897453
46 2.988803220493548
46 2.773152697697623
46 4.712109111552005
46 1.881618830514984
46 2.048569361287710
46 1.828794290738751
46 2.958409665979103
46 2.243920037934868
46 5.541984317001868
46 2.505665787386066
46 2.457198635978904
46 2.326984753814630
46 3.759041693723045
46 2.382325751022310
46 2.894935603934718
46 1.962119513724645
46 1.930631383006221
46 2.427403299403363
46 4.905954970433222
46 4.598615500645463
46 3.121750943968795
46 3.799660688484479
46 4.142865444358785
46 3.218571049129650
46 2.582649125497069
46 2.415198357771525
46 2.998695348039641
46 1.735209773909145
46 1.880511641057381
46 4.023360453295080
46 2.512646488524804
46 2.011477364665627
46 2.465376871863726
46 2.510802560640249
46 6.574304616669830
46 4.798751675203521
46 3.020631193525579
46 1.718358765854582
46 4.865453915165204
46 2.431487319523869
46 2.518442769667253
46 4.318629084109881
46 3.108762856810857
46 2.671745398301786
46 1.642087417389801
46 3.870390434223955
46 2.284442823878089
46 3.386940020275529
46 4.243680096212773
46 1.651518499814459
46 2.979827478908534
46 1.636245723936959
46 2.048916586310821
46 1.345622843225503
46 1.324362061576570
46 2.922427753909699
46 2.668421918450337
46 2.576098090594984
46 2.628147995613092
46 2.452604123238454
46 1.662926348681400
46 2.930780550799558
46 4.808108159396562
46 2.776458117660536
46 2.465537961232703
46 2.769377405993303
46 3.470862468064825
46 2.398516069719906
46 3.746744326207291
46 3.973548841918821
46 1.457220730555565
46 1.335957433033737
46 6.863344359733219
46 2.468339570159815
46 2.507771928857086
46 4.026718720493145
46 2.177877622144110
46 3.947871411457747
46 4.275465883271043
46 3.102339488476222
46 4.862198048553731
46 1.607665423061325
46 3.596578665900450
46 1.558794257904565
46 2.439830242857430
46 2.091335581733514
46 5.666174172222882
46 3.321099678502162
46 1.970184578043779
46 1.617872937001590
46 3.138326063793717
46 2.748769982371077
46 4.934789047066728
46 3.065398665637681
46 2.498881124814924
46 3.151034182882182
46 2.359459681983850
46 2.979121153694260
46 2.073696728946068
46 4.806596098422948
46 2.033499469247479
46 3.574753902826602
46 2.273157940325630
46 6.372279586033925
46 2.100521677496168
46 3.394441640848922
46 2.670590524056055
46 2.709591044360507
46 4.895541504452319
46 4.204409506940205
46 3.030921026109650
46 6.477908591570512
46 2.567735319746192
46 3.179091333590903
46 1.402652898906408
46 2.219931205909621
46 3.820493814874044
46 3.721481643661517
46 1.829023504798338
46 4.827563891135371
46 3.102079807641879
46 1.904812884214917
46 3.723493901506441
46 3.304515439178522
46 2.341304787560285
46 3.462843108060971
46 3.395395847885690
46 2.969431252555493
46 3.788279945318094
46 3.698931288254641
46 4.516441493190682
46 3.475548046505442
46 4.173843439207491
46 2.929374846964395
46 3.043197664359888
46 2.022127338041932
46 3.636785709094438
46 3.125381450517356
46 2.756742255932732
46 3.710135362815504
46 2.593598096705715
46 1.674422124202457
46 3.082972302516688
46 1.852389843701058
46 4.087098177745567
46 2.696886956240402
46 3.150323240025857
46 2.958509736961584
46 2.822120558733595
46 4.375197574013594
46 3.125682944380226
46 2.476526059387667
46 3.392011545096458
46 2.099391200972941
46 2.935205061035375
46 3.781275245330201
46 3.321476443010805
46 4.447576990783867
46 1.654531831251866
46 2.076605720814482
46 3.368570896658195
46 2.920633659186871
46 3.499796053803153
46 3.581614200737290
46 3.368247065582385
46 3.458790379399467
46 3.090277849944685
46 2.809037943327718
46 1.689384757362897
46 3.564145529096067
46 2.297113739803485
46 1.619215991357091
46 3.300633147264086
46 2.092527808027794
46 3.292462358405362
46 2.535467149949113
46 2.487053323465975
46 3.354108484968994
46 4.141338321939861
46 3.235576420099797
46 4.250449843284607
46 4.715150363076124
46 1.759395113070761
46 2.671273869264594
46 4.882644349638220
46 2.847053630084532
46 1.632642972367326
46 1.830948613255024
