10 0.017009229231713
10 0.025580491599773
10 0.058161440279976
10 0.014103381002873
10 0.025159322797632
10 0.019259718490549
10 0.022786771988107
10 0.026662725151214
10 0.016401879476389
10 0.024048034578632
10 0.020546052196732
10 0.032573731434429
10 0.023250966514439
10 0.043872464143922
10 0.027912343319647
10 0.031904248705760
10 0.021220813265315
10 0.032308298128328
10 0.029327199203730
10 0.019121222017863
10 0.040404957290059
10 0.024905625977799
10 0.031978549652736
10 0.034687107684413
10 0.018365668424162
10 0.032074647638628
10 0.026097118622777
10 0.054420956193586
10 0.014821516533939
10 0.035170180978166
10 0.037045910175426
10 0.025728692265573
10 0.019125153590451
10 0.018989180345670
10 0.017992303993866
10 0.020914550457178
10 0.017920392662665
10 0.023619626690820
10 0.039087881784534
10 0.029581969685665
10 0.017905628021457
10 0.020963741172988
10 0.025641346239707
10 0.038421994304446
10 0.016893553448475
10 0.027422174088765
10 0.032747991181479
10 0.037471413265249
10 0.037607667713290
10 0.024602132032575
10 0.032323381864656
10 0.014403971945891
10 0.031130955315264
10 0.017747159601075
10 0.047947546676233
10 0.025191045338089
10 0.025852877259366
10 0.028890868217199
10 0.021988127637360
10 0.034442823232594
10 0.060286049023636
10 0.021945087386625
10 0.025584059002393
10 0.039361983800885
10 0.031264771327101
10 0.017852899855364
10 0.023162904609178
10 0.017634554740207
10 0.022523922339759
10 0.017522026852713
10 0.021028029310314
10 0.030032623280364
10 0.014940170037320
10 0.021807936876252
10 0.028368035336627
10 0.034796648030524
10 0.018728797014428
10 0.021896855005224
10 0.029671144892564
10 0.047876541153301
10 0.021366995167319
10 0.026392373203300
10 0.031411380032417
10 0.040500496688911
10 0.044710734657763
10 0.017751884166564
10 0.019881266449067
10 0.027074494405223
10 0.011010506097699
10 0.022894181873771
10 0.028083239746344
10 0.024835080619625
10 0.022469234465616
10 0.023559070263462
10 0.019925592190683
10 0.030803734315800
10 0.026241497524477
10 0.024970647773663
10 0.036631644410409
10 0.023233318601515
10 0.032233060501680
10 0.036664872048076
10 0.021289928789808
10 0.022769346402911
10 0.012972398791323
10 0.021106883048984
10 0.020531041798118
10 0.020186042941230
10 0.013976033850900
10 0.030335538556755
10 0.015206438334708
10 0.018840404348625
10 0.027432625494751
10 0.028551079038924
10 0.028515426365532
10 0.033702975244268
10 0.024499371414309
10 0.037690421526553
10 0.028160761370136
10 0.031273708313745
10 0.015811568367357
10 0.030159781535869
10 0.037282683259481
10 0.018457208882033
10 0.049046048211827
10 0.046768263621944
10 0.039888366667674
10 0.026528840439660
10 0.024487509079324
10 0.046508701657759
10 0.029114339500993
10 0.048373481627826
10 0.038615024797791
10 0.037267322052714
10 0.054989938497231
10 0.022032334027488
10 0.027783508972806
10 0.048658286127069
10 0.030630247067707
10 0.019201871068259
10 0.027533195937998
10 0.020736452420690
10 0.014635487650135
10 0.021896054047517
10 0.024838456669780
10 0.017134963845155
10 0.038292814054140
10 0.026304071412201
10 0.023758167028868
10 0.015696690539429
10 0.023395170392393
10 0.036426866594787
10 0.030194492573277
10 0.029187742749973
10 0.036534127193468
10 0.025097534497275
10 0.034312006580177
10 0.021545831965806
10 0.021799689223061
10 0.021643775153896
10 0.023774907698918
10 0.020547955984339
10 0.028205360588108
10 0.024330380809826
10 0.023969445352875
10 0.024173382238512
10 0.018852042278749
10 0.014905254382734
10 0.019810374534280
10 0.020668576575463
10 0.021519950744078
10 0.030439816578995
10 0.032819119843032
10 0.012139227871432
10 0.031607057715488
10 0.022513140762690
10 0.032075676433711
10 0.028821280950800
10 0.030660961246769
10 0.046582476040896
10 0.017549389480726
10 0.044118828834963
10 0.035130086663017
10 0.036613191294591
10 0.040704588329250
10 0.029140815891526
10 0.058110107933229
10 0.029253747136254
10 0.025889208964974
10 0.015622726751316
10 0.023880281834558
10 0.019119871826697
10 0.027780609278968
10 0.020808310701217
10 0.025168657900090
10 0.022175260024380
10 0.018366350296269
10 0.023718495044606
10 0.024654180369284
10 0.021645645243612
10 0.024331374698083
10 0.042369646107489
10 0.031546305933083
10 0.022875480316892
10 0.047644959232378
10 0.023071697033259
10 0.026546962627642
10 0.030124796424965
10 0.026465373428643
10 0.027397815911593
10 0.016811031444249
10 0.019831573885059
10 0.030072135029701
10 0.033667234487486
10 0.011461813051560
10 0.045115900784115
10 0.013407695250157
10 0.031980709429338
10 0.032632664131828
10 0.034829325378663
10 0.026681596134369
10 0.025264879950606
10 0.020139339966718
10 0.018061926236160
10 0.029377317519204
10 0.021479591364856
10 0.026286639233145
10 0.018453952579324
10 0.026045773689221
10 0.025749993085849
10 0.032567406248695
10 0.034008574071256
10 0.030683756022621
10 0.022362784592315
10 0.017779736649635
10 0.039900236268214
10 0.015372582574817
10 0.020135364614477
10 0.017559289388934
10 0.020633529961490
10 0.018615391863947
10 0.026363793680930
10 0.024296897488477
10 0.020114223364926
10 0.020236353850057
10 0.042082588747724
10 0.029069893699763
10 0.018155668431269
10 0.025460312487604
10 0.031417120316314
10 0.028389964970969
10 0.020341211512024
10 0.026210846561734
10 0.019963934339443
10 0.013221365573954
10 0.026563705739333
10 0.028349989390180
10 0.019081493697900
10 0.009547354195531
10 0.029288794482271
10 0.019144173960571
10 0.026487235203325
10 0.024114570017287
10 0.017648181643272
10 0.023976592048310
10 0.028247233476708
10 0.044522262211880
10 0.041550412927299
10 0.025123058066234
10 0.018664290612837
10 0.023091110379649
10 0.020287600589149
10 0.020190340121633
10 0.025319119320174
10 0.049815253697084
10 0.030750118383763
10 0.033997397990047
10 0.029639251293178
10 0.036921105578618
10 0.026051622850688
10 0.022644352866540
10 0.022485413958948
10 0.034426701558269
10 0.025195610628272
10 0.024507380394241
10 0.047385957364064
10 0.025301930148637
10 0.021678748531782
10 0.028242183786738
10 0.020300831010893
10 0.028280855206706
10 0.028046560361416
10 0.040242995515461
10 0.024732855658208
10 0.016946325054793
10 0.028397232698175
10 0.017255555383876
10 0.017217956545772
10 0.028956850495700
10 0.023536304990352
10 0.017268448390395
10 0.022184573525663
10 0.018936476461639
10 0.017685381304526
10 0.052232394785034
10 0.032964337123974
10 0.034288779943901
10 0.048337658844742
10 0.026355532500505
10 0.017286295448953
10 0.014775215372930
10 0.024749271386068
10 0.030293387695198
10 0.031160568719349
10 0.018600182525249
10 0.030115996945763
10 0.020573678109560
10 0.026526527661619
10 0.043905559973680
10 0.036771715373641
10 0.016789252827351
10 0.020364117599956
10 0.016772423525367
10 0.054562274544911
10 0.016465029849772
10 0.024659267678031
10 0.023006066597381
10 0.022694957871283
10 0.026291919803078
10 0.041185177521500
10 0.040825007149383
10 0.026539878824109
10 0.024464371698375
10 0.018095603122804
10 0.025780711427369
10 0.034883459518626
10 0.023839270989950
10 0.023719846437986
10 0.029869595687845
10 0.025266071739473
10 0.053900637291063
10 0.018388303995132
10 0.018649627893985
10 0.030847688060797
10 0.029264143025732
10 0.033445718353988
10 0.042189195893813
10 0.030322412518436
10 0.030447670845699
10 0.022378494738923
10 0.017976506956331
10 0.015711014890994
10 0.038516378905052
10 0.022836591238324
10 0.047672063551983
10 0.033208096954500
10 0.029549104844926
10 0.031589636749826
10 0.020767666890643
10 0.050900231592649
10 0.027792315072100
10 0.020234718780792
10 0.032298932165075
10 0.029831850523482
10 0.022799519906198
10 0.023575604541920
10 0.041034008332976
10 0.024878976030226
10 0.019623758852974
10 0.017091581115672
10 0.041849131781994
10 0.020836767308898
10 0.038123382450561
10 0.034709123008335
10 0.030898458587300
10 0.022564106088928
10 0.045728955801779
10 0.054692325255397
10 0.047320894471864
10 0.023939467415648
10 0.027418131516014
10 0.013250417600222
10 0.019585803644621
10 0.022448600431813
10 0.042272195832615
10 0.020550246300066
10 0.018544989362790
10 0.040010988554852
10 0.022705772464068
10 0.045897787352666
10 0.019205024124475
10 0.020430410006746
10 0.036888140522752
10 0.024001228659196
10 0.017502572311688
10 0.012494028663944
10 0.020146459484881
10 0.062020561811002
10 0.026626693935988
10 0.033765449233965
10 0.022992329467291
10 0.030949086518056
10 0.018843781046903
10 0.017649118833618
10 0.018326322971243
10 0.016158033174360
10 0.024627053390359
10 0.066122028345873
10 0.020445488687654
10 0.022267631831276
10 0.015608421740719
10 0.012258760937791
10 0.035236288823886
10 0.029475410962545
10 0.030833902693209
10 0.017147273647957
10 0.011704838873851
10 0.023370619154812
10 0.023086313711909
10 0.022437877227775
10 0.027286849279021
10 0.021722626197029
10 0.044082802533275
10 0.041463284777777
10 0.020458495164147
10 0.021603119098863
10 0.022424923464865
10 0.022087738956426
10 0.019910256938071
10 0.021749721504252
10 0.016554620643632
10 0.023553558268531
10 0.030455467975440
10 0.017896677640814
10 0.017334675943864
10 0.026221472763448
10 0.021428790612316
10 0.030953983590837
10 0.037813389139527
10 0.021954820125640
10 0.022715370505451
10 0.045304469434254
10 0.019686368919848
10 0.029994349775241
10 0.028287579877499
10 0.033718424917845
10 0.016963552426031
10 0.033620578858378
10 0.033283314219817
10 0.026241058906480
10 0.027930832067832
10 0.033174161053484
10 0.033706365666721
10 0.033577430864927
10 0.027370478864246
10 0.026495021670281
10 0.019981268090288
10 0.029686429057003
10 0.030638010210921
10 0.015044302453456
10 0.038606720362615
10 0.030499022820534
10 0.028853676409978
10 0.022475656569944
10 0.029589587887181
10 0.036016376389222
10 0.027731027643436
10 0.026157706292604
10 0.028371985502174
10 0.024540758746313
10 0.033765935156050
10 0.042155944873328
10 0.021771016032111
10 0.030439425725400
10 0.031182367472162
10 0.026577835156321
10 0.030249451885100
10 0.025814807167910
10 0.016630640450289
10 0.018434703133538
10 0.016686154078722
10 0.024182336890178
10 0.033150177322454
10 0.021012107080152
10 0.018270437110484
10 0.021816379896961
10 0.022957658216411
10 0.015214769556245
10 0.021821731928213
10 0.031678302913753
10 0.031493412256400
10 0.026237702869195
10 0.020517960521158
10 0.031789305939591
10 0.027876505653609
10 0.020545548836535
10 0.023422270569134
10 0.019490803884614
10 0.017390411741467
10 0.028563211865995
16 0.241688236422119
16 0.186683144016995
16 0.198483249152713
16 0.104437278017649
16 0.125762562024032
16 0.161344449800484
16 0.162180455727515
16 0.205772685129004
16 0.140355725296020
16 0.338788994971773
16 0.175375773154379
16 0.164914848743295
16 0.083334497866329
16 0.180591421688854
16 0.147768231540581
16 0.241262824868474
16 0.140144846777734
16 0.128369008460372
16 0.162046320968349
16 0.108945482800824
16 0.149723222760200
16 0.138466648198426
16 0.115922095604398
16 0.124094602453566
16 0.156557121456475
16 0.115032711865910
16 0.152922832703519
16 0.242686609698082
16 0.309420297334118
16 0.151086189231654
16 0.287199468064735
16 0.158270498860921
16 0.133818634529908
16 0.255139698556496
16 0.126066383434433
16 0.313534790752174
16 0.156536582647102
16 0.247198905953408
16 0.156434387518401
16 0.253107128289886
16 0.139497956102256
16 0.147054838856327
16 0.236237996875621
16 0.165298818674985
16 0.081267237456020
16 0.126862470108863
16 0.252520061691766
16 0.284173655118796
16 0.246166615705224
16 0.222064032786109
16 0.144256526504765
16 0.168143143897507
16 0.130881022710833
16 0.166810091175648
16 0.144654536459354
16 0.279946844325326
16 0.118823024772502
16 0.191246845133585
16 0.187771977318574
16 0.232287139731632
16 0.153076639959269
16 0.250947673172385
16 0.213685037220900
16 0.253352243437760
16 0.262259012492141
16 0.158948583700590
16 0.256576184705772
16 0.127160622006521
16 0.133078507572443
16 0.296777449856205
16 0.149093786879376
16 0.194526301353018
16 0.176022846777031
16 0.140618009251354
16 0.310844437884848
16 0.175924891290134
16 0.186161028395539
16 0.136639291973318
16 0.151315754702182
16 0.242634891900284
16 0.125279892597570
16 0.126962392971943
16 0.199253465823606
16 0.224788124185553
16 0.295166000911430
16 0.162324066764644
16 0.176677392895078
16 0.210186202884836
16 0.167207490568500
16 0.130488677981246
16 0.193102124232462
16 0.098402151573428
16 0.199625164437958
16 0.290367720029034
16 0.225573141611482
16 0.135961486224660
16 0.203518215319085
16 0.156395750307309
16 0.159064914587281
16 0.131969568949946
16 0.175661740743882
16 0.196166111417222
16 0.158838624650706
16 0.131885241021446
16 0.107765095963860
16 0.188695249223674
16 0.199549158723257
16 0.154339969194013
16 0.143912454445718
16 0.161820358561168
16 0.229523042129421
16 0.138862310353745
16 0.178530740942008
16 0.273261747316002
16 0.116209564548990
16 0.247699904036296
16 0.171509357556331
16 0.105578412658207
16 0.149086567793079
16 0.133327727480031
16 0.161293312738478
16 0.273022005033488
16 0.138951200357087
16 0.186654152742864
16 0.306853847427556
16 0.164866997410474
16 0.181612479519123
16 0.174777729097842
16 0.141552117830610
16 0.326251971258520
16 0.338393895120364
16 0.282205718856265
16 0.144024067970705
16 0.224295625451462
16 0.148020147408998
16 0.171336246361566
16 0.197575346068423
16 0.112873861360102
16 0.131560507273156
16 0.114580378558323
16 0.236207001019239
16 0.293747507815204
16 0.185014976152777
16 0.119772901765578
16 0.160022785474002
16 0.331036591185760
16 0.203453938382244
16 0.287338126445915
16 0.403000096371368
16 0.143495119821905
16 0.217297117979972
16 0.318820654710517
16 0.080309558766453
16 0.093324796192006
16 0.284032075148054
16 0.171486285600679
16 0.089312413972060
16 0.192473922197122
16 0.136424920308750
16 0.266077734963471
16 0.152105897899645
16 0.211079828899958
16 0.161021203032576
16 0.194309011573296
16 0.155850431165123
16 0.172675362522750
16 0.140109822534280
16 0.144291828707563
16 0.211650118467426
16 0.171349266139171
16 0.196786158319772
16 0.176529464500877
16 0.202971759245000
16 0.094549603718246
16 0.263934731427577
16 0.195888591497680
16 0.160135134771139
16 0.149668141390878
16 0.169468523625924
16 0.118604221183079
16 0.125692881873601
16 0.138687087852937
16 0.209403666447227
16 0.134981875677383
16 0.084822063940281
16 0.113314396688747
16 0.109334637028897
16 0.219970347245106
16 0.143367399969660
16 0.164796831823263
16 0.180694423473304
16 0.170497630673297
16 0.229529796200637
16 0.163500780692176
16 0.183311130601480
16 0.181597641729350
16 0.144385151362247
16 0.229939956961972
16 0.165355040508924
16 0.201858219814755
16 0.222254584514465
16 0.137936113738284
16 0.172505749651027
16 0.352648309252362
16 0.108220890379968
16 0.128156830997961
16 0.223700660091650
16 0.124271078035183
16 0.133523562412343
16 0.095139292927785
16 0.187016435958503
16 0.126467989240998
16 0.159166799290698
16 0.188106784260887
16 0.224884733932767
16 0.175841141594539
16 0.179867110588624
16 0.225899782335672
16 0.112475692532408
16 0.197862757578955
16 0.232841165454668
16 0.110009233176732
16 0.151362113868043
16 0.132717763747472
16 0.158215385198546
16 0.170338239555117
16 0.320004835344375
16 0.173333100968642
16 0.118228922420718
16 0.185091404584381
16 0.131376371153611
16 0.239553911908473
16 0.212911428380973
16 0.279814485133302
16 0.163900610850442
16 0.256917368049497
16 0.158224106204578
16 0.132977474500735
16 0.210565796928539
16 0.219596952982037
16 0.176767109315613
16 0.143910304000737
16 0.229040388568274
16 0.171751638572320
16 0.235622979176607
16 0.155981084394619
16 0.130806572346193
16 0.139855181252370
16 0.185219897325195
16 0.125666411567028
16 0.157617900537645
16 0.137853846851144
16 0.263733634108531
16 0.119207160506882
16 0.135557428242523
16 0.137900366287766
16 0.175449985215420
16 0.202112480275420
16 0.204158919421444
16 0.159411117250400
16 0.097886572327628
16 0.154912036098976
16 0.208048402691101
16 0.134253097694231
16 0.198080674354467
16 0.181627721215088
16 0.164437602272234
16 0.136119063913617
16 0.111635177178841
16 0.247602446863464
16 0.247088223596147
16 0.131338357385923
16 0.197932607092823
16 0.247777282271643
16 0.201493024124935
16 0.184520189820735
16 0.134922165778241
16 0.123621528460237
16 0.184691550343890
16 0.238122341030360
16 0.176256564925371
16 0.270596242276562
16 0.119858130953155
16 0.078852353714791
16 0.125777826359777
16 0.223773323886503
16 0.271716742838216
16 0.165279810909658
16 0.152732101156027
16 0.198436540626083
16 0.220652362942079
16 0.107854119812465
16 0.247454843317577
16 0.266371564163752
16 0.244798464347290
16 0.155912148462570
16 0.134353414496220
16 0.169491213950987
16 0.278813238499496
16 0.255249350808601
16 0.199177647426361
16 0.221755446131393
16 0.156292727341208
16 0.159832806497505
16 0.147514728108419
16 0.266857092872468
16 0.246849187577253
16 0.214881731148614
16 0.336560457241897
16 0.148444958409090
16 0.185110313860920
16 0.204723687785789
16 0.199726508853888
16 0.168302144360057
16 0.158737196977328
16 0.179851945289254
16 0.141524260499420
16 0.181721602938666
16 0.176959269930804
16 0.147213032342448
16 0.125304594534185
16 0.160847542274170
16 0.138066374617760
16 0.193197643799793
16 0.197118635235444
16 0.296967027168708
16 0.145269402573694
16 0.132874374204933
16 0.144332385901141
16 0.128305864725594
16 0.222250724966813
16 0.187281436498815
16 0.263708909368901
16 0.221017937157774
16 0.218367642484797
16 0.179446360808317
16 0.232053566986468
16 0.197661789141575
16 0.205596486581657
16 0.221621881844077
16 0.104960824066071
16 0.155357502774726
16 0.210259891601678
16 0.121811077466322
16 0.191298220735962
16 0.330915790150793
16 0.171535591753572
16 0.092300022705916
16 0.138036665395708
16 0.200398172298878
16 0.117573873010900
16 0.127653601718797
16 0.135537828210765
16 0.111035581618479
16 0.167086505792692
16 0.134165420206135
16 0.139855067197000
16 0.188054560798413
16 0.145319795698365
16 0.137904539746415
16 0.176817171106221
16 0.390394628048555
16 0.165951882064970
16 0.118520872758873
16 0.220396130309489
16 0.219491603691027
16 0.140854104780194
16 0.122695592976379
16 0.161465066354234
16 0.233352904453880
16 0.147179048993673
16 0.242311250708471
16 0.190878354796033
16 0.240189502103764
16 0.106523432932565
16 0.167189393636749
16 0.114384715131170
16 0.108334810230969
16 0.293659152980298
16 0.291035386250411
16 0.227410382272854
16 0.223083870686295
16 0.130294974336589
16 0.115248187314486
16 0.150279896902195
16 0.154645549730076
16 0.178242148224654
16 0.391878299519799
16 0.148226361477051
16 0.165659195388054
16 0.151022254630741
16 0.135130491058380
16 0.156065766688885
16 0.103421050946100
16 0.152161019327992
16 0.216134589084384
16 0.162723822716707
16 0.260546973013570
16 0.193861888143925
16 0.183847399606707
16 0.114670204148791
16 0.145479492253873
16 0.162699589762573
16 0.165006662125250
16 0.134316718220860
16 0.087961030640625
16 0.191512210779559
16 0.207232937985067
16 0.190632173421010
16 0.131229493731283
16 0.180820760445995
16 0.193544958679541
16 0.166267192010258
16 0.259984404234510
16 0.160825392773583
16 0.197464823039762
16 0.193742417609051
16 0.151828524759957
16 0.137278510523002
16 0.323363390276254
16 0.218910479080127
16 0.303111048279378
16 0.118633448116850
16 0.272555087725403
16 0.225005728145204
16 0.165043134731839
16 0.161998646425454
16 0.147113012544064
16 0.134345882544533
16 0.137975493895549
16 0.156749560117647
16 0.119807037343252
16 0.225752022636504
16 0.141253315234336
16 0.138991814254093
16 0.100990377407858
16 0.164764330783589
16 0.214133155540704
16 0.126390980050282
16 0.114286521588511
16 0.113369637907537
16 0.231087470241030
16 0.115972822757378
16 0.125808873291632
16 0.228672472997388
16 0.215852702616972
16 0.308995459990197
16 0.162864685817116
16 0.193750322519232
16 0.193973880179421
16 0.402250286042627
16 0.123165704335574
16 0.216190376055503
16 0.229407700368808
16 0.139168572431392
16 0.159931443899937
16 0.097115915460769
16 0.143310982031537
16 0.138058437853007
16 0.220481956534112
16 0.150501147174010
16 0.183328359701127
16 0.126553933641810
16 0.124025755708133
16 0.121899124113927
16 0.094303521443641
16 0.144839261931953
16 0.258439686608019
16 0.177551493056833
16 0.147421335061743
16 0.102648668311232
16 0.170318557517403
16 0.243831908393967
16 0.240619664090129
16 0.205018846950499
16 0.171797309706804
16 0.102488103586394
16 0.166683522716604
16 0.086054975050116
16 0.152491369664920
16 0.098810979711160
16 0.175291564097313
16 0.111767507320953
16 0.168060825802826
16 0.153617372154792
16 0.261255553567536
16 0.196913945467378
16 0.168662367308895
16 0.211161040010299
16 0.167762195828259
16 0.115121358823571
16 0.123144321229625
16 0.142626903191487
16 0.193037224727909
16 0.143016188090787
16 0.116822884810994
16 0.149762817176724
16 0.170090120238062
16 0.148327583146983
16 0.203179134287919
22 0.657738449639586
22 1.065730023541381
22 0.790186585549651
22 0.644352027425759
22 0.692290222308841
22 0.819449658472328
22 0.814216673750046
22 0.460047040899313
22 0.791684020065335
22 0.625174816868244
22 0.460288424491280
22 0.553804332872604
22 0.661330185355231
22 0.819394898706856
22 0.609625364203302
22 1.113299391055460
22 0.432228653922750
22 0.574490770811608
22 0.781428245546899
22 0.874910472947513
22 0.520825086562692
22 0.795288843024148
22 0.382296829157527
22 0.594877854909139
22 0.513658214164145
22 0.458751379942999
22 0.465654156125239
22 1.081102134183646
22 0.461460719665998
22 0.258065628899117
22 0.691399257999523
22 0.734360793234567
22 0.496278955867757
22 0.519234832280010
22 0.590560220074964
22 1.144116368961054
22 0.391804777617088
22 0.744052912571298
22 1.694229568618149
22 0.607071511622846
22 0.462161959789388
22 1.243030820099488
22 0.492771187734088
22 0.358218569308623
22 0.608566191235931
22 0.803072964632150
22 0.435628674192070
22 0.378301471503899
22 0.529881577840915
22 0.506862306322102
22 0.441452908845742
22 0.760880108831965
22 0.643958975476546
22 0.927811355307537
22 0.493561868716037
22 0.501023032113776
22 1.151827218451378
22 0.468930504089315
22 0.816132285103008
22 0.615083765603289
22 0.821046575197955
22 1.165143795236256
22 0.765267955951380
22 1.058457475843182
22 0.552895550186256
22 0.465105269376818
22 0.621821484089841
22 0.440220783200008
22 0.426494419592095
22 0.569631713166733
22 0.976442937978512
22 0.869188298569185
22 0.787068853912037
22 0.400739613492735
22 0.977249110613400
22 0.409881737306733
22 0.420320358203877
22 0.938629805160689
22 0.556885519975064
22 0.806897794498728
22 0.344253773134113
22 0.494325464844133
22 1.157743453434288
22 0.300453222954840
22 0.570139640317843
22 0.523469988186927
22 0.425798480755611
22 0.893173452326216
22 0.803408526803336
22 0.464008864843754
22 1.004382319076363
22 0.880543044820545
22 0.485550279360092
22 1.176538775788025
22 0.640376163093391
22 0.649775734802329
22 0.454644850904885
22 0.898136892072424
22 0.575479850667529
22 0.764379900726193
22 0.348450379964994
22 0.466299896721987
22 0.443110336035466
22 0.876600986933309
22 0.673448671450692
22 0.337123093341903
22 0.875012008375329
22 0.650639037771174
22 0.831539035437927
22 0.618812252197377
22 0.469392370638454
22 0.948430111408415
22 0.631953758875632
22 0.948237956459724
22 0.496008343653774
22 0.570668378792687
22 0.517936814026482
22 0.648515835601593
22 0.715813356438899
22 0.583745729195414
22 0.627943814973001
22 0.813742285840648
22 0.345188029396402
22 0.554322162729305
22 0.563402217665850
22 0.439264890238310
22 0.570214519051332
22 0.626065329129378
22 0.706474657987103
22 0.498735656105946
22 0.626361851788743
22 1.203973680641636
22 0.842916105451654
22 0.881009648948468
22 1.115399989270325
22 0.989759808698985
22 0.472115888132520
22 0.804888185421704
22 0.431859773352237
22 0.930169921800675
22 0.634475809888740
22 0.616985314999329
22 0.489816270075052
22 0.692007928222488
22 0.565037120831686
22 0.986419786998970
22 0.930629892809784
22 0.553325087296797
22 0.696144476297449
22 0.865958256161164
22 1.011864127718930
22 0.515954408838092
22 0.784956717806844
22 0.828297385643539
22 0.837059041567944
22 0.522394942543968
22 0.896883785343324
22 0.310853949201044
22 1.076280164390190
22 1.046983467917433
22 0.496426899106762
22 0.698930782726204
22 0.886555243841733
22 0.631585092751872
22 0.619310328453500
22 0.827977619951567
22 0.569683372929743
22 0.601315136085985
22 0.643682334383261
22 0.528659702955653
22 0.437394589438591
22 0.736966137039993
22 0.607197957933577
22 0.510753537197320
22 0.518171968094894
22 0.394086742659279
22 0.436766405231506
22 0.442950105284920
22 0.812363667535414
22 0.586063618851468
22 1.015874169258169
22 0.543494466181142
22 0.559631703811713
22 1.041902959894630
22 0.557677658245493
22 0.426920311526503
22 0.679470167208329
22 0.558135492254926
22 0.419234914153507
22 0.541891695899539
22 0.751744441495755
22 0.623217255945607
22 0.825980534519495
22 1.131387051115249
22 0.331963236084642
22 0.502512429721808
22 0.570554734185423
22 0.841939126680328
22 1.234948023860958
22 0.953826036827949
22 0.478003450751495
22 0.475237075109644
22 0.438854969125579
22 0.810180383266289
22 1.058696584445900
22 1.056449680099797
22 0.567082081575685
22 0.694621488286113
22 0.764287814362443
22 0.469380368202998
22 0.406570386796067
22 0.690869361147917
22 0.892204431148527
22 0.727866912195646
22 0.604929537902879
22 0.720189211162399
22 0.593249222683253
22 1.454345182521095
22 0.773004353110659
22 0.574968664594119
22 0.520807989670966
22 0.493109380165029
22 0.554427021551565
22 0.793462337035964
22 0.938336977630339
22 0.692238413774759
22 1.043283488706568
22 0.960180195797362
22 0.584416218506576
22 0.501806424428221
22 0.351777510382066
22 0.514442380036167
22 0.548794016206500
22 0.676225035458402
22 0.660903066236995
22 0.826763923046660
22 0.677476657386147
22 0.321076307220764
22 0.438709222992879
22 0.525971227460422
22 0.701181923500466
22 0.422214419504685
22 0.415052674258450
22 1.788431399454637
22 0.455270623322127
22 0.818179453030650
22 1.039630112668006
22 1.193920716504369
22 1.229603533307864
22 0.722190800867648
22 0.572029255641240
22 0.912179505381571
22 0.705988334363653
22 0.537650389425558
22 0.615219085792396
22 0.751105880083386
22 1.007661049791571
22 0.661807004433080
22 0.569941203288220
22 0.542113311501953
22 0.893533063738213
22 0.355928362696592
22 0.661419381858349
22 0.904296995306177
22 0.622972001879918
22 0.602180829593132
22 0.872926712717386
22 0.778380469586014
22 1.205578637786527
22 1.000763487772040
22 0.609590010681561
22 0.534207410664272
22 0.644619529042036
22 0.825931773300008
22 0.528322694037958
22 0.497734016322095
22 0.763616185498225
22 0.834948384039500
22 0.796766558985463
22 0.793911740084717
22 0.612603980254262
22 0.962189638271846
22 0.511996213872629
22 0.593518038187465
22 0.545949821628217
22 1.415549628437454
22 0.905170829928688
22 0.384313283174515
22 0.491773839866900
22 0.346878555336237
22 0.415212358041449
22 0.693572763355580
22 0.530515258049217
22 0.644033220120982
22 0.746363990137281
22 0.452278817032603
22 0.817034678279312
22 0.462167163351110
22 0.631182580518828
22 0.876137076762985
22 0.329814679576481
22 0.311632538246683
22 0.637657818006485
22 0.641714613625537
22 0.559399565176056
22 0.466439226257801
22 0.478993024519965
22 0.667585262756974
22 0.575735243679669
22 0.659091410899364
22 0.488350100132673
22 0.480032836006669
22 0.502915357611444
22 0.394091743898397
22 0.393342456739991
22 0.850426571938531
22 0.666167789043997
22 0.604374549386800
22 0.368818836733973
22 0.410738914503587
22 0.387108354498557
22 0.362629614939031
22 1.051676117844067
22 1.202130922040217
22 0.950952806222770
22 0.381313080297872
22 0.437667366222312
22 0.672964694919306
22 0.864959206571995
22 0.938571235538034
22 1.530130531554338
22 0.661593452802256
22 0.355136745776101
22 0.845989925062444
22 0.796987315085099
22 0.771415279024300
22 0.532310614031940
22 0.544961341720489
22 0.699784231784435
22 0.628582065074609
22 0.503699500490892
22 0.708130011074972
22 0.320083330203339
22 0.680468147661624
22 0.640643995403199
22 0.551063906282276
22 0.575918749751969
22 0.587390012390054
22 0.698061509220758
22 0.783457510113969
22 0.934002538316307
22 0.611452055951728
22 0.511052486335904
22 0.493862996084713
22 0.802515315247912
22 0.335434077470510
22 0.493858439397852
22 0.671612814221601
22 0.642693041343923
22 0.591400151272418
22 1.224684040813047
22 0.297857104673379
22 0.479841826682639
22 0.399040601508112
22 0.431891878137213
22 0.526353257619205
22 0.586633772250797
22 0.395067104764604
22 0.741656195726028
22 0.522428768194271
22 0.532800246647672
22 0.451578200369779
22 0.462491550101143
22 0.958124029391611
22 0.343599714646967
22 0.653554879190193
22 0.679728251366444
22 0.324230031349332
22 0.626173306782411
22 0.721834476424949
22 0.884125935021366
22 0.797138994479324
22 0.750356325024625
22 0.427248478735720
22 0.747893785827995
22 1.222935671959030
22 0.503478666242141
22 0.676422726330779
22 0.867517708003648
22 0.493694516847270
22 0.749117820600843
22 0.603065678962745
22 0.606722113193565
22 0.597981234987966
22 1.003619546315436
22 0.493743428442941
22 0.672101884661622
22 0.653435122764614
22 0.636119726978111
22 1.031669131730015
22 0.644355119749601
22 1.019579637472538
22 0.730332618336694
22 0.614767133585038
22 0.765274507221352
22 0.916302561458604
22 0.364769608005570
22 0.688091691112592
22 1.156147979550083
22 0.584298605980562
22 0.482177617919632
22 1.113075254779917
22 0.611895074587243
22 1.111655701289543
22 0.531093244532851
22 0.665342274840732
22 0.856239092925245
22 0.435918115398602
22 1.105854592592740
22 0.414657593147180
22 1.279147003090599
22 1.040006921114687
22 0.672044101744120
22 0.296160738247644
22 0.444973134101340
22 0.972806228573109
22 0.335034057212633
22 0.549641554041495
22 0.679869373547144
22 1.087815160985840
22 0.427408685454064
22 0.627238514140195
22 1.012654990797202
22 0.802296875784988
22 0.629806643225086
22 0.584600435999137
22 0.505252892774570
22 0.649786195980699
22 0.698426846260519
22 0.501819742893623
22 0.538552461228646
22 0.520424157212182
22 0.669232877333010
22 0.372422921935975
22 0.388332253937352
22 0.510222833867075
22 0.683227125603690
22 0.850075871671586
22 0.802469587028886
22 0.506978708069093
22 0.725272451498273
22 0.698852758184132
22 0.333763335516600
22 0.303682899194071
22 0.516522913764156
22 1.138772833262195
22 0.356571114837669
22 0.640419813520842
22 0.379289269679794
22 0.582160948500039
22 0.443392861725977
22 0.373132133906010
22 0.514416424772373
22 0.655128913264929
22 0.458501659662208
22 0.922255605336816
22 0.793156433665270
22 0.505730041084037
22 0.801457130845274
22 0.401531195091112
22 0.548834414029371
22 0.481303522141834
22 0.616706960323341
22 1.127343819539873
22 0.653453154535859
22 0.486796981128017
22 0.808638512633635
22 1.140410243746965
22 0.843408695916793
22 0.889039869806856
22 0.547021965719905
22 0.626308050530743
22 1.059799644737311
22 1.146097587010873
22 0.470331856724350
22 0.387157007510473
22 0.611386497360421
22 0.521254114408160
22 0.402452666656362
22 0.547299931680988
22 0.861240692499997
22 0.608264421816940
22 0.726835994363370
22 0.298642323427451
22 0.966816835506249
22 0.423499007308442
22 0.767656627842392
22 0.365008077243554
22 1.182191012626637
22 1.042369102031215
28 2.583463562994704
28 3.126555329259747
28 1.441031711663652
28 2.696214103264504
28 1.043697026831701
28 2.229877581815297
28 0.949286731330542
28 3.539452422521671
28 1.247523883658262
28 2.426245162508866
28 2.144655559077200
28 1.576568042218423
28 1.275863492926622
28 2.739737278674767
28 1.994123122330362
28 1.457829966830616
28 2.237521330957736
28 1.027914234198168
28 1.953050602183790
28 2.474361142103589
28 1.186672195365706
28 1.687612679213779
28 2.370958640197102
28 3.267820210278279
28 1.439805802665715
28 1.099219150176277
28 2.206575426405428
28 1.393525678728926
28 1.221594712138540
28 0.947456269016832
28 1.444266854378595
28 1.116248735164288
28 1.055489860909971
28 1.113935099317270
28 1.440722716851155
28 1.558808484232321
28 1.092502142416119
28 1.193626369068343
28 2.096327314092959
28 1.983444908559306
28 1.786200292075701
28 1.370855261615337
28 1.382588108114567
28 1.694806098303599
28 1.677489010278682
28 1.379809052673172
28 1.645846500876160
28 1.823533505620670
28 2.252387119616454
28 1.732914065430252
28 2.031931051797027
28 3.581827959004373
28 1.981925431464016
28 2.026147259322352
28 1.972525171863972
28 1.933230983207566
28 2.055517891075935
28 1.552653632246225
28 2.665754921483193
28 1.440331569044389
28 1.837337463460366
28 2.395008398948785
28 0.930825639035450
28 1.427723105414652
28 3.122063270711064
28 2.035868921211789
28 1.164970566879458
28 1.663694617901703
28 1.636522127315949
28 1.289584327525130
28 1.779797025669491
28 1.731926220350514
28 1.006857798557434
28 1.586012575737751
28 1.077746212959259
28 2.884076246249184
28 2.046210700243226
28 2.025998508166260
28 0.973649216234657
28 1.373235544925687
28 2.446905398890967
28 1.780678750286582
28 1.779304169845817
28 2.848143481597055
28 1.158628142074051
28 1.459638283674596
28 1.008395634662222
28 5.516592176020981
28 1.331948033486951
28 3.630902879057566
28 1.195994909070502
28 1.618611649727117
28 2.357175237877440
28 2.180930742390021
28 2.902010660260548
28 1.374751889075017
28 1.504954587361695
28 1.413471740444284
28 1.155398767811276
28 1.386908063597568
28 2.235156746306945
28 1.310033527653320
28 1.767058001849039
28 0.825712562286271
28 1.607706946952460
28 1.328881819229931
28 1.138376305347236
28 1.920052094117483
28 1.114099193666956
28 2.146315246062835
28 2.128495157182703
28 1.679402300244327
28 2.291278765075772
28 1.378491068590507
28 2.191522819229285
28 2.144014081835659
28 1.150612738464916
28 1.183903880808995
28 1.496211339800456
28 2.114554997326647
28 1.491065595793343
28 0.975022855397100
28 1.165303521562154
28 1.196748713401352
28 1.443513729346370
28 1.957768003371843
28 2.312551515528817
28 1.415420185913386
28 1.310685612400026
28 1.504756852999246
28 2.402894628667212
28 1.433091182480259
28 0.935451784049167
28 2.136060533656722
28 1.258806473235382
28 2.097912668155351
28 2.148488299983405
28 1.636792227893771
28 1.501586725853243
28 1.949686554560624
28 3.375158349412842
28 2.894924763181760
28 1.625151619431389
28 1.255040025450484
28 2.364606001631045
28 1.891999246358663
28 1.854789118021637
28 0.748623518947507
28 1.793499534091095
28 2.430578845182008
28 1.152174752256903
28 3.393967859756100
28 1.075127245395040
28 1.319606845280931
28 1.150814737600680
28 1.595810273467942
28 2.099518412373574
28 2.183407598335807
28 1.174344405929938
28 1.695765746776934
28 2.329184730424910
28 1.259821079873738
28 1.825365929005720
28 0.909319993544954
28 1.103821651191982
28 1.419662556954249
28 1.666034671357953
28 2.135835516311360
28 1.488591388205369
28 1.791190481030353
28 1.246171763377383
28 2.690572050596024
28 1.796872499232271
28 1.554994641900223
28 1.614793609960564
28 2.863068288054650
28 1.155608786224732
28 1.287181472829530
28 1.830592251419744
28 2.148186705552325
28 1.469130682138683
28 1.593187400522974
28 1.420648904924527
28 2.695252821287808
28 1.184482725275029
28 2.748286121846377
28 2.249334147837066
28 1.389689638040679
28 1.214972325814585
28 1.320430149669251
28 1.130024024719276
28 2.159610608470541
28 1.322173909761471
28 1.155111645705591
28 1.541048545577169
28 1.675417848260615
28 1.868653513503752
28 1.666400299407170
28 1.656607826500339
28 1.650808948938786
28 0.865582372797422
28 1.318768462229807
28 0.852794720508865
28 1.316452517928586
28 1.917574579329795
28 1.719596667938327
28 1.238338027169250
28 1.428810710197179
28 2.738642386938149
28 1.315159923545009
28 1.803916414139292
28 1.049886695541567
28 1.026601574559132
28 1.747175975818231
28 0.976075823052717
28 1.745537628446029
28 3.209296260175805
28 1.675694005795152
28 1.305016620673782
28 1.869029541461601
28 1.252917478203347
28 2.632906267541225
28 1.729639649738117
28 1.383233267809167
28 2.546080820048918
28 1.654338302327834
28 2.996180251219116
28 1.221785865616248
28 1.137989028609024
28 0.721236471109489
28 1.561049696985792
28 2.062070707504561
28 2.447168300098792
28 1.158389416981654
28 3.044317164518157
28 1.141317021593738
28 1.902020428960815
28 1.336352002197746
28 1.220854293558711
28 1.350370192862203
28 1.551259023243370
28 1.971816409240501
28 1.923225080756068
28 1.951795233155215
28 1.932614455838864
28 1.210804731992705
28 1.466692105089717
28 1.504123730038657
28 1.800689803353251
28 1.391170334543259
28 1.761912850286760
28 2.016057909501972
28 1.873145901388475
28 2.424021231751974
28 0.894409120533065
28 2.161024957291564
28 1.565885535273351
28 3.513182321248605
28 1.792267189546066
28 2.647187138201277
28 1.086773889785201
28 1.866906048572287
28 1.264531458005825
28 2.276391352309098
28 1.958653459422911
28 1.306870675463075
28 2.786642418549619
28 1.938945252792060
28 2.679567842993951
28 0.949310478506264
28 1.136402114304802
28 1.377444561441920
28 1.826388749941637
28 1.219694756728094
28 2.529492935427453
28 1.356725078108390
28 1.621873006033672
28 1.381486997811364
28 1.321490417301126
28 1.800732434923682
28 3.226012028126819
28 1.592487273482726
28 1.372770043484620
28 1.426502786018840
28 3.057171243937701
28 1.402461218339086
28 1.914569960221288
28 2.073781265404635
28 1.261780843734442
28 1.097006851838299
28 1.297593470865678
28 1.363312803499934
28 2.787652364986289
28 2.040249830828299
28 1.620299332997355
28 1.346182151085427
28 1.424007200291157
28 1.066365738370517
28 3.245003244031905
28 1.181963855157863
28 3.614422449585900
28 1.255057359884446
28 1.739247280222661
28 1.071669886214645
28 2.507052222242755
28 2.382846384300588
28 1.442852845106274
28 1.142389220728877
28 1.479496035611064
28 1.168152780002153
28 1.521823584664141
28 1.887129842214828
28 1.899214313418310
28 1.260155913321022
28 1.903231039565618
28 1.688177498342157
28 1.652861247170635
28 1.374503930869495
28 1.985318882155080
28 1.782980384437654
28 2.031980878876801
28 2.211542591390731
28 2.895906604955522
28 1.908930008385638
28 1.983777044619059
28 1.936604541989599
28 2.168575957100461
28 2.306139037459038
28 2.637459878313591
28 1.599270751139205
28 2.624759807516310
28 2.459310130614051
28 1.714632854415246
28 2.684422393413734
28 1.315878925260517
28 1.371267491116654
28 2.587019022829085
28 3.082396689650106
28 2.124669131018015
28 1.224127443627945
28 1.105635941164793
28 2.804047458449329
28 2.444830173593027
28 1.369115575018339
28 1.514248716945981
28 1.719741034546034
28 1.298379484601708
28 2.405349101128738
28 1.663966405772785
28 2.849701535340499
28 1.621144255302907
28 1.744054817757219
28 1.463102771821408
28 1.772810300546462
28 1.278010395584188
28 1.434465651397367
28 1.885939329514813
28 1.402203777582898
28 1.475318063951446
28 2.081214631883144
28 1.792150351939271
28 1.247012821355064
28 2.270789198954236
28 1.386231526158718
28 1.952528175148138
28 1.881785940601659
28 1.658501663814127
28 2.432864369250804
28 2.017783515990097
28 2.231938481077190
28 1.235603908690685
28 1.868284773991015
28 2.228718088292977
28 2.149648395469117
28 1.303455027822833
28 1.546206138744522
28 1.439583101366401
28 1.169785792506858
28 1.998388854510844
28 1.904009240968087
28 2.923305743610365
28 1.552686840051818
28 1.664631968282557
28 1.114099351039884
28 2.410468223026005
28 2.513907591750407
28 1.115490509833828
28 2.235054503581036
28 1.666703968254804
28 2.287939824732097
28 2.091370731501951
28 1.409436522684338
28 1.731187543725095
28 2.244332955418752
28 0.921281680739074
28 1.135179715087149
28 1.682703124692777
28 2.181259168461056
28 1.946494846150135
28 2.503427619007031
28 1.051170531340405
28 1.598836494372245
28 0.760370826633130
28 1.832826158076707
28 1.596166891582893
28 1.980220487859347
28 1.307506594258610
28 1.448753234037648
28 1.433313047529770
28 1.553236813969148
28 3.176535819050132
28 1.752863106085731
28 2.001428352977112
28 2.740106787093588
28 1.875321517781305
28 2.742984489998894
28 2.164655188878975
28 1.688889501411062
28 1.126775874407412
28 3.492992823832380
28 1.155889127278328
28 1.296318262871067
28 2.664310373861728
28 1.093058520532090
28 2.084425779247690
28 1.002548361908247
28 2.134459722624663
28 4.054962359539313
28 2.139979153235646
28 1.568871550130955
28 1.237408682168586
28 1.515301979979818
28 1.099421161847231
28 0.665292605955067
28 1.851015821960835
28 1.510804448996376
28 1.473932650907905
28 1.388908482747427
28 1.503291765665185
28 3.045069698527054
28 1.397202542088253
28 1.276067558035108
28 4.226553206290457
28 1.584000187661701
28 1.221762425663567
28 1.964551720181834
28 1.840908910819283
28 0.752420945947913
28 1.805491829661873
28 2.292128233527673
28 1.097774976862901
28 0.899041130234357
28 1.542418567219624
28 1.585841698461466
28 1.546381029592516
28 1.535747814898757
28 1.711087424507968
28 1.686533289020828
28 2.136044231626350
28 1.607309353696600
28 2.075684885460189
28 1.580439982698377
28 2.596673480056637
28 1.187764673645035
28 3.063918699996888
28 2.569883903617691
28 1.145109512925653
28 1.140644855737486
28 1.916186860753337
28 1.142022671121131
28 2.250443193466552
28 1.081497970903947
28 1.977271338700605
28 2.634168325911729
28 2.738661432173884
28 1.277121305379573
28 1.023594520806450
28 1.942560074482555
28 1.449401835224774
28 2.729432506131811
28 4.220540147170070
28 2.052355998741058
28 1.180639427692168
28 1.794587019413233
28 2.447558962359243
28 1.717509761134636
28 1.598568133930875
28 3.169593607734450
28 2.692901367681560
28 2.792837539184246
28 1.333398434777727
28 1.737281910041880
28 1.995120811542319
28 2.024301918262732
28 2.083036815043475
28 1.552226734855460
28 1.667089116182919
28 1.364795483988815
28 1.194422245220324
28 1.451962597838775
34 4.501752698466986
34 3.967511766251164
34 4.298019132226388
34 5.125337417780940
34 4.068201492714175
34 2.693819343274674
34 2.886932848337163
34 2.420120750231301
34 2.525123592713826
34 5.605833031506440
34 2.997856343671761
34 3.537013823571403
34 4.762247422035229
34 5.742664600187652
34 3.124263281926034
34 2.669615641450671
34 2.442305816689662
34 3.927245471426280
34 1.732654232290949
34 4.980589214867448
34 4.307339114971128
34 2.102504622769738
34 3.507022179990548
34 4.697368033562642
34 3.153463761684084
34 4.223014948128225
34 4.609631251250443
34 2.830289254423136
34 3.826087157985876
34 2.299517853921508
34 4.264059329997617
34 4.115210723223212
34 2.371755771907155
34 3.136298643643531
34 4.158692532668361
34 7.187216406401178
34 4.506702985207504
34 4.802182042502723
34 3.256686859674907
34 4.335075148094629
34 5.862828369507108
34 3.357079034554340
34 3.577518048958464
34 3.283859932948467
34 2.753387648456809
34 2.843928626298201
34 4.159894336946254
34 4.722292409198766
34 3.954460485665268
34 4.797214031648382
34 2.747189505752761
34 8.734348191429621
34 2.047537867450792
34 5.755375934793975
34 6.440486559042098
34 3.857881762276439
34 2.568215699957055
34 8.479077033302893
34 3.910769995118755
34 3.038861141481194
34 3.664688552183975
34 3.994716868721675
34 2.419524640162705
34 2.549616645381236
34 3.810300606999884
34 4.843651889226521
34 2.865690597169701
34 3.473959319771109
34 6.238779165945954
34 2.969865149947479
34 3.164741153106655
34 6.580283612192778
34 3.484182711623981
34 2.551122494139780
34 2.655848765199917
34 3.771106264721159
34 5.194385478714942
34 4.914486383213070
34 4.835820979079499
34 4.081279890369706
34 6.943861629204036
34 4.175590037077864
34 4.525168073831392
34 5.074706237040582
34 2.754149770012760
34 2.390834729936343
34 3.066495554831258
34 3.992202077361639
34 3.392743388001671
34 1.843740267047161
34 3.592907166158517
34 3.059068740356613
34 7.221566487970779
34 5.815160939591734
34 7.582697727525873
34 3.696955534003006
34 5.617198726506319
34 3.940275401697674
34 4.245590735286849
34 3.073985043146124
34 4.599319165937355
34 2.462073660727636
34 1.906455697994025
34 2.579464244041022
34 2.970084745036413
34 2.515902057420999
34 4.821174482378597
34 4.433833778918182
34 3.191668638428568
34 2.685745874404657
34 3.600827956849814
34 3.260786310649276
34 3.656900303531751
34 5.122408998402154
34 2.098356471867849
34 4.390388489524923
34 1.507845131961516
34 3.713058569268839
34 2.630056422937166
34 3.532119421686912
34 3.075704420507820
34 2.095194002101649
34 2.802758636883247
34 2.479057526344754
34 5.323657894278851
34 3.736947804493191
34 4.249095237410555
34 2.664720187279261
34 3.922394592787187
34 6.542590300362124
34 2.125984329363848
34 2.658472342961409
34 6.161921579467148
34 4.920893116816035
34 3.371171280295918
34 4.754369832113102
34 3.997805048117156
34 3.559932626321667
34 5.544641983900148
34 2.211262516364825
34 1.728206550436589
34 2.919793521651413
34 4.007426427419006
34 3.788396854184940
34 4.597236258202023
34 8.719566543039745
34 5.431916775211654
34 3.994966786841600
34 5.206438528357056
34 5.384392247914101
34 3.960015885683941
34 2.630107100948362
34 2.171641533339779
34 3.200717178290943
34 3.765565792220893
34 2.911782416045747
34 4.208800633883026
34 2.886458308745624
34 5.803915654671408
34 3.536754163945845
34 5.284346836765583
34 1.735981716220922
34 3.194598885835271
34 4.944733755239955
34 8.754094714998132
34 2.257098299579714
34 3.932903928890787
34 3.730567070097544
34 7.560298775716712
34 3.542176636543279
34 4.627497501706742
34 2.450586269694794
34 4.271596733611649
34 4.585465784901420
34 2.361623349034011
34 2.424029310706291
34 1.854492677533340
34 4.220223144343224
34 4.476284159139259
34 4.970316183475258
34 5.884343802373618
34 3.646318743361789
34 4.469893644620814
34 3.683572561711563
34 2.505329136392845
34 4.329050793482157
34 2.078769238015851
34 2.835376105264348
34 6.463628718334281
34 3.583384152395918
34 3.563862808045130
34 3.341894196411340
34 2.160167090079458
34 3.012957321497218
34 6.320145675726950
34 2.155493679339921
34 3.160076740509063
34 5.474677576369278
34 2.902986047190848
34 3.383986928889143
34 2.187068130144069
34 3.731262462347907
34 3.520800008360401
34 2.362206663324157
34 3.210651980168364
34 4.543384655399703
34 5.460603422949260
34 2.435471907681187
34 5.318067494035243
34 2.432792682917604
34 6.805922942211663
34 3.153264560922919
34 5.694313655870509
34 3.584024715082122
34 2.199531958127809
34 6.108024821272095
34 4.166786692495844
34 3.801082056780360
34 4.633309898013091
34 3.348791925378211
34 3.444778308259136
34 6.653609571598277
34 2.945748639022572
34 4.755857487580407
34 4.219455004842785
34 5.883994031484696
34 2.328690186618422
34 5.461868126769265
34 2.183812840294274
34 6.383115491129168
34 5.964141423744800
34 5.834910072690047
34 2.077504215727269
34 4.411814046602607
34 4.284003060535548
34 5.574898037437306
34 4.099556958483185
34 7.143892964622884
34 2.805569586460079
34 4.303601437957891
34 5.434142052520873
34 5.695662938580946
34 5.140310208506265
34 3.637978100014990
34 4.228557917138144
34 2.304011725841663
34 5.225539355310975
34 3.185086865657758
34 3.107310167453855
34 3.893729282265408
34 6.091845860449691
34 4.549715029573294
34 2.307876904316405
34 5.355102926086812
34 2.226351946335661
34 3.529695904815277
34 5.709682343428645
34 5.293070612295965
34 3.833678341681161
34 3.374014760569448
34 5.437462427888503
34 4.270271021935087
34 4.042256172432923
34 3.850311404198005
34 4.106354811435335
34 3.915821261879954
34 3.224652663301990
34 3.553236771782510
34 3.120278280575446
34 3.167904095896739
34 4.346250545675693
34 3.777882692803294
34 3.840077361713215
34 4.397861296265770
34 4.768746563865913
34 4.409135712149377
34 3.603137635959697
34 5.674338129678683
34 6.471023810973672
34 4.481801403327657
34 6.039728060698676
34 2.080711165741773
34 4.491379306012490
34 4.166214745886442
34 4.134605297348800
34 8.456155707096825
34 5.063524523948785
34 3.365932140398214
34 3.602456440586167
34 3.373270347987314
34 2.870000327039565
34 3.245762065978044
34 2.814488833233633
34 2.733712336810609
34 2.989823679692510
34 7.067811553102482
34 6.865878629039205
34 2.697627013384642
34 4.218837188450246
34 2.571881174371548
34 4.813712907221281
34 5.023862633232767
34 3.433930136544931
34 6.232178695332835
34 4.165347292669643
34 2.598570695257332
34 4.515279981357698
34 3.516213350617305
34 2.905260981600200
34 4.560750716779941
34 6.093618175389743
34 4.387237988535081
34 2.525574527115321
34 2.494543085991514
34 6.531556347332113
34 4.005919834158277
34 4.299472747190790
34 3.508375475105553
34 3.072964115602545
34 2.043874824722802
34 6.151820587680140
34 5.224244991600959
34 6.290778622253946
34 3.538561567512239
34 4.039289308923462
34 3.782927414324524
34 4.192679959466428
34 3.730533959377812
34 5.042262060651896
34 3.524472362329939
34 2.720620251938436
34 3.716465283203696
34 8.000632631926070
34 3.346959214067890
34 2.825691289380186
34 3.768378877208821
34 2.958849785483847
34 3.209944005989076
34 4.629707343876130
34 3.034081407205156
34 3.070487476387501
34 5.640504416319679
34 3.479146211253130
34 4.408804382459227
34 3.909003230109666
34 4.678461688139780
34 3.112296261790934
34 3.073822050123665
34 5.981585690409438
34 4.112161524222639
34 2.293009405613768
34 8.072537611487371
34 3.986234417788724
34 4.993090371795762
34 6.665656210476650
34 5.762141856110102
34 3.281513110683965
34 4.998071123265559
34 5.159431058394204
34 3.147764503018155
34 4.877993172127035
34 1.916547024004507
34 3.184600210727520
34 3.298066302110296
34 5.317489346125072
34 3.755532959017309
34 6.257321155157148
34 4.223784438258718
34 3.234148473988316
34 4.037105936742279
34 3.083085063821643
34 4.572144908013985
34 3.917803336514639
34 4.404507042581691
34 2.851852837247502
34 2.050412307603421
34 3.023966673590910
34 4.526536971150939
34 2.889792875191260
34 5.516449970851073
34 2.503735756818168
34 5.693047895824213
34 2.660890992764733
34 5.425979898456363
34 4.375069927638626
34 7.223875933953054
34 2.769816722807703
34 4.883799717475537
34 2.424546673279115
34 4.489025446708978
34 5.184369710535434
34 5.631220853940366
34 2.120836774920892
34 4.264619197966815
34 2.245190183449346
34 3.404351239107006
34 4.973802482870813
34 4.134172992421203
34 3.728601114748212
34 4.776425957780752
34 3.207281916659467
34 2.670167168869681
34 3.379865014326829
34 4.545129885445734
34 1.876964070980086
34 2.984066621350835
34 4.249451625980586
34 3.401151763792519
34 6.027643538475051
34 2.369345343246991
34 5.540894954953419
34 3.497677306962762
34 3.150917554630685
34 5.491827746518918
34 5.325878492635889
34 5.812956467594240
34 3.772139393881651
34 3.893543480225782
34 3.445832418366050
34 5.303305024167672
34 2.416628749646382
34 4.941674447540354
34 3.482645496935775
34 3.943098584203041
34 4.062209166766509
34 4.626527152186545
34 2.670033211267343
34 2.982443576327397
34 3.285964766056560
34 3.148846625392109
34 3.138627693002019
34 5.273966364440763
34 2.548982896236837
34 2.958327948283553
34 5.671839817135754
34 2.085909249058779
34 5.318876991291832
34 3.650819155895527
34 3.836890041269363
34 2.847711134507147
34 4.572306114141474
34 3.906125158957313
34 4.586387273134286
34 3.871845407612439
34 2.846626669996790
34 3.616722351126382
34 3.721540833242061
34 4.049909793800243
34 3.615686357725301
34 2.992579961597787
34 3.827624907302895
34 3.554415109882338
34 3.049964185256973
34 5.248586845278144
34 3.301607775162252
34 8.323617177557860
34 3.406100168303514
34 2.506857590245317
34 2.310415611951586
34 3.237895214235073
34 4.658654025150029
34 3.521452767661378
34 4.578023947749141
34 4.290995602508845
34 4.974547755329517
34 5.480351349683598
34 3.851853834278065
34 3.915709301416696
34 3.170989047896628
34 6.090098861422722
34 5.494242117024829
34 4.600071857233010
34 4.259060220460056
34 7.335958825093956
34 4.748122563258702
34 2.981291376197415
34 4.229988045535311
34 3.246611446313109
34 2.422724189410764
34 4.970678393079022
34 3.546386838521876
34 2.476505674729105
34 3.358022686738346
34 5.341222207921763
34 7.514159449036583
34 4.375172771915093
34 4.433867927987296
34 5.910988880296868
34 5.141658935079136
34 2.726263859931708
34 3.955892939649861
34 2.166932706858972
34 2.502965789416084
34 3.390230602818812
34 2.946929489185150
34 5.933999297606102
34 4.704348504070031
34 6.546421975276262
34 2.802038877664721
34 5.564248283567810
40 5.025296248522688
40 5.861222784589236
40 9.954139626071614
40 6.365355955001061
40 9.415070205540637
40 5.153987688892652
40 10.011312687781970
40 8.629197428974134
40 5.487576100565306
40 7.441034744744885
40 13.576590535139536
40 8.881456692705719
40 6.634932542478840
40 8.791279135139495
40 14.838290675801957
40 4.657432378787966
40 5.027810786596250
40 10.303786096603154
40 7.924635691847893
40 6.153749027446533
40 6.187794231661597
40 5.459095362234862
40 6.633284954782263
40 7.666212804125387
40 7.246592539527095
40 6.112559521730950
40 7.470566446273319
40 5.502542370439606
40 16.269747825600057
40 8.798569285223289
40 9.936172174085094
40 8.577872344965993
40 12.690768089885287
40 8.069384366834740
40 7.808946642839866
40 6.085821554892009
40 5.487799069975543
40 8.665692324993492
40 4.007328219135291
40 10.025106098895808
40 9.095531018753924
40 8.600780931589332
40 7.788862077675999
40 6.742848309611067
40 8.229149693247674
40 11.874317566580425
40 12.516693210626517
40 6.003513905963731
40 4.568773172562911
40 12.018249587157010
40 5.370834868846635
40 6.952531653664803
40 9.387700854013939
40 8.952712725494219
40 4.626331757108478
40 5.023235116633782
40 5.319910042033076
40 8.987658643856125
40 7.668384821454705
40 14.676377351509505
40 7.809692550152224
40 7.060672541566172
40 9.673843547374126
40 5.535906106919837
40 11.008922672454469
40 5.421298618100044
40 5.892230142105548
40 7.611105670620447
40 10.625316453103983
40 7.192899321206220
40 8.508480143653173
40 10.908452835342853
40 3.961225471519452
40 11.416504838856534
40 9.149452353731640
40 7.139543144143232
40 7.604881289433749
40 6.497217364633508
40 10.258688785558380
40 5.695087915889657
40 6.456973949375637
40 5.261214370645092
40 6.776405006604195
40 5.745866715195703
40 5.248778717331389
40 4.840075779039299
40 8.950193887415077
40 4.709724061155711
40 6.515316219610627
40 6.639042628915686
40 13.915284148934768
40 4.480212888661264
40 8.393568364491868
40 7.141829189602499
40 6.213310642595030
40 9.956545206914420
40 4.993853894311106
40 7.195977948448864
40 10.891017015824058
40 6.155193492466360
40 5.526892373181802
40 4.545753651353559
40 5.078542604938868
40 6.657502472658376
40 7.063721144428341
40 6.809910980454484
40 4.333455333992102
40 8.751688465159143
40 7.448389169012762
40 15.216003851306294
40 5.319632901650690
40 5.386693249055613
40 6.186181368916962
40 10.247562058274514
40 9.658385409005222
40 6.402190206320097
40 13.196491931003736
40 6.633579891717728
40 8.128733248233685
40 4.847749259174423
40 4.854489808872827
40 6.887737793595546
40 9.358150199755269
40 6.912685175057092
40 4.753174825282333
40 8.936157807807119
40 9.271894463500253
40 6.481996522745359
40 6.087159221518032
40 14.986801120503699
40 5.602353467493407
40 4.218308140109377
40 5.838820358216234
40 5.920240560704128
40 10.788385907989513
40 8.409063286421087
40 8.047835775582314
40 8.061628224759648
40 6.567316258855133
40 8.918342321532696
40 9.831767556394635
40 7.254512219006907
40 3.816213289094789
40 4.238988694844435
40 7.131855303219764
40 7.133073411032242
40 9.453004674004998
40 8.602438548743072
40 5.849702199944995
40 5.263925041357629
40 8.736832951106290
40 11.764723569640489
40 5.920153668200689
40 6.695281476611914
40 5.935217550328158
40 5.255661931061280
40 3.798276435420487
40 5.239159688142831
40 6.864524311784626
40 6.036849429688724
40 6.351855504552692
40 10.026073671952846
40 5.875680907673068
40 6.739974578285581
40 9.133918711272280
40 6.548577415376708
40 12.256951343187046
40 12.187655165428447
40 14.445565568488249
40 4.778046567755244
40 8.277880143208652
40 7.132694519571277
40 8.025728930342305
40 6.069983468851449
40 7.164701064222436
40 8.168845325744673
40 5.515799161044505
40 8.065740604930745
40 8.576196887156646
40 16.325559582452890
40 6.686820257599733
40 5.295792455489782
40 6.297604150931019
40 14.422468321920753
40 10.826562953451273
40 2.877019710940557
40 10.686026889972197
40 6.687958827349309
40 9.667130353234187
40 10.702928910870350
40 9.448562595867800
40 6.197937518503238
40 6.354186727111264
40 4.925923976322913
40 5.146781714163859
40 9.701213144193996
40 5.918261188576751
40 4.248873159876975
40 4.612916613789180
40 6.777195595022226
40 7.996848257526995
40 12.083304872161902
40 5.691829750132451
40 6.021972379403651
40 12.355286155019622
40 7.325664822599100
40 13.613414403075417
40 6.033483775683311
40 10.856570131051550
40 5.104884844478867
40 7.124721781227652
40 5.973917869796660
40 4.949239897800911
40 8.504360068966395
40 10.536156961676280
40 12.103294966821997
40 7.206934006698372
40 7.443341921979975
40 6.639825475578936
40 5.789727133807966
40 5.881027434214703
40 11.680083968171223
40 5.130266311555614
40 7.225698373386361
40 4.779192062303327
40 6.115871865700525
40 6.770689364424866
40 8.224167222464008
40 6.803900603437900
40 9.077986873500771
40 6.879469751482342
40 10.230398774690931
40 6.799699808621780
40 6.929918473479139
40 11.054490621116894
40 12.253579802130611
40 9.092167658485689
40 8.208377261614128
40 5.822786442518591
40 3.679807717524259
40 10.223934128453061
40 8.306827926090385
40 7.276380847804823
40 10.790222307074131
40 5.984044235278308
40 9.633501203540673
40 4.743267005997630
40 5.334149094055832
40 6.705823031993292
40 9.596091914139144
40 6.680996316135818
40 4.289490223180882
40 9.430716590512738
40 7.628428458429555
40 13.028005519903344
40 10.661936499451574
40 5.905739217627914
40 5.797007331802030
40 7.476753235511113
40 8.164034778840179
40 7.569715894745007
40 7.684320757840686
40 5.938055529207880
40 7.926822100660541
40 7.905066133254394
40 9.642228735280924
40 7.973336298652770
40 6.197711475181127
40 9.011706378315893
40 8.917724123771773
40 7.741053752028385
40 9.494286412894347
40 10.129412756446520
40 8.660020239524801
40 5.719272654302511
40 6.150183658377026
40 5.666272222063869
40 12.977643943940084
40 7.455402089831414
40 8.171061547934814
40 6.692227926995482
40 10.652077454992165
40 7.915368796058795
40 7.518597093293568
40 11.002268341193000
40 7.541977231918532
40 6.373059100327250
40 11.667195777674618
40 6.921371617250729
40 6.342114731172208
40 13.776215851330971
40 4.860843521165073
40 5.181998617140055
40 8.654142475169810
40 7.848231317024631
40 9.875631409183644
40 3.805264765095428
40 4.046330201359266
40 8.445683726711163
40 11.783537190332815
40 8.679377223339998
40 8.132059457962329
40 10.001301004549322
40 10.946979115900028
40 11.205598095951823
40 7.901702470087975
40 9.603413278913624
40 6.826193929121464
40 5.306304411923984
40 7.238996454340805
40 7.308837830446739
40 9.043911140662081
40 7.264996729273278
40 9.110083529014386
40 7.912710952046059
40 9.181085468087430
40 6.027593475069259
40 8.675137306018124
40 13.595127146129544
40 11.720752469301560
40 8.078708541123353
40 5.480497206300496
40 6.047741358366443
40 8.271924625490957
40 11.589265232514057
40 9.295486700773832
40 8.363998082851806
40 7.866249970973437
40 6.873615579173366
40 10.673379551461958
40 6.587603710302579
40 4.963527496079887
40 7.958117196615871
40 4.145157135684315
40 5.178136337500099
40 6.082320168339598
40 4.995749716319847
40 11.973109481852084
40 7.898015840177493
40 10.607496086449393
40 8.136119713408261
40 12.558246043828149
40 8.744862430169285
40 10.865375182365264
40 6.324297310896632
40 4.913015884070832
40 4.038885904582392
40 9.791151259842506
40 10.397518450922218
40 10.403904666275398
40 6.722247232084126
40 11.337225529394393
40 4.761058708120511
40 7.032297031135764
40 5.965273274196450
40 4.169165499983642
40 11.906680733423647
40 8.919350946996834
40 6.363753004065503
40 5.382992854936919
40 11.630018988252239
40 9.304754689059486
40 8.991874598290169
40 7.515007857068488
40 7.733452818600663
40 7.835003148794147
40 7.992968685873849
40 8.142862597676356
40 10.682723053550907
40 16.629791785599473
40 8.611653796425587
40 7.688428673366605
40 7.627062019467333
40 6.165143000976027
40 10.443452688964072
40 9.849263173599368
40 7.379072105006187
40 6.979394811654235
40 7.983645166630210
40 9.398177454663385
40 8.265680454973921
40 7.778238579729095
40 6.363592722806306
40 11.592762483390878
40 6.623271314640762
40 6.181898047582226
40 9.435728367084492
40 6.972168117193275
40 12.189828611331871
40 5.593130658118717
40 4.325877285431869
40 9.486699477896583
40 8.783327752448635
40 9.685052995957676
40 5.250315770608216
40 8.252589286219225
40 5.534770567713663
40 6.116545248456045
40 8.079866372993791
40 11.701156426956056
40 8.506016664994984
40 8.411498794569582
40 9.880088104659462
40 7.184509379876728
40 10.679756371755994
40 8.836216878340904
40 5.923042048043683
40 5.334016162637543
40 7.468656596832949
40 8.597631402739740
40 9.272940182233134
40 4.999267971266601
40 15.875557810356845
40 7.361537412562397
40 7.526450722054120
40 14.083308467826987
40 8.511418502066338
40 3.999518018777364
40 8.867024333923828
40 11.427173242358917
40 12.734141034698499
40 4.740819773530690
40 5.201856653736662
40 4.880736962047619
40 4.647905776366822
40 7.589808367425569
40 4.758600246258579
40 4.896804403666369
40 11.651814138418876
40 6.002211754165119
40 5.984641007605275
40 8.053748179310153
40 6.473581736109256
40 12.413340011749849
40 7.029917582021805
40 4.835103859068409
40 5.625850642108839
40 11.316784919311473
40 16.569245355481215
40 11.636235290002187
40 7.746552798337548
40 10.662583597892169
40 4.902295228568707
40 6.827299885143722
40 12.759167658626012
40 10.981036011371144
40 9.284817027889472
40 5.489159287059849
40 9.303558669798493
40 6.135278512804161
40 4.986977536871228
40 10.231411461735428
40 9.247705874712540
40 10.487790045266500
40 6.704208627517298
40 9.523228453504512
40 11.012701154437964
40 11.890668543220116
40 13.228050260975440
40 11.561433787622732
40 3.482174746784448
40 8.269917254873773
40 8.499588657674423
40 13.138870790689646
40 5.784456107511902
40 8.420471215832880
40 7.886413641520089
40 14.062961628104317
40 9.193924896178778
40 7.451038377249434
40 11.534181689544303
40 7.613533347907214
40 6.774002039748101
40 5.599616529844604
40 10.383738225717970
40 6.556223851083568
40 11.029675353082283
40 9.173567016440078
40 6.684648935641433
40 6.046407306424864
40 5.732794774166130
40 4.554556052862338
40 5.307154240165775
40 6.758292293402333
40 5.517275827909614
40 5.879389662428694
40 6.964366718804561
40 4.611195810781608
40 6.656973139009866
40 5.618632130341966
40 4.858314031890478
40 6.747010526397467
40 11.203940112228214
40 4.883750817718515
40 7.909367245117123
40 11.007078539322292
40 9.912203925618538
40 4.860488758119237
40 10.322058638717127
40 6.963287182072504
46 15.652990562676077
46 11.797838596929147
46 18.601180004235900
46 15.350022707971991
46 17.871488957304972
46 17.404793110133522
46 15.548943907191706
46 12.708572909444971
46 7.382134856074035
46 13.907150467585865
46 26.953379954396826
46 11.022024043931259
46 16.668824072980261
46 11.577419556514258
46 11.930685251639757
46 14.929763557339580
46 12.726562473324435
46 18.549025428131294
46 13.420956555502102
46 16.820991321241294
46 15.056825256100915
46 12.385914668473593
46 12.784571280855753
46 7.878097905018056
46 8.368572107616927
46 6.992093005870580
46 17.542689130673342
46 7.180706466532612
46 11.292796358511470
46 13.400320248184881
46 12.502295336061422
46 16.403816297531332
46 12.239821040155466
46 24.919459246503219
46 10.403783314656708
46 23.594067834965877
46 19.503778210909033
46 9.901441793944356
46 22.463753597861132
46 13.597719678465838
46 14.180465385387436
46 17.145896829756978
46 16.549662026321265
46 12.141658358315077
46 18.484427268080541
46 22.716038604570546
46 12.513749719460609
46 11.599002380686711
46 15.303578597852617
46 16.888057758281835
46 21.460850895064766
46 21.912470901156400
46 16.603081520309768
46 21.806612154039456
46 12.664392537480198
46 18.216888032014658
46 14.295248580275592
46 16.828408794182081
46 14.218841986611903
46 12.571877653352415
46 13.315344465659877
46 7.249739854385069
46 19.806912022846220
46 12.804767839822572
46 10.202722114952143
46 20.305646884706729
46 8.141081315753338
46 8.444502928606191
46 20.664548699313606
46 14.086606174062911
46 7.650232127326950
46 9.733745378148113
46 11.146096379917655
46 17.862632289604640
46 14.358552694153463
46 12.456698321084197
46 13.233911575163356
46 14.873537113055246
46 11.274686723466907
46 14.353102454577293
46 18.894962356784852
46 7.794411855508374
46 17.314748603757636
46 8.555821587076277
46 14.716277296293150
46 12.222406169567281
46 7.556882297634901
46 10.438279109326222
46 15.143032060316678
46 20.229404804732333
46 15.657899867868444
46 10.031251150773334
46 23.748244810713402
46 16.015200920942981
46 9.441705433711537
46 22.525714550337234
46 12.841493919636562
46 12.371918628658090
46 12.569139368488884
46 15.966546833176862
46 16.254537525828542
46 11.316435578865171
46 9.649589789828312
46 24.591153459707307
46 18.681078721202717
46 20.587249751182277
46 17.575173529339068
46 14.235150653771878
46 12.428920481777004
46 16.115129481668067
46 9.319864559573521
46 9.989375757869823
46 9.674879987737079
46 9.704499442925826
46 18.792515625116923
46 12.060308473389330
46 16.063087015419256
46 14.289174172994898
46 15.070228854765350
46 23.691902657665683
46 11.405714556069434
46 14.471337430969523
46 18.176658601198767
46 13.150276085992173
46 14.357859483745990
46 18.954773784548330
46 14.314379474130876
46 16.268799306606518
46 16.692237154598928
46 13.681330714878619
46 24.157139939509829
46 13.679692361616961
46 19.957268445113460
46 13.952422368701548
46 17.949258433589538
46 22.267922501417303
46 9.210690690236017
46 14.770247634178485
46 15.281595896302674
46 12.824677081983797
46 16.336543803320716
46 20.982835208235269
46 11.360042908567154
46 19.076072363361124
46 13.393220946572864
46 8.921515198144711
46 21.818915847704915
46 18.888208990045417
46 13.613401950895174
46 9.284572551292364
46 19.415302379078494
46 17.619857062896909
46 24.178956217323776
46 14.605864692189311
46 14.966100887214822
46 12.091625884061429
46 10.042124020558747
46 7.981921312525238
46 10.541072950068937
46 12.132004747330791
46 14.383566131430678
46 12.515400902749288
46 24.378301140776617
46 10.170122526663857
46 10.610020414626215
46 8.891069164325813
46 11.063434205213579
46 17.667669542094259
46 13.518174901004238
46 7.054674201921138
46 22.316909356325489
46 17.086257384047304
46 8.784279071537892
46 13.057003658631523
46 15.167290683230242
46 12.118254324778734
46 15.360088135332727
46 10.796891272353747
46 18.087988592503716
46 13.831243036620673
46 12.717234143517816
46 15.074630889964101
46 13.104036354110743
46 18.648708764632303
46 16.943673799944005
46 22.211492046657035
46 21.569679758133141
46 14.027411777245035
46 14.498963036130821
46 19.159297129275590
46 21.627753724537740
46 24.706639778635171
46 14.168829408875077
46 23.634442639083826
46 22.021509547445206
46 18.335237843101538
46 13.706244837516728
46 14.086493223717815
46 18.893740477302394
46 20.270195106302463
46 7.894107756581061
46 18.718230052343475
46 12.131755687651257
46 13.794534605859713
46 9.934113239942985
46 18.630721086275408
46 7.599236199598824
46 10.698535186617139
46 9.684776530475649
46 9.399591612085629
46 5.271857479523483
46 21.485849564964475
46 9.921703275018892
46 23.801048315101973
46 9.019174021561181
46 14.802893940643134
46 8.715079270602393
46 16.460576393201176
46 12.653873632908727
46 23.885016310282740
46 10.558266601891230
46 12.359530028592168
46 21.123478907772366
46 25.660352149225911
46 12.124902871375760
46 8.941076846661577
46 11.019269978672723
46 12.920996392001149
46 22.329476335942100
46 11.562108451912238
46 19.269891465845117
46 13.829562412599028
46 11.798594319710826
46 12.376148569253662
46 10.137324002336026
46 16.527668051680141
46 26.883551698779943
46 15.567137881029538
46 12.805544744482379
46 25.847664461355023
46 15.533786876709602
46 15.115054294014293
46 11.836861305356788
46 14.493420106724670
46 12.463595434982640
46 14.682992620219554
46 10.740662242065474
46 17.820561722729657
46 8.581365286123706
46 13.744718375925151
46 12.771219896177161
46 11.514097183588202
46 7.738624407412860
46 7.095753782390938
46 16.742806115865378
46 16.385751215632354
46 23.211768174758504
46 15.690212755203600
46 17.602964258936492
46 13.992913510018544
46 17.512464955076574
46 10.774835145742806
46 24.240914942904812
46 14.559792271327328
46 18.794425557521500
46 18.147083120606439
46 18.586151634626006
46 10.516825989649185
46 24.905080882437304
46 14.621237367190012
46 12.787579632360575
46 15.855164325118087
46 9.610218145117074
46 8.326628693140037
46 9.420060154431361
46 7.950127942474806
46 11.541749000839401
46 18.703837558958529
46 13.831496439525839
46 12.427451069003284
46 25.590147848562427
46 22.745700721335766
46 9.788129352320816
46 20.411264990858676
46 10.221634928201503
46 17.222503913145186
46 12.034120691531424
46 10.310854132672935
46 10.406557701243234
46 11.394725151520108
46 11.299863037676895
46 12.842584738155695
46 9.211810418737105
46 15.386871856527312
46 27.412181052005881
46 11.260683996789473
46 17.012183510982464
46 16.969412519767062
46 12.529970627082090
46 8.565360973015922
46 10.609452142439233
46 25.838630684791539
46 12.221928805353214
46 24.878738506870278
46 9.121705636946185
46 12.978637451790661
46 13.079338205899456
46 22.105133057144048
46 16.052759214920076
46 14.931065705791912
46 7.581457124484658
46 12.639939456572666
46 19.652357067320196
46 18.642314107279148
46 13.546920839288827
46 9.578817259378713
46 13.170570974965056
46 14.982328655141302
46 9.238405542654824
46 15.993104339649364
46 14.803210995573172
46 15.717034036221252
46 21.761423528796271
46 14.753385776252316
46 15.431935152048045
46 13.695490514836973
46 16.038310824275953
46 14.671246739090915
46 13.140013684304360
46 9.406891617842769
46 18.734883942262236
46 22.824490445155966
46 13.382629578157225
46 16.595251308892678
46 8.120121718507558
46 12.823788558416050
46 14.879307541269636
46 9.239696875535703
46 11.803942705157654
46 8.257994017141792
46 10.041340231089098
46 23.773432139964292
46 18.207548038780303
46 7.487231582256866
46 25.523165602078556
46 9.847645402982158
46 17.774834142779355
46 27.081400439331446
46 9.286622244660013
46 12.618878122482171
46 13.263541598792557
46 18.131306547912477
46 9.610302346424241
46 10.169517220287698
46 14.241090668887107
46 18.923813314223530
46 7.207312893734081
46 25.812664831547981
46 19.969152486974693
46 7.265947773492314
46 21.080134738475081
46 15.706320437868783
46 25.084355149160441
46 6.242343766263782
46 11.257956823386476
46 14.042355674399063
46 10.055637450293755
46 16.955888458240267
46 13.802022546333262
46 19.461105030315345
46 13.367539514218890
46 19.289124430091857
46 10.815884803560138
46 15.504710210347607
46 20.226504755466554
46 11.677575695394030
46 16.440170098406476
46 8.036006473398617
46 13.461578044614315
46 13.256306303880613
46 13.107925363357230
46 17.864248434216947
46 16.946546857517507
46 16.244801953526746
46 12.524844153441641
46 21.685861667457516
46 20.912060447669134
46 13.334164772504494
46 14.082271408107141
46 11.691173635685949
46 16.770319680985541
46 13.681886866200836
46 15.742029155935001
46 10.630607730222691
46 15.361567967052743
46 16.540357093538347
46 8.822140826220132
46 12.923336190705891
46 11.045262922347337
46 11.740971059530814
46 19.705935252646526
46 13.081280298149757
46 18.341856015607714
46 8.370102147304156
46 10.216614153092925
46 12.827880764633756
46 21.485359339601509
46 17.121098385496072
46 10.926534672707408
46 11.195529214116604
46 12.472955250537646
46 15.705488561167904
46 15.982679503180524
46 15.046538494875497
46 13.586216858322814
46 17.589491965921056
46 10.479387369761410
46 12.175307248000800
46 18.093135320284112
46 11.910243677948179
46 10.787228132763635
46 9.756653416448319
46 14.402041621530749
46 19.093462556060707
46 10.695654439662801
46 9.156404337803645
46 11.451148201478830
46 10.724869401155843
46 23.151947532305016
46 10.329677647186220
46 17.654158998247425
46 17.926934578066280
46 8.839938063927629
46 8.206213190501003
46 14.489658385197147
46 8.337563553362809
46 9.471028967480397
46 10.476370851271373
46 11.202844233598061
46 18.889656874625558
46 11.229757063103717
46 13.738281833990705
46 12.805249385886444
46 9.935965927752045
46 8.273416535112220
46 10.976329304231895
46 17.600242570242500
46 14.250360684905051
46 13.417704143139334
46 8.539664748241654
46 15.421133691302646
46 10.651139960498849
46 11.397519978476106
46 7.675343506729651
46 16.961344099712548
46 18.149917021722029
46 12.588609057704360
46 18.997266223086495
46 7.952810259274900
46 20.042458429222833
46 24.082063200914366
46 10.672673707683016
46 6.959104372479919
46 17.232003177471544
46 26.186417803242062
46 12.766299960526958
46 19.772387290161241
46 24.133953252872697
46 20.437959504825201
46 17.704528023219940
46 17.054679788578632
46 10.738754956782270
46 13.441232910981322
46 13.385890731127684
46 20.106755604973632
46 10.196226140117894
46 13.983535060570208
46 21.863183285866818
46 11.751972259100018
46 9.032949206967267
46 20.124047136135857
46 14.949549971593648
46 12.253836975743358
46 5.980151294699066
46 9.431085231204056
46 13.221612010140017
46 17.043962948091284
46 15.282965440722776
46 13.394357490255210
46 9.632396002114806
46 9.875865532668534
46 18.171861309538670
46 12.043400235333916
46 14.117658883930318
46 12.638304716046290
46 12.156635337131625
46 23.464487692379599
46 17.834497601687666
46 18.926301477017848
46 16.500434687765736
