10 0.004622016002732
10 0.008372382824286
10 0.007375533148756
10 0.016546905197166
10 0.011609718918993
10 0.009240719556476
10 0.008218380238724
10 0.007578098959669
10 0.009088016280337
10 0.014048541076859
10 0.011669377209716
10 0.014034988599315
10 0.015590621022407
10 0.006284730994141
10 0.007310410812901
10 0.008386322279065
10 0.006437987590531
10 0.011348820965956
10 0.005494224941827
10 0.004791036820714
10 0.006790755958506
10 0.011761004677326
10 0.015879219844352
10 0.007319983717649
10 0.009493885344369
10 0.005158396156863
10 0.009625082611466
10 0.005258502566580
10 0.010012006871752
10 0.009976484220399
10 0.009341548996073
10 0.008001423266685
10 0.015383127549650
10 0.011948090147362
10 0.007976905990372
10 0.006055557210979
10 0.010400598157201
10 0.014920337796288
10 0.007596222877444
10 0.005630538092237
10 0.007320362220712
10 0.008932181666296
10 0.006456505945711
10 0.008702271871648
10 0.007002668993451
10 0.018760973695487
10 0.009213897439141
10 0.007118695718357
10 0.011401660487218
10 0.008204035556221
10 0.007481151056981
10 0.009342455861458
10 0.006870477392335
10 0.008880970856700
10 0.008778342598753
10 0.007304996557026
10 0.005915030287734
10 0.009028378245269
10 0.011812751819300
10 0.008295391086021
10 0.013333186836345
10 0.012272461512223
10 0.007296703236766
10 0.011056013450314
10 0.005497142769574
10 0.011436160579759
10 0.007795972925449
10 0.011203162983700
10 0.011667129495319
10 0.008891033851256
10 0.006641916460042
10 0.004380948245747
10 0.007603996430673
10 0.008951502776216
10 0.013444466850079
10 0.007227365800825
10 0.006779280157357
10 0.012261633761746
10 0.008332712432636
10 0.012095813346580
10 0.006964961107345
10 0.011637513718225
10 0.009166889117959
10 0.007360422607354
10 0.012176038212732
10 0.015268758905510
10 0.012485308850376
10 0.005367162903785
10 0.015750495825650
10 0.014768898276387
10 0.010492311573595
10 0.009128025530405
10 0.006079175001241
10 0.010522166163818
10 0.010921940742396
10 0.007330519053835
10 0.004300704750149
10 0.006084220886192
10 0.006299607618736
10 0.004404550415837
10 0.005497356122117
10 0.021242985711546
10 0.008732917293712
10 0.012657871279142
10 0.005947132250526
10 0.008249739769181
10 0.006528985712064
10 0.004485818398825
10 0.012524384519765
10 0.008885089628323
10 0.005593507414139
10 0.018957095482667
10 0.017506510899930
10 0.014836610189986
10 0.013695277728800
10 0.007023661926645
10 0.005670405604566
10 0.008446422228696
10 0.008294911510129
10 0.005821146965083
10 0.005892240564592
10 0.011672138435782
10 0.008420144797744
10 0.009148444495707
10 0.010624917454054
10 0.013212465207055
10 0.008196951380192
10 0.004050994383199
10 0.007505484499767
10 0.007372095583139
10 0.008288186899764
10 0.006081759437355
10 0.006020491614073
10 0.008196395495736
10 0.013273241658372
10 0.010376816243702
10 0.007072061949394
10 0.008374520099916
10 0.008527975200159
10 0.007952717273213
10 0.007128161688871
10 0.015100125543512
10 0.005893394458767
10 0.013724639818408
10 0.003936227012717
10 0.006045638646651
10 0.004020728448172
10 0.010297407752607
10 0.013229075120695
10 0.006246780209045
10 0.006471924963624
10 0.008652488736124
10 0.010102655481414
10 0.007362625886785
10 0.009154125149970
10 0.007194346516160
10 0.005741727922629
10 0.011045640912629
10 0.013732747332124
10 0.010567762793801
10 0.009890056753162
10 0.011415369380123
10 0.007442090784820
10 0.007493293294602
10 0.017459743491561
10 0.006271588791021
10 0.007532661950628
10 0.007512426776171
10 0.008531007623536
10 0.008274425859917
10 0.009970432771185
10 0.007191348435777
10 0.012007003205241
10 0.009351439480528
10 0.010057385612722
10 0.007496088999388
10 0.006921952544034
10 0.007112053694923
10 0.008112217142434
10 0.009600172364911
10 0.006510240969582
10 0.006398157644058
10 0.008782873294477
10 0.012355627812273
10 0.007298363600454
10 0.006770242424457
10 0.012273822003344
10 0.008429624287144
10 0.013537166127149
10 0.010049898213685
10 0.010083483750714
10 0.008076590145615
10 0.007197066409520
10 0.011735237646893
10 0.007028609523085
10 0.016475423858691
10 0.010697987991208
10 0.010622288636429
10 0.005429817983349
10 0.011386224034039
10 0.012957243890258
10 0.010508066767806
10 0.009219831963028
10 0.014602115484644
10 0.007526891623126
10 0.013803798954703
10 0.013594863119969
10 0.008247313824102
10 0.004822032977548
10 0.009476195401118
10 0.011247087054731
10 0.011052524501920
10 0.005941412362846
10 0.012592518137927
10 0.018289914417534
10 0.004610991643799
10 0.009662389404324
10 0.009407338431403
10 0.008818131822774
10 0.013830495874482
10 0.010596801697520
10 0.005218072034961
10 0.014265272940381
10 0.010756795038552
10 0.007407315999291
10 0.010901926475821
10 0.009162245461516
10 0.007031346284027
10 0.011473206536212
10 0.008514381542003
10 0.006000710668806
10 0.012538112634791
10 0.006488451075973
10 0.013971825304348
10 0.006069959108348
10 0.010266472269737
10 0.005742349114526
10 0.010533541099952
10 0.009222537883346
10 0.008921653736017
10 0.007379425737656
10 0.006673029809373
10 0.011243355893492
10 0.006369097366419
10 0.013535072811742
10 0.010012703066894
10 0.011277368538980
10 0.008872423839216
10 0.010937705525529
10 0.009049289230490
10 0.006667008896065
10 0.008709114315184
10 0.008875642026880
10 0.010372896958564
10 0.010798494393078
10 0.007357617894865
10 0.006617527224268
10 0.013168775993819
10 0.006048935374419
10 0.007532678849836
10 0.006410924432820
10 0.005846506785614
10 0.008192771322918
10 0.006807558946836
10 0.007635247738304
10 0.009238508832009
10 0.014361842705796
10 0.007913049330414
10 0.016163246219041
10 0.011650351770893
10 0.007871099663172
10 0.009035099792350
10 0.009251974596241
10 0.009791730071701
10 0.011730578762825
10 0.015573944365558
10 0.009518504424017
10 0.009948638406659
10 0.013219085254281
10 0.018001670020010
10 0.009059881100151
10 0.012530947296070
10 0.012857306253121
10 0.009576696278790
10 0.007958833770577
10 0.009034900529305
10 0.019000111889991
10 0.011162881925929
10 0.009227371639934
10 0.010694052534940
10 0.005841279200040
10 0.011143797624076
10 0.004661153080152
10 0.006211685178018
10 0.010118392066435
10 0.007292342757245
10 0.009530474504201
10 0.008036029078999
10 0.010233812009647
10 0.006535081033797
10 0.014289670989861
10 0.014331321247377
10 0.005895000130899
10 0.005857299475549
10 0.012661527623104
10 0.008915939943757
10 0.005299738235943
10 0.004178961357408
10 0.005091126033180
10 0.010733091024848
10 0.007823611929329
10 0.014209871028792
10 0.010161583843066
10 0.007599364337140
10 0.010233228456550
10 0.010165467143323
10 0.009364841948098
10 0.007510049007152
10 0.012346040214515
10 0.012085854465378
10 0.010851925713863
10 0.006193627059988
10 0.008484177331789
10 0.008026327472072
10 0.011853896007474
10 0.010241346967316
10 0.009088420378944
10 0.005357562755917
10 0.009179836013661
10 0.010698936675809
10 0.009820834201911
10 0.010327213124187
10 0.009953465035838
10 0.007501798445635
10 0.008194701991055
10 0.006114688997513
10 0.009116675339794
10 0.008280038139158
10 0.007084314367670
10 0.006475104832533
10 0.008964002564521
10 0.010114680140325
10 0.005748872544502
10 0.010470874214179
10 0.006188577950939
10 0.004899723731300
10 0.009938956725074
10 0.006297171382147
10 0.015599847413187
10 0.008338481531264
10 0.006096859182354
10 0.013949778922437
10 0.005841342677788
10 0.013801422823165
10 0.007311714289460
10 0.006779709339721
10 0.004186463456788
10 0.015494467054613
10 0.008038504360756
10 0.011791978333151
10 0.005417417946261
10 0.008601191134352
10 0.009138699099630
10 0.013736264613634
10 0.009451252003730
10 0.011193085593995
10 0.007600847171995
10 0.004621169189986
10 0.008267958822325
10 0.005692370016496
10 0.010572859234130
10 0.006126824643076
10 0.010456999981357
10 0.006958966691451
10 0.009814175489175
10 0.009187981496594
10 0.006161448106296
10 0.009319405024367
10 0.009117084298496
10 0.007442858244259
10 0.013962574537765
10 0.015461816483421
10 0.010324698613488
10 0.006359609372923
10 0.012015114958232
10 0.010287748965629
10 0.006581140662887
10 0.005089892879941
10 0.009395530821003
10 0.006291223822211
10 0.011679373503021
10 0.005361170668072
10 0.010611250190289
10 0.008332978535634
10 0.007710883043786
10 0.007126883615281
10 0.006651665599470
10 0.010101532412014
10 0.008161941907636
10 0.009799197665043
10 0.010543985659603
10 0.010001152423231
10 0.013007678107419
10 0.015998971261822
10 0.004473820202973
10 0.005923728270691
10 0.014306858836433
10 0.011227443638784
10 0.008482519714147
10 0.008150612657545
10 0.007311138844560
10 0.007193462813391
10 0.007494663067362
10 0.012063946705202
10 0.010117282066033
10 0.012105368164139
10 0.006173494499356
10 0.014444063645348
10 0.007818626222016
10 0.007762120367814
10 0.007698973484781
10 0.007183912653963
10 0.006949806352015
10 0.008947728753460
10 0.005597575499664
10 0.005808371947520
10 0.009930327044852
10 0.005394824426892
10 0.009098519294269
10 0.006122067598640
10 0.005178913575338
10 0.006951569284598
10 0.007721215202104
10 0.006555128083217
10 0.007061259347824
10 0.010039109150063
10 0.018775474109910
10 0.011729126714913
10 0.011399865212187
10 0.006872537295885
10 0.005376931326721
10 0.015457094122918
10 0.012425690148109
10 0.006201859095449
10 0.004755520580012
10 0.007294906462879
10 0.007491013111062
10 0.009287964667090
10 0.017780241228625
10 0.003958260260278
10 0.012958064878119
10 0.008529492655010
10 0.008761351648068
10 0.014791934748351
10 0.006131325948011
10 0.007025598401099
10 0.007119593867123
10 0.004841173691253
10 0.009363984584167
10 0.009847831685821
10 0.011241600046362
10 0.008789355313215
10 0.006007710274822
10 0.016361559404231
10 0.006654304295451
10 0.009133674051957
10 0.005710061118834
10 0.007873450457506
10 0.006365417733400
10 0.006939140768032
10 0.006560272618860
10 0.017727148380558
10 0.006681301170901
10 0.007754631407474
10 0.004520031959572
10 0.006313864259755
10 0.009964490018521
10 0.007406056846759
10 0.010553859328236
10 0.007612858556043
10 0.014246020019522
10 0.007783536068734
10 0.005683780689384
10 0.008399823170600
10 0.004828956232069
10 0.005699038667723
10 0.015603409864011
10 0.008535779424814
10 0.008876355942683
10 0.005847085056550
10 0.010436811212674
10 0.023185880474339
10 0.015156914016636
10 0.004728190617737
10 0.009143507361462
10 0.008974832348818
10 0.014870111214994
10 0.010679810259929
10 0.013599022392272
10 0.009228050238900
16 0.143004840289262
16 0.034525816429150
16 0.069673087908935
16 0.059447719711527
16 0.038650365774264
16 0.106414232510582
16 0.057874097453907
16 0.042952773442337
16 0.042739311781901
16 0.089796439975581
16 0.066648713110232
16 0.070016257702271
16 0.064337246809920
16 0.071479978798077
16 0.042671085563087
16 0.080785119489323
16 0.070150481649153
16 0.061138273683480
16 0.034212071072744
16 0.064435329125009
16 0.049536520370082
16 0.046889531532509
16 0.067076140127720
16 0.086113611121440
16 0.053017749823435
16 0.047502377006021
16 0.056984059444715
16 0.058845434602325
16 0.101396795898281
16 0.063146169911663
16 0.061885666831386
16 0.061129482482662
16 0.068900241365746
16 0.044553548334008
16 0.040202705086061
16 0.052124021116044
16 0.058669506489911
16 0.030018638288805
16 0.085009327836079
16 0.034459356467194
16 0.045830602414746
16 0.028629847618891
16 0.039358406035287
16 0.060926719987829
16 0.059943341848370
16 0.042548203309172
16 0.055940287368557
16 0.045329765507002
16 0.060741094486540
16 0.035084711273986
16 0.060742612477684
16 0.043112165211324
16 0.035441820580439
16 0.025662949978388
16 0.042580560671100
16 0.070892796115724
16 0.087346162859721
16 0.058445271479191
16 0.063298502259026
16 0.044491680440809
16 0.068172824259727
16 0.058609182413177
16 0.054691210480420
16 0.061765358286905
16 0.045051321319843
16 0.055665558270925
16 0.083658471044334
16 0.118150056076697
16 0.037799055715822
16 0.081221143349971
16 0.057798573706808
16 0.045333496106931
16 0.051042379107084
16 0.037716427784296
16 0.059803903482343
16 0.063723313695371
16 0.052732863027573
16 0.047958610451874
16 0.035276694739410
16 0.074294224997308
16 0.044905134672551
16 0.041595812166069
16 0.046436629064559
16 0.056634268002952
16 0.063146463718511
16 0.039266112370233
16 0.032981138657320
16 0.053123791651760
16 0.056200905586445
16 0.055534395548180
16 0.100684309616504
16 0.079961462557960
16 0.031472474575782
16 0.053353956896150
16 0.059744910255412
16 0.078583437331712
16 0.055619749536333
16 0.062654118571214
16 0.067538887284738
16 0.050571025092404
16 0.042995639515249
16 0.052631882104073
16 0.044165042834961
16 0.047046342200813
16 0.069598347583372
16 0.055114660593934
16 0.046961450011418
16 0.039553025010183
16 0.060429070262141
16 0.094647069997981
16 0.103708949745897
16 0.041253971383929
16 0.051461335496489
16 0.047390698158213
16 0.047557125225936
16 0.041713210966503
16 0.049918471759959
16 0.046602677402733
16 0.091203573687286
16 0.052190012837145
16 0.039450919681125
16 0.046307554284888
16 0.055154112909588
16 0.122750405428680
16 0.068980117068912
16 0.059123539183038
16 0.066315788433643
16 0.040902144319130
16 0.074106454458677
16 0.047231466319200
16 0.044576333806984
16 0.034545931503180
16 0.080388326864180
16 0.047228752850746
16 0.066389677971117
16 0.041420061209469
16 0.049126187231884
16 0.094314255929689
16 0.050989061736501
16 0.039784356239106
16 0.058339160767750
16 0.035143018619306
16 0.054719075851677
16 0.033447087675138
16 0.052699268132800
16 0.060340882297104
16 0.097327492009651
16 0.044770338210576
16 0.110174236327784
16 0.057159385716306
16 0.070965067219760
16 0.061452488593615
16 0.057923311960459
16 0.055665724138151
16 0.033194077022284
16 0.067529668613423
16 0.060394811386992
16 0.045758063991880
16 0.055375907730854
16 0.095703348467950
16 0.091470245563529
16 0.077027244218204
16 0.053988189538018
16 0.100163986740639
16 0.091190511010280
16 0.064216012582433
16 0.064532209837818
16 0.030936041853307
16 0.051786014848771
16 0.032538220614997
16 0.036312604410074
16 0.036432598079656
16 0.059376812282214
16 0.077672690625328
16 0.091909076591570
16 0.029315600092631
16 0.031024052294553
16 0.058025338639049
16 0.040839480940045
16 0.059100114342973
16 0.045047172350439
16 0.080314245382431
16 0.081422058531732
16 0.037199671335794
16 0.079884756660100
16 0.056424245690091
16 0.099434592356604
16 0.041655303296254
16 0.055447844190599
16 0.064122773551268
16 0.083851552107892
16 0.098595067339171
16 0.074635905792311
16 0.073711136395055
16 0.069094322459857
16 0.081668871905488
16 0.079040185100539
16 0.091905216134793
16 0.073482159750317
16 0.047055563515486
16 0.085319048912205
16 0.063724056943753
16 0.026759757801802
16 0.052739658400249
16 0.049144139996659
16 0.036788090542476
16 0.055947625286568
16 0.063746141736515
16 0.068244255290951
16 0.054644808695552
16 0.047066064106011
16 0.054343583724852
16 0.055094798288638
16 0.027900400999242
16 0.049804485490027
16 0.123117231258934
16 0.077217351261208
16 0.036543366688700
16 0.060108937178199
16 0.059524246353728
16 0.025715937714850
16 0.049399086617409
16 0.045070117276589
16 0.065231670874812
16 0.029304625773843
16 0.054450540589802
16 0.074132024153441
16 0.041726353046063
16 0.068098886684565
16 0.088980047788689
16 0.059051011196474
16 0.040598811036726
16 0.039343590102883
16 0.039632019585746
16 0.044889016850486
16 0.043373782395146
16 0.089798100833619
16 0.062716204680877
16 0.062343084016156
16 0.039333848250948
16 0.049827192854234
16 0.070515646556232
16 0.078774395466585
16 0.053496683391615
16 0.041032717008184
16 0.057723103221769
16 0.071598973629181
16 0.123107987235595
16 0.061145072551904
16 0.100022480375093
16 0.055641000072440
16 0.069757673257237
16 0.057724518039400
16 0.077886932347692
16 0.057027032623521
16 0.064242518122486
16 0.056218945577080
16 0.099495270766424
16 0.075462748161845
16 0.051511461872132
16 0.045544635471112
16 0.027880014455784
16 0.037871865823810
16 0.101618817035747
16 0.049958374969961
16 0.073131221099839
16 0.050997558236653
16 0.071371864579606
16 0.042064168316506
16 0.032579847594675
16 0.088604565017893
16 0.034689571520454
16 0.066110531436967
16 0.040708220175230
16 0.031893185464293
16 0.132560124204313
16 0.040180214041982
16 0.052627313775525
16 0.053072775822444
16 0.039460778773079
16 0.058163753908475
16 0.065647195494548
16 0.100913922565707
16 0.059164869620034
16 0.071374388915795
16 0.045146233623879
16 0.085586514388772
16 0.048038974546273
16 0.045883841001627
16 0.069389737689362
16 0.036877558807042
16 0.087731360645496
16 0.095853566491071
16 0.054954597497184
16 0.044054159181385
16 0.040479009257785
16 0.056394495939008
16 0.088910242076411
16 0.068085555350682
16 0.034850250965198
16 0.057271389230963
16 0.041264406635412
16 0.059038124260692
16 0.047500815884307
16 0.043224768807782
16 0.039857065713960
16 0.036768562430514
16 0.023266173831644
16 0.106572664817946
16 0.036983480754196
16 0.077611933756024
16 0.082369946364667
16 0.063643227658809
16 0.064696164309253
16 0.034881249767999
16 0.053498451407089
16 0.042976089932841
16 0.092238549080542
16 0.077330436702738
16 0.077511142327866
16 0.051091072175050
16 0.045286921565873
16 0.043151509866585
16 0.079138805741265
16 0.068830736455901
16 0.063905891128900
16 0.104753698535484
16 0.038548970412878
16 0.098876317566113
16 0.038716861234624
16 0.074349780687493
16 0.047987789233787
16 0.043668082961916
16 0.061048759741793
16 0.049303460262576
16 0.088206211009799
16 0.067916496813835
16 0.037806835983595
16 0.048186684178516
16 0.046480681111484
16 0.055383070974115
16 0.058806448863405
16 0.078800527626588
16 0.043551950629580
16 0.062949255572492
16 0.038011461372776
16 0.039803629680864
16 0.047414153085914
16 0.055166141430390
16 0.068755975874638
16 0.031462021044134
16 0.054267911222144
16 0.046709325931414
16 0.058947141310313
16 0.044020292459407
16 0.027074882113368
16 0.079639493632267
16 0.064911404736940
16 0.051309874529504
16 0.040352136806217
16 0.062972106715809
16 0.100132341898217
16 0.026543005982477
16 0.045046132601026
16 0.044294173253831
16 0.032947334633825
16 0.034375706469470
16 0.077208258671099
16 0.038763356862026
16 0.048261346687364
16 0.071777465889717
16 0.054931497410871
16 0.082764189167489
16 0.032972616318786
16 0.052840235201238
16 0.028709786854593
16 0.050922408357566
16 0.046467862396600
16 0.082063578107584
16 0.086906062999507
16 0.047689255580449
16 0.054516390365072
16 0.068123928749736
16 0.065965493940297
16 0.041395221728280
16 0.045076490867143
16 0.039139872926612
16 0.056105306280923
16 0.048060036443081
16 0.044938795527930
16 0.085580728526894
16 0.051729071705908
16 0.078195023752103
16 0.080039877957142
16 0.049911451146715
16 0.050885310786712
16 0.077899553419427
16 0.042607059182800
16 0.048680307035250
16 0.057350771382722
16 0.049728096892355
16 0.043485770429525
16 0.051788614691356
16 0.053333504080158
16 0.036498472612443
16 0.049096120579400
16 0.046955107167278
16 0.062445301574359
16 0.107725656049355
16 0.033650044134731
16 0.090555147745514
16 0.059150590215288
16 0.075842817240356
16 0.036612938116389
16 0.052787134765340
16 0.038628893108733
16 0.078986548480557
16 0.029615593791112
16 0.080890071762566
16 0.041479982014544
16 0.048046520019744
16 0.056583616888086
16 0.037743725483280
16 0.034096132190921
16 0.040710156350197
16 0.040032407109990
16 0.052208558877479
16 0.091761101874173
16 0.045660224203451
16 0.082438339495072
16 0.059268786286959
16 0.037280075347494
16 0.038560646412998
16 0.030748600122123
16 0.056386368103410
16 0.036320368637806
16 0.112088821696969
16 0.055920812241589
16 0.054176263210890
16 0.074810346198987
16 0.055905214449037
16 0.053959641420221
16 0.041924896362292
16 0.073847883104657
16 0.059845351396179
16 0.053056878290936
16 0.111405545101325
16 0.071262224548490
16 0.066552746120821
16 0.057412613035179
16 0.055272158668188
16 0.054326725258825
16 0.039957007252411
16 0.078791983473592
16 0.050419597022876
16 0.050294506998623
16 0.054149993418034
16 0.097548794143721
16 0.033429131117974
16 0.031297558245978
16 0.060396553142316
16 0.058721718092887
16 0.040275573688221
16 0.050840272465963
16 0.093230494605974
16 0.039150516302781
16 0.073939694454334
16 0.098470028601071
16 0.051053652791678
16 0.032038496178957
16 0.119719998052090
16 0.048987982806748
16 0.036869494159183
16 0.044618993003544
16 0.047232332088824
16 0.075216597440912
16 0.054042950318036
16 0.044791640357706
16 0.047546721931557
16 0.046578665008067
16 0.043336001053606
16 0.061090345266896
16 0.035062027020927
16 0.057571719511394
16 0.060712601715274
16 0.049105445868248
16 0.042916456296073
16 0.053433023580602
16 0.105724202980162
16 0.039040588716692
16 0.064476045788185
16 0.047967920341311
16 0.084082394144227
16 0.050878536082682
16 0.083544396454253
16 0.043505199121607
16 0.089715216026464
16 0.058903452591769
16 0.037012054455144
16 0.069945361978204
22 0.133047593666137
22 0.290426258361994
22 0.131645924717042
22 0.102724034930332
22 0.125031116045622
22 0.340909383403470
22 0.155290033310024
22 0.255226009280079
22 0.244240660123861
22 0.192175761728330
22 0.122916588384276
22 0.146339452179705
22 0.320986829972214
22 0.229392406119482
22 0.223554568271820
22 0.343966617068614
22 0.174845619444057
22 0.165118057245470
22 0.174259966706757
22 0.170634276007750
22 0.171385334033209
22 0.319106270707912
22 0.248756087882183
22 0.224757598013767
22 0.119488346116056
22 0.133684354615845
22 0.206771517672610
22 0.092725208790812
22 0.243589340973824
22 0.155498010846838
22 0.265683816543528
22 0.161780450965333
22 0.168992086601271
22 0.147857781341523
22 0.132642356020856
22 0.209745749741111
22 0.306143229140200
22 0.112231195851583
22 0.143903400956896
22 0.195094444535794
22 0.209303864951301
22 0.207803968527784
22 0.169528183201877
22 0.300872470614221
22 0.155164647732258
22 0.127668864691251
22 0.146892700994035
22 0.267910618070526
22 0.112658214272958
22 0.180031026400354
22 0.195181467156809
22 0.173057153262375
22 0.135134372531169
22 0.173501121720653
22 0.182130622296480
22 0.142914010371587
22 0.160979655216519
22 0.247052125864453
22 0.149683863377736
22 0.111350257765488
22 0.174973669538109
22 0.306860346428536
22 0.106611536352632
22 0.205733344891957
22 0.146601499150553
22 0.197789715533061
22 0.155517546082951
22 0.108155000749020
22 0.225969570110140
22 0.197591429654306
22 0.125736687825754
22 0.225478241806941
22 0.143633663099564
22 0.405173013183579
22 0.134029736558019
22 0.229517963179885
22 0.153318667731841
22 0.138417054512028
22 0.133388153670724
22 0.082619018684142
22 0.125713907384297
22 0.181337339586384
22 0.286984375338592
22 0.169711758785073
22 0.180661036654289
22 0.105075991799807
22 0.212771126112172
22 0.116301658766180
22 0.141355976974191
22 0.181854947817829
22 0.141695493490079
22 0.088451582858652
22 0.214298252792275
22 0.119622893951858
22 0.247635180523860
22 0.290398939705382
22 0.119539087033731
22 0.160973512201273
22 0.204793344742929
22 0.232143041145485
22 0.288928663730162
22 0.155208013601212
22 0.204354895231018
22 0.152399493187685
22 0.187181775485364
22 0.185933931732317
22 0.152263958847729
22 0.129038734152605
22 0.157046632341259
22 0.146794274049396
22 0.293315643739990
22 0.142786642046789
22 0.179692405931750
22 0.199132246897076
22 0.171654453082046
22 0.117085508914549
22 0.127268768320913
22 0.248741370282690
22 0.120973761368881
22 0.111771199361208
22 0.180217953650447
22 0.124803171767597
22 0.133064955070084
22 0.231331203088103
22 0.164352093801887
22 0.123597931000375
22 0.308655880970998
22 0.168544412973622
22 0.253613672932732
22 0.289088269767897
22 0.133424797531970
22 0.157465187145532
22 0.189975193399039
22 0.158854264901537
22 0.181180313325819
22 0.144847116035711
22 0.154908518817752
22 0.340669105644332
22 0.144923154596392
22 0.210402891016107
22 0.301385120177985
22 0.207641036855210
22 0.276683618482144
22 0.156071516225978
22 0.113730600229297
22 0.182695819920140
22 0.171911464513406
22 0.215846388528887
22 0.163250337214133
22 0.364431439661095
22 0.214325324575959
22 0.122918600029184
22 0.198983138499738
22 0.127649374082513
22 0.186807254885306
22 0.212404778634087
22 0.140562766994505
22 0.132628775378903
22 0.156607802504084
22 0.130871281460520
22 0.224221571333595
22 0.204730414977853
22 0.293654982693575
22 0.202836347696031
22 0.186981604107866
22 0.234615373091686
22 0.237823541445122
22 0.275350613463915
22 0.221977073743919
22 0.231565726406708
22 0.150232702397549
22 0.160399509966599
22 0.242889622129911
22 0.187425487140564
22 0.188846758397545
22 0.181633059303255
22 0.159329005044438
22 0.108587474797517
22 0.180963508667905
22 0.187403145106910
22 0.244121415196133
22 0.164690886837694
22 0.117030200791207
22 0.215252242777017
22 0.136912923734009
22 0.171073138605053
22 0.139534834023163
22 0.395226090198839
22 0.148135393554705
22 0.257938258928460
22 0.153883410997469
22 0.140636698599621
22 0.192758791536913
22 0.133882065238144
22 0.172992620233852
22 0.212865062874874
22 0.137604942635742
22 0.202963561097018
22 0.245218079573847
22 0.263744506827982
22 0.219456577661378
22 0.160919845105950
22 0.106567020146227
22 0.243574652043287
22 0.242773192772171
22 0.180883243311478
22 0.214318370356629
22 0.381276790525663
22 0.170812965431906
22 0.199671188573282
22 0.193661216865814
22 0.080468837457672
22 0.415476348641021
22 0.200032981605461
22 0.175857705976597
22 0.280824464593224
22 0.124657401934452
22 0.123998893900124
22 0.174013737825761
22 0.106804479204241
22 0.128102370671789
22 0.129227040560095
22 0.096422636161233
22 0.220452656120215
22 0.214977357653577
22 0.196471905661676
22 0.186392855907399
22 0.214112938006944
22 0.100868355929923
22 0.200095276465456
22 0.204064154884994
22 0.166888075840466
22 0.154565493248841
22 0.398276837487214
22 0.284114148256293
22 0.284870034729982
22 0.119432991984079
22 0.157041753260571
22 0.260305796371129
22 0.162504324340371
22 0.136171087976332
22 0.162379817443496
22 0.280686093104689
22 0.131112698696875
22 0.128252013585474
22 0.136405985553398
22 0.156586323790798
22 0.152999176296121
22 0.228140441859159
22 0.156498895571369
22 0.168631978485879
22 0.189356022579939
22 0.226129458012466
22 0.167883470824126
22 0.219228280848931
22 0.198599447114896
22 0.211224804312932
22 0.141038453624641
22 0.175028257878956
22 0.338040514561007
22 0.192129475998248
22 0.215961482524464
22 0.220621649428764
22 0.078711254006578
22 0.211546206240810
22 0.216552387034635
22 0.247121081563247
22 0.299352476880498
22 0.158396829594081
22 0.184769549941484
22 0.164914083795482
22 0.261525820737338
22 0.225989874879049
22 0.150207235740835
22 0.176340767032012
22 0.204746758331173
22 0.182135508509192
22 0.307493678351305
22 0.160097359987265
22 0.151061853903539
22 0.379819682830271
22 0.210502297629981
22 0.263358816835901
22 0.193920431043095
22 0.085339225874260
22 0.190146128984269
22 0.155105624318109
22 0.237285438278042
22 0.176036226420447
22 0.213007432768219
22 0.311655171732582
22 0.153161743064222
22 0.171061805016057
22 0.132002113292526
22 0.182501858346662
22 0.340169335625921
22 0.149592170622268
22 0.127249085193294
22 0.269487252739993
22 0.177734776821446
22 0.198870269064906
22 0.215975374517730
22 0.196428679521663
22 0.134910730854083
22 0.190947257511868
22 0.106161781732387
22 0.169201830609386
22 0.179075668154657
22 0.099974526004427
22 0.169179974686143
22 0.113958006496601
22 0.193850867353710
22 0.115598429642107
22 0.195739165843603
22 0.186350631996800
22 0.195983290690615
22 0.199609736765242
22 0.263876644567880
22 0.267226638546951
22 0.179311631714352
22 0.206011754532234
22 0.374029573969204
22 0.129768268188120
22 0.224540176523955
22 0.169749345824122
22 0.295025245642659
22 0.191908186869522
22 0.278954446983236
22 0.149209484699651
22 0.173421643929245
22 0.142357433608002
22 0.276130431873107
22 0.209417467407212
22 0.107324000497817
22 0.272021012062521
22 0.169351948787582
22 0.110913415148480
22 0.141748498607825
22 0.204253716481969
22 0.392389727118152
22 0.158136846101765
22 0.277184319550113
22 0.163463698197599
22 0.146611313985684
22 0.277042721234347
22 0.245948203509837
22 0.133018804689859
22 0.099469650363878
22 0.236015171053803
22 0.164392775883123
22 0.125399325921018
22 0.169972287838789
22 0.271302952811501
22 0.145939565679828
22 0.216867847723689
22 0.152172705768736
22 0.179401037077477
22 0.125071281803126
22 0.207065578561038
22 0.244710776760229
22 0.155336375831307
22 0.095563221985866
22 0.148662667810564
22 0.185367614525441
22 0.150513604271726
22 0.217904910269819
22 0.235480124935867
22 0.352768543141576
22 0.156776867798083
22 0.342704302125218
22 0.144542418179982
22 0.183441407080798
22 0.172321909378538
22 0.182188707259470
22 0.167497959400036
22 0.185229789489330
22 0.115077435021989
22 0.179086992343706
22 0.140335271011694
22 0.373179831402083
22 0.136894211497959
22 0.186167064548192
22 0.128395261167793
22 0.261372154485873
22 0.250019848793546
22 0.168566473208557
22 0.269711850957501
22 0.145957730346082
22 0.228439737268542
22 0.163526537945477
22 0.180176359850869
22 0.113400255509648
22 0.264553852966054
22 0.178305912543317
22 0.126865884718924
22 0.239552819171426
22 0.351749308477985
22 0.103061520623356
22 0.141970768590766
22 0.176786022684444
22 0.140780757595812
22 0.113949481777971
22 0.124603810413999
22 0.225247099550129
22 0.146999035032298
22 0.099697475229310
22 0.087935265360232
22 0.196703131051142
22 0.122691010079881
22 0.267662701747991
22 0.264263885017531
22 0.148172330943492
22 0.190549805296647
22 0.243490823814094
22 0.123085944101706
22 0.329677333937954
22 0.248229677057740
22 0.156626881712748
22 0.167495173498423
22 0.117496557381187
22 0.157070661362734
22 0.132617543643834
22 0.208696301152250
22 0.338660655877370
22 0.239884307759085
22 0.144246747304697
22 0.172277483529820
22 0.137732373301696
22 0.146020643042171
22 0.112515934312063
22 0.249335488329613
22 0.197226430134489
22 0.140909149583460
22 0.179695557577409
22 0.166513350221155
22 0.132869108201873
22 0.159926647126341
22 0.113470306401077
22 0.225285964651210
22 0.390228170217780
22 0.107792802836819
22 0.123562198120284
22 0.129110985872326
22 0.153965638443876
22 0.178836264975598
22 0.219586583100687
22 0.140305803126687
22 0.202150881005415
22 0.160615327681711
22 0.189327860255700
22 0.216616414929350
22 0.221843034490658
22 0.089317988175993
22 0.215540981348954
22 0.114723034557888
22 0.252821066294455
22 0.333731511929125
22 0.264710699237952
22 0.261661358234400
22 0.287281973495331
22 0.136654644547255
22 0.182547787049478
22 0.136885782425355
22 0.234738338722326
22 0.164683906827429
22 0.176593422432722
22 0.204533597259204
22 0.239598052360714
22 0.325897103748855
22 0.251246607249870
22 0.179375361652176
22 0.180315138345724
22 0.193176707770696
22 0.123233566649351
22 0.176997079784529
22 0.137410763237566
22 0.095335999936632
22 0.217778488268281
22 0.267358612521748
22 0.229492701708123
22 0.157302059333013
22 0.275714394938309
22 0.134239120022821
22 0.243600037744855
22 0.147856267582155
22 0.189397011158849
22 0.217825469274642
22 0.193767825255473
22 0.169317097094262
22 0.134833330525133
22 0.210985704987801
22 0.300290793222541
22 0.232402721323301
22 0.091591120242241
22 0.282758098451662
22 0.166263245641415
22 0.191075692894731
22 0.150844105769803
22 0.107977914290190
22 0.174396966580899
28 0.836784019523682
28 0.341916751421167
28 0.323420588518576
28 0.472047635855391
28 0.412875853023476
28 0.416787039469652
28 0.363503613608420
28 0.254426783797415
28 0.374625522520052
28 0.470782373429799
28 0.289386562439113
28 0.478138687919041
28 0.640650146532164
28 0.248359988711927
28 0.362394647008961
28 0.535027519388502
28 0.528809630393093
28 0.324076475550464
28 0.528402775722968
28 0.377003055329340
28 0.344523255976066
28 0.337803338478715
28 0.694065742429840
28 0.554351908066141
28 0.444713539632588
28 0.578467621717524
28 0.388891931857540
28 0.232506837327073
28 0.515642918001491
28 0.375834532092898
28 0.665263799874054
28 0.567282973560590
28 0.444087404759553
28 0.444337619711644
28 0.352825998239532
28 0.469785313032416
28 0.505765253744705
28 0.450597664126879
28 0.214079179723739
28 0.349369778193531
28 0.292536088693772
28 0.432795392688337
28 0.292016292676291
28 0.191734847862691
28 0.356073600318209
28 0.611612223504120
28 0.411399971444090
28 0.423670210499440
28 0.408963955665765
28 0.213234909005549
28 0.696520045328810
28 0.414948272696299
28 0.389890652809077
28 0.588749729697163
28 0.567162500916043
28 0.495145437338392
28 0.388401632383069
28 0.246398341466160
28 0.407889854217034
28 0.201886504992058
28 0.348439512632764
28 0.482721811645104
28 0.370440291136036
28 0.573221391827308
28 0.468060859713291
28 0.284678987579897
28 0.263098768071609
28 0.327048873714306
28 0.269044620239550
28 0.487036516315167
28 0.469277783092234
28 0.532447612101750
28 0.351251395097270
28 0.533788896751378
28 0.513386059415637
28 0.644116497569984
28 0.363859881603599
28 0.283110378540728
28 0.241534876919068
28 0.299081037686625
28 0.719918259685730
28 0.380075113453346
28 0.372061158850967
28 0.494245808233472
28 0.347924590969978
28 0.376285411300498
28 0.288376455258537
28 0.382763464233113
28 0.315711015277804
28 0.331285701649860
28 0.458414390373688
28 0.261861811470278
28 0.455653949236371
28 0.597473177350970
28 0.325429980906303
28 0.483510875267815
28 0.363218584255643
28 0.361463691093545
28 0.378552297765815
28 0.565503942451359
28 0.505289784370179
28 0.397119842098170
28 0.476154336853366
28 0.373073758524141
28 0.275783886716448
28 0.531189669893132
28 0.482506769600398
28 0.878989904631170
28 0.395494354640403
28 0.665948012805148
28 0.455348339382478
28 0.777911417911720
28 0.467708407711336
28 0.328651219036603
28 0.460101991775823
28 0.556190361535554
28 0.290558282407050
28 0.482752146145719
28 0.434902787081007
28 0.640853288525598
28 0.325870827611403
28 0.286376375066813
28 0.259249919950561
28 0.317082780091404
28 0.482582985262881
28 0.420583439864941
28 0.488852988332281
28 0.282046191008212
28 0.408332294361849
28 0.626690958013894
28 0.353536375941274
28 0.571008171534176
28 0.578457620531425
28 0.198003896369165
28 0.522955043495096
28 0.465131806285997
28 0.430973502202715
28 0.574754479995503
28 0.412504998945047
28 0.364499889218498
28 0.308437324840358
28 0.256280324974353
28 0.323806740298392
28 0.449696658274515
28 0.462285295593344
28 0.294958161279983
28 0.382839634314311
28 0.408744738497197
28 0.331266998426779
28 0.408391900565521
28 0.273131222091570
28 0.328401178618790
28 0.344751427529586
28 0.367785975160606
28 0.683153031008580
28 0.419194594189852
28 0.353508992883805
28 0.717020797826627
28 0.488995754039604
28 0.809850795632920
28 0.491327911542806
28 0.435760922293077
28 0.443317910570496
28 0.238027578010578
28 0.606599710068963
28 0.331544794386310
28 0.362093045333580
28 0.707321919486347
28 0.397641449752945
28 0.369382963261413
28 0.420087729800859
28 0.269133594939459
28 0.283515935175464
28 0.468280677740511
28 0.464981061015705
28 0.367705978490255
28 0.492667091321352
28 0.523981544860820
28 0.282895666780407
28 0.598182563124619
28 0.418122818215497
28 0.484107447639458
28 1.125149486829987
28 0.533614470213518
28 0.325784735903698
28 0.385324452242693
28 0.382305534279141
28 0.196881423032145
28 0.391519961739493
28 0.588483180070135
28 0.395135237683242
28 0.835927775387716
28 0.236469547355352
28 0.620868299797098
28 0.489916714324072
28 0.464394658477826
28 0.272822728539164
28 0.448002620096204
28 0.426395379695663
28 0.566753254528647
28 0.416702679202010
28 0.405342033720487
28 0.504525040844200
28 0.286303456698369
28 0.439117274709345
28 0.750694588394664
28 0.687036740462277
28 0.415139783815046
28 0.501759271397479
28 0.564887609950079
28 0.554471900272432
28 0.497720553581298
28 0.317585556181573
28 0.346417705092570
28 0.432499276894102
28 0.312530917249518
28 0.332555740557350
28 0.613803177526875
28 0.333567753000924
28 0.451753491236228
28 0.403722524958264
28 0.351140564409688
28 0.458162552074734
28 0.416716972828823
28 0.352733104512986
28 0.469565576967835
28 0.460766915921746
28 0.604337432656258
28 0.412075865918634
28 0.534559079710527
28 0.313454256170495
28 0.680503187002658
28 0.479637044265907
28 0.247941402900737
28 0.456080578090626
28 0.515758883286726
28 0.543333186764895
28 0.594657767637265
28 0.507847192849233
28 0.532859442850381
28 0.656042560977966
28 0.281217856328939
28 0.669409954339167
28 0.497960605483206
28 0.425389318386983
28 0.366651670353016
28 0.322115898645787
28 0.566617783185356
28 0.443604556714321
28 0.438533252124981
28 0.290372424315656
28 0.248543811058126
28 0.512253921867996
28 0.526650410603027
28 0.528777961374291
28 0.341779963781961
28 0.218195912880081
28 0.670868781636824
28 0.465475180415986
28 0.496683893148603
28 0.416986923364749
28 0.181774276658873
28 0.765585524696435
28 0.424125187185846
28 0.511890886443820
28 0.544039242422841
28 0.484581653016004
28 0.531584607344942
28 0.378627845209861
28 0.343391004670474
28 0.308903210337887
28 0.432356119624878
28 0.507223043361377
28 0.368989570476441
28 0.495507323033817
28 0.394166108965185
28 0.629769038478830
28 0.416834734745604
28 0.578023717744583
28 0.631408958123991
28 0.413718285140325
28 0.552997014599597
28 0.317601480451887
28 0.891928520099941
28 0.503665888510324
28 0.363460434929361
28 0.217807946747473
28 0.253476741913421
28 0.295316928452356
28 0.398115076032182
28 0.548945322326488
28 0.367399732341270
28 0.312037330840388
28 0.353546823895842
28 0.176554115282773
28 0.310828129773861
28 0.692060353592850
28 0.369669213382873
28 0.470372798397211
28 0.560198976162245
28 0.609623533823787
28 0.625100804449704
28 0.617507920136631
28 0.379527622901077
28 0.274395651934790
28 0.349089723342776
28 0.479231676390597
28 0.267924421709465
28 0.543117157765975
28 0.384621253905941
28 0.344802299881985
28 0.493805554468835
28 0.488843866505097
28 0.400079120515071
28 0.387612739026309
28 0.829534282698031
28 0.412785882441513
28 0.409005577179989
28 0.526640220936622
28 0.366397589108334
28 0.402710899101619
28 0.401780292801397
28 0.463218648972287
28 0.259661038786122
28 0.283135026934620
28 0.331750663137821
28 0.412892967840362
28 0.299241583711789
28 0.504748656223610
28 0.768748816457220
28 0.547439790335488
28 0.253712381387541
28 0.516814808019218
28 0.354495744872747
28 0.631836464239534
28 0.374305669741823
28 0.435112371410923
28 0.517470369147188
28 0.261298948555378
28 0.355171049242117
28 0.535314405667288
28 0.344507462732943
28 0.423959346937046
28 0.273884955816719
28 0.528892290814521
28 0.331373288318616
28 0.256652449209466
28 0.388305845421129
28 0.296826432089732
28 0.174132793591151
28 0.463689519648375
28 0.583622217350129
28 0.176485350901902
28 0.496328450554319
28 0.490883918597505
28 0.341823728040016
28 0.599790054019955
28 0.442277096244680
28 0.384550146109559
28 0.477750061377034
28 0.573553389793674
28 0.391288514093146
28 0.675926974210856
28 0.266973843982225
28 0.438277671066181
28 0.486541692398461
28 0.311989049094772
28 0.661947658374028
28 0.908674838326839
28 0.410436868420635
28 0.649282072655977
28 0.319661592882778
28 0.654604689749713
28 0.245153851319350
28 0.609529500120611
28 0.928787831940242
28 0.670518962802018
28 0.367268872066251
28 0.393890270641680
28 0.453953919664859
28 0.520201266164642
28 0.336231105302313
28 0.267370104554481
28 0.323968525474180
28 0.539690031167828
28 0.627224819671528
28 0.235440701644652
28 0.581980088921255
28 0.639872902252397
28 0.620800055974354
28 0.390538764946478
28 0.395754442313783
28 0.529422450130556
28 0.449852316929885
28 0.257326349510207
28 0.313055758132857
28 0.306472676312725
28 0.647267105598907
28 0.354059541834911
28 0.596028217031930
28 0.322194096689117
28 0.775969125299707
28 0.389889807808542
28 0.302310936896753
28 0.273977173198916
28 0.528346766257809
28 0.257143313372863
28 0.277673559885626
28 0.232842402216883
28 0.332932667965254
28 0.376277249304391
28 0.687829142161455
28 0.434246991864296
28 0.406874635196607
28 0.343904743537783
28 0.461288203696146
28 0.451976813748580
28 0.346116776372253
28 0.521857529740741
28 0.508056801757878
28 0.367943765071252
28 0.452142728397811
28 0.423452846963130
28 0.261571364287271
28 0.569366854269410
28 0.501335057120020
28 0.349760284087879
28 0.705727324382175
28 0.656982144964061
28 0.621256130806071
28 0.664699035525079
28 0.579463517669242
28 0.531044806696790
28 0.458541336266650
28 0.623579151327839
28 0.369329145762377
28 0.511648531218225
28 0.304097004372363
28 0.409465216830117
28 0.534456590755518
28 0.369064795929956
28 0.313492712824035
28 0.265255209854958
28 0.472372092247991
28 0.291824647057878
28 0.301358512953455
28 0.332823544616908
28 0.255153592208782
28 0.380438759104719
28 0.349009175622485
28 0.352319359853326
28 0.335368935658211
28 0.382247449739554
28 0.274750956119874
28 0.452673401037276
28 0.663986897247727
28 0.577984001903419
28 0.438661167426254
28 0.339608056250349
28 0.196527018723484
28 0.396346951296953
28 0.341016695944234
28 0.297270667214879
28 0.609414240860980
28 0.360445545972737
28 0.538556227433371
28 0.683719223074851
28 0.252264197628893
28 0.445763357723380
28 0.237933963957219
28 0.764390940058815
28 0.251904419835462
28 0.331344625417337
28 0.635720410545080
28 0.515600663099367
28 0.368206849743882
28 0.368162420697455
28 0.712714439468021
28 0.323465857747183
28 0.355728550261884
28 0.476443219251057
28 0.572175802238870
28 0.593261111905464
28 0.631664885750607
28 0.471564971737514
28 0.582804860394635
28 0.361118047438899
28 0.854430389881982
28 0.316730691772210
28 0.552545544006090
28 0.381840831071777
28 0.346295044322741
28 0.352721681969087
28 0.614119687539707
28 0.425403676635788
28 0.856192813122246
28 0.572968481063678
28 0.302133594089042
28 0.426602660655138
28 0.303371550020529
34 0.813982646939137
34 0.592474793786942
34 0.881519826577017
34 0.528227043784590
34 1.367268273100264
34 0.490100860417787
34 0.769271861567109
34 0.577184122512906
34 1.016594124524466
34 0.748160138429643
34 0.768571658874656
34 0.730846963248740
34 0.703047592719009
34 0.728814585351046
34 0.663304263989384
34 0.530988661222332
34 0.707741844676339
34 0.635161211307783
34 1.570359202852284
34 0.745727149342124
34 0.724257731904697
34 0.924205616395740
34 0.689578600151524
34 0.589215165447431
34 0.632145328265224
34 1.263448131958731
34 1.103841868639892
34 0.804087899364682
34 1.408900629082340
34 0.982765974092692
34 0.378896162095234
34 1.053882435197268
34 0.814288121487423
34 0.569968761279639
34 1.473960185872366
34 0.704745236252815
34 1.119204353684527
34 1.232932856019270
34 0.355790458826116
34 0.796844398527918
34 1.131738804829087
34 0.919664693138816
34 0.831974684872275
34 0.776837314781853
34 1.340298934626502
34 0.977038638702061
34 1.261301353589009
34 0.843057565983750
34 0.396837044325192
34 0.610112576012199
34 0.681443816528708
34 0.819588038533061
34 0.470427007816062
34 0.456670923157469
34 0.533666543167383
34 1.840935179127688
34 0.427167085426012
34 0.716802859111389
34 1.538513293001333
34 0.811528974043477
34 0.935249033354749
34 0.717798991702346
34 1.063666281613789
34 0.689304510518689
34 0.784362059218989
34 0.552364747346136
34 0.686937701689779
34 0.866550543273773
34 0.531041028101594
34 0.498882767009292
34 0.646350790935370
34 1.207326638518235
34 0.772994260120955
34 1.029941991479700
34 1.088513443021490
34 0.720456399709961
34 0.794435045424836
34 0.903476334873634
34 1.104751754267329
34 1.329047580908264
34 0.909170074671972
34 0.562725782249250
34 0.556810447074493
34 0.676986687880161
34 0.575795155766192
34 1.037754179249463
34 1.080259366364825
34 0.679096451204323
34 1.080561067731328
34 0.709939970119307
34 0.556010084584461
34 0.865286648101441
34 0.745680274387027
34 0.703665303398716
34 0.639918097558182
34 0.511956628266490
34 1.028617653267840
34 0.857136727015490
34 0.904061313156469
34 0.661597537809400
34 0.978694217082414
34 0.582794593681633
34 0.955386080533076
34 1.114542636282215
34 0.870425596263747
34 0.547341242909923
34 1.104115833250955
34 0.659733226548268
34 0.632739712365527
34 1.380799478497690
34 0.959413336116826
34 0.660885252320279
34 0.794350144091048
34 1.407922961688376
34 1.094708571241524
34 0.760270898497182
34 1.113067990417143
34 1.095886409217106
34 0.982720901788983
34 0.825994990040831
34 0.500174263137456
34 0.972838989429903
34 1.455517920168410
34 0.755509841071090
34 0.894638360963587
34 0.720370822358936
34 0.618925785286463
34 0.499033786501094
34 0.944196097280521
34 1.171632157965074
34 0.769454386616819
34 1.020921722717062
34 0.900806618071159
34 0.678174942489856
34 0.607529322051759
34 1.212659894565375
34 0.941013568049768
34 1.194876131390497
34 0.760076094788986
34 0.514125729929897
34 0.795426825094428
34 0.778625589874629
34 0.621422270917761
34 0.338169193433286
34 1.295479741498397
34 0.841632917255490
34 1.010876696624313
34 0.956163137155839
34 1.613101938953839
34 0.916100693466116
34 0.777637756403369
34 0.737539171929288
34 0.569005779325590
34 0.641956097787714
34 1.175130857181311
34 0.988749860132398
34 0.731105802157155
34 1.250894957105128
34 0.522500619703672
34 1.233385462871436
34 0.853296475172023
34 0.696045324077996
34 0.428577822586725
34 1.010822258718315
34 1.542287634117674
34 1.255864890302190
34 0.616337922995100
34 0.639167583805077
34 0.881040361024062
34 1.648504508835947
34 0.396166244582376
34 0.895723224929304
34 0.934000936284406
34 1.108517137376561
34 0.476132070326997
34 0.625523886876453
34 0.896864899873432
34 0.727962120080524
34 0.502009589806949
34 0.883165043364075
34 0.614839807695494
34 0.762005695486156
34 1.411557329603820
34 0.686336462470624
34 1.027686502636731
34 0.577217949951263
34 0.853110808715495
34 0.762989681694443
34 0.391911292652805
34 0.589445589140078
34 0.934558926998006
34 0.617406862133701
34 0.628566736279668
34 0.674834707729939
34 0.632892131058201
34 0.789342794121254
34 0.884671698705675
34 0.953653109987196
34 0.609058698557749
34 0.663442585147094
34 1.024774485627753
34 0.713029808631402
34 1.327349539281163
34 0.613640672792356
34 1.092762896853249
34 1.021072932715053
34 0.712135398551286
34 0.902896487340618
34 1.033035270450495
34 0.434849246417439
34 0.691541479148165
34 1.212571544437250
34 0.599578111069138
34 0.809983777911846
34 0.603307512113689
34 1.172539655472301
34 1.133069304514128
34 0.901867507298107
34 1.084265596363532
34 0.839809868514224
34 0.433429453856690
34 1.036901440174437
34 0.683226942202523
34 0.946537206932418
34 0.956249237922497
34 0.505236662443534
34 0.705884098020625
34 1.194782959509732
34 1.165862151592332
34 0.628785690842311
34 0.872891624352583
34 1.029389597238276
34 0.663660843286583
34 0.682806603819833
34 0.528917886433365
34 0.780528479642899
34 1.209280313478108
34 1.382154266008515
34 0.644620826937477
34 0.457896342543980
34 0.789394221675670
34 1.271919582390999
34 0.936920000233237
34 0.718096898571622
34 0.865755657602644
34 0.499095584940635
34 0.845398166397919
34 0.483627861636281
34 0.613186953578738
34 0.816230325020817
34 1.364501556677778
34 1.677504612995894
34 0.924691975680267
34 0.718041519538970
34 1.490984500365351
34 0.963076077509673
34 0.634834534035098
34 0.835527050424219
34 0.746260707987399
34 1.219965231209767
34 0.515742448089504
34 0.423252515621852
34 0.647882307619183
34 0.717800805475776
34 1.428832017449830
34 0.578729468878464
34 0.550589023066491
34 0.875373584886014
34 0.417379303831713
34 0.699500202206791
34 0.563766615409209
34 0.618507914867709
34 0.605811678195897
34 1.495349316807571
34 1.087086455026875
34 0.821826536792871
34 0.695871208782710
34 1.015515940113806
34 1.111318071641078
34 0.568940341085987
34 0.678282002179573
34 0.800022744389778
34 0.723542962423311
34 0.916616310724534
34 1.277011569198489
34 0.462483069874786
34 0.600587970378164
34 0.514167481604797
34 0.751000349891656
34 1.148424997585465
34 0.954798651154193
34 0.384830242767435
34 0.432146275669029
34 0.780296319626691
34 0.701465862485565
34 0.541698608449623
34 0.568156601722047
34 0.947443614565587
34 0.901380456796999
34 0.854778072722274
34 0.934626557849137
34 0.558306571960855
34 0.792356081570690
34 1.104723961173146
34 0.520076272922140
34 0.539740436729584
34 0.648727087389170
34 0.763750615782439
34 0.534886106437874
34 1.239268519286132
34 0.853800776243169
34 0.822752574658593
34 0.903843503621882
34 0.711531911716566
34 0.658037138108660
34 0.416075713533751
34 0.691883769467107
34 0.515845004171375
34 0.666152714249610
34 0.749098279800643
34 0.840546560171556
34 0.708325350470774
34 0.480920044096927
34 1.605969115011765
34 0.943134927284521
34 0.978841187452663
34 0.907492384868235
34 0.826670646019576
34 0.748659418490841
34 0.773456348852413
34 1.222589362920370
34 1.184678061033996
34 1.486731551383558
34 0.817274604452362
34 1.573356776136422
34 1.442664826081423
34 0.899421041489243
34 0.972832704297824
34 0.576363614660946
34 0.736800633228428
34 0.937191775610216
34 0.648867810376053
34 0.708824641680456
34 0.964658170812095
34 0.770417678770054
34 0.999099493159656
34 0.832607142161907
34 0.774143752808813
34 1.551429315227454
34 1.753704705110382
34 0.724889281295354
34 0.897957192139510
34 1.277634490528434
34 0.738680183365673
34 0.553274095909011
34 0.663736100807283
34 0.977349474950709
34 0.640170222518299
34 0.844785212485244
34 0.687049605107146
34 0.530681594554286
34 0.643393217302529
34 1.261700047854005
34 0.791498710002893
34 1.212794880815593
34 0.873293516687506
34 0.863110685640697
34 1.151766146246215
34 0.384491661875631
34 0.726137111764390
34 0.651240334277803
34 0.540319008577217
34 0.428493685775523
34 1.551676620205554
34 1.335884937692883
34 0.984940385682482
34 1.263603189541694
34 1.189227508252182
34 0.743232341262841
34 0.472138057515781
34 1.566768545887618
34 0.951231947054931
34 0.553035738335470
34 1.082037174814151
34 0.703569566152551
34 1.243273492388724
34 1.382048773425229
34 0.717464950654225
34 1.163829986001470
34 1.059433419631503
34 0.755738293657744
34 0.747767644506126
34 0.787695321961136
34 0.603134589674356
34 1.015347759352435
34 0.788775417759697
34 0.646845456030486
34 0.797401647545563
34 1.356025071313982
34 0.622070914744866
34 0.679716421955553
34 0.705301964329984
34 1.309248687441703
34 1.359324004299308
34 0.457443678992072
34 0.724679053494140
34 0.526199262094506
34 0.544973750322089
34 0.568800743185385
34 0.961151825330014
34 0.913494144506023
34 0.514093361728174
34 1.361422776106542
34 0.796173582546071
34 0.908739555062716
34 0.755561151420017
34 1.120717277649475
34 1.077268943059436
34 0.554777712155557
34 0.650111580421785
34 0.652674494302243
34 0.376513796837769
34 0.850019295974270
34 0.588712387788672
34 0.683927427430062
34 0.469491268938171
34 0.474133909320069
34 0.783998525289257
34 0.639733566863928
34 0.946467357067465
34 1.441107354767790
34 1.038210416659861
34 0.594584105925616
34 0.944976376355471
34 0.649418746784794
34 1.211943392739081
34 1.825727262774704
34 0.953127691952730
34 0.762326343399220
34 1.110495889140877
34 1.129723811264518
34 1.783276912973165
34 1.481023222395101
34 0.991926708893811
34 0.897294435678621
34 2.316757640949826
34 0.627821688762551
34 0.491997034190463
34 0.623281668410663
34 0.732884001929213
34 0.772154246594699
34 0.747679193465999
34 0.617576970396599
34 0.788017804731488
34 1.079337395114252
34 0.491107203924802
34 0.752342133848909
34 0.422289990186771
34 0.634997505017389
34 1.071065652057126
34 0.709749073491234
34 0.874250214871429
34 1.168032567561742
34 0.597564802577557
34 0.617956552398981
34 0.825332619792553
34 1.108427217726424
34 0.729279722341912
34 0.758402584535689
34 0.742720766956397
34 0.931303856435419
34 0.688802860746739
34 1.098145736455744
34 1.135123735467626
34 1.093808033785919
34 0.555277354393566
34 0.424806075593927
34 0.855773871179061
34 0.938479219973191
34 0.669264193205505
34 0.735622643058543
34 0.750942089568935
34 0.839938213191863
34 0.879182664305294
34 0.452656613362023
34 0.964650508136322
34 0.605617113094799
34 0.563636451453456
34 0.368552778473512
34 0.791908912571774
34 0.893332593570372
34 1.156512313998055
34 0.749911934931081
34 0.746469133506805
34 1.015261688561470
34 0.883229287036896
34 0.319626335029401
34 0.905692441335796
34 0.758623083327517
34 0.582243133151600
40 1.540069967196608
40 1.111365572509612
40 0.777041113495661
40 1.107252070105085
40 2.153215282628469
40 0.989199915912945
40 1.685400075715386
40 1.095975689149842
40 1.251789245629347
40 1.703822577520127
40 1.087097356652533
40 2.347107623999170
40 1.574346326501685
40 1.328451663631995
40 1.435242447041531
40 0.813257410899189
40 1.231575145314673
40 1.573343436923748
40 1.320462924112217
40 2.426693507624453
40 1.042895811149346
40 1.210236919760159
40 1.640558795771353
40 2.345547488581825
40 1.057877410375886
40 0.811954451542418
40 2.163813521786599
40 1.360901794097488
40 1.172973813605547
40 1.235176873516146
40 1.825906820212435
40 0.919085934595846
40 1.325583132883958
40 1.259255406130110
40 1.602215033833566
40 1.495368879395373
40 1.460252340225582
40 2.067675488549279
40 1.169083346858107
40 1.069392476498164
40 2.623231716932596
40 1.202785260905893
40 1.455635857797636
40 0.921304637204370
40 1.273119209760140
40 2.020751951965121
40 2.090297376839588
40 0.905442563646814
40 1.133125837171239
40 1.006214600230635
40 1.201511315314219
40 1.403160642444109
40 1.893619959504045
40 2.091849975488952
40 1.799863572414436
40 2.857002820841974
40 1.260707389216362
40 3.137994285804107
40 1.585387333463041
40 1.563339600334237
40 2.167394910001404
40 1.800835883333031
40 1.152258380890089
40 1.373939221518510
40 1.564002729713987
40 0.674782512210307
40 0.957607252532966
40 0.782389064755368
40 1.418318613880151
40 0.929698677739109
40 1.111473563469382
40 1.880442179576438
40 1.609922691292921
40 1.097357174192934
40 0.655269188027736
40 1.450455200125456
40 2.346516175206212
40 2.909503733941145
40 1.138199572526575
40 1.423092880071875
40 1.106989851460895
40 1.661678991496980
40 1.400994292564434
40 1.445697112705821
40 1.694041451104038
40 1.101017353342147
40 0.996855120970663
40 0.753534756446259
40 1.152575980697227
40 1.498627232726841
40 1.102450573450122
40 1.988160895614512
40 1.395896071746295
40 1.197842993057366
40 1.309471958125089
40 1.027753659438339
40 2.596482020386941
40 2.228562261750266
40 1.136395980679291
40 2.869249544227118
40 1.161319561968794
40 0.805101845274004
40 1.297784257924087
40 1.495474061853879
40 1.789205753721847
40 2.783039528108176
40 1.536862507856027
40 0.618871568348622
40 1.218900509554305
40 1.574954654238764
40 0.602026358673301
40 1.004319303607923
40 1.759362813753988
40 1.189698380087728
40 1.336921643535003
40 2.820812258147729
40 0.723715813942954
40 1.965825846508523
40 1.707624988730322
40 1.475627190109995
40 1.685314791824323
40 2.602734061392232
40 1.927635248780454
40 1.876129283639212
40 2.110735446968430
40 1.563615960183376
40 1.086158001821518
40 1.101745568088804
40 1.803105107596110
40 1.593481025000719
40 1.049095942831033
40 1.661233095715275
40 0.839168930651413
40 1.858041225047890
40 0.846068256543120
40 1.668579319484675
40 0.835502692052813
40 1.064415414983529
40 1.871454962313485
40 1.077961165170434
40 1.377291646514069
40 2.730944052599920
40 1.607330898679308
40 0.776778830017694
40 1.335988954947270
40 1.095793245399532
40 1.236034863282088
40 1.193499628389754
40 1.917834510741633
40 1.235939473253053
40 1.046331482162763
40 1.245110441313543
40 0.880916055837107
40 1.098967143536068
40 1.273410275469919
40 1.380191767306510
40 0.976441812901918
40 1.692539218346569
40 1.006484380739554
40 1.273846942907488
40 2.063536954976276
40 1.596577682309928
40 1.265108382805249
40 1.561734502384430
40 1.376906806902436
40 1.054713803061411
40 0.586824867233796
40 1.174216520714976
40 1.267938991496946
40 1.470835833091682
40 1.473075354049380
40 1.368709949270375
40 1.714578045722513
40 2.129094879119883
40 2.101522836351174
40 1.254280841953893
40 1.253349377222182
40 1.417641098737741
40 2.397673359990756
40 1.614369452481714
40 1.466629384352881
40 1.629526361222603
40 0.962707981026090
40 0.776483029621700
40 0.888789689324924
40 2.854675792201948
40 0.944087907541025
40 0.862471661128282
40 2.335444919031034
40 1.422963713248508
40 0.856890855683766
40 1.765111748146264
40 1.904082675509438
40 1.090157469374279
40 1.973572762979833
40 2.239323286970347
40 1.509800315894092
40 1.289410108119020
40 1.783023576596983
40 1.551089256889126
40 1.343660415295655
40 0.990913552703331
40 1.658066288242274
40 1.371765688920236
40 1.176866399842149
40 1.228228152845624
40 1.779220277778325
40 1.009897034700412
40 1.684069335012953
40 0.876285725651958
40 1.683808629082118
40 1.838671679362495
40 1.868813916241143
40 1.733885082773607
40 1.750487833639467
40 1.121519526058815
40 1.969814626193418
40 1.364071711567204
40 1.474108239753242
40 2.213393186879301
40 1.797036521833109
40 0.878323866125424
40 1.786037854974779
40 1.055224493241623
40 1.473801924063030
40 1.684822629942439
40 1.579110924766422
40 1.220114200610258
40 1.853486339048673
40 1.715377396374778
40 2.011794478015087
40 1.506938225015631
40 1.900228103069593
40 1.465680959831372
40 1.023464291196458
40 2.263921162728167
40 2.072913359869949
40 1.572783007294856
40 1.250467557529143
40 1.264807273396116
40 2.619994494369678
40 1.436402022327115
40 0.998826431700174
40 1.336209936359889
40 1.905901218391691
40 1.291630074514385
40 2.077931554084932
40 1.084380591598803
40 1.288709593404682
40 1.081221469857931
40 1.805339440435871
40 1.864723138593870
40 1.434433773737153
40 0.826587259557719
40 0.888266942836676
40 0.829442187047647
40 1.681746072171871
40 1.922221211584016
40 1.953368103449028
40 1.209770673673716
40 1.159324345900179
40 1.589161990569670
40 1.750817170667709
40 1.065540744054690
40 0.751766505708945
40 1.361923395249839
40 1.092815592229803
40 1.882127624682653
40 1.966844509674106
40 1.500429534498899
40 1.481903616860018
40 2.368278513905148
40 2.048191851543633
40 1.576161439545160
40 1.996409008275291
40 0.758332707279582
40 1.021498732365625
40 1.816897512133421
40 1.327365308008924
40 1.391465928188766
40 1.344089321166816
40 0.995198349890362
40 1.764616292213104
40 1.659646419993798
40 1.262936724445443
40 1.229307976322593
40 1.931628971235815
40 1.353998991227082
40 1.074535708560731
40 1.847254696398302
40 2.327116942246155
40 1.642325057592056
40 1.217928682129829
40 1.304614835250714
40 1.231736228918233
40 1.016787722810443
40 1.122455048320923
40 0.848701881518792
40 1.344258562458243
40 1.142461910039394
40 1.541296270484017
40 1.751273405012421
40 1.026703804847646
40 1.773619125538081
40 1.667877784104522
40 1.052988332991497
40 1.482885196717740
40 1.279256472908846
40 0.979329217616460
40 2.028036508567896
40 1.324579906435369
40 1.222810721328322
40 2.547382637574827
40 1.348378849589862
40 1.412572871537057
40 0.966110610893789
40 1.988012546027653
40 1.487723990331844
40 0.929332863342589
40 0.757851588628527
40 1.672198954410441
40 0.952001325079632
40 0.498600621835099
40 2.376699123384700
40 1.280363885030583
40 1.015087260189471
40 2.010003825263289
40 1.184018353251643
40 1.425277630972483
40 1.107853118353686
40 1.252239387748005
40 2.082411963372801
40 1.108612349020822
40 1.713101072319397
40 0.821430251526449
40 1.489758861735067
40 0.981588268171919
40 1.633787783756997
40 1.721398698364771
40 1.536028083269408
40 1.200121742412502
40 1.001493742558413
40 1.624953769263907
40 1.474423458916762
40 1.134716770301979
40 1.547662301827383
40 1.498364565869195
40 0.719193414800818
40 1.728205590462936
40 1.447970330963318
40 1.155189228105961
40 2.009505749090623
40 1.422347869968536
40 1.154381020539013
40 1.811386565618688
40 1.762542957668629
40 1.953948536748351
40 1.835560379493536
40 2.028416313115413
40 1.179026967409200
40 1.096906268962519
40 2.016651150728142
40 1.958867435342697
40 0.921783342456152
40 1.104665490980684
40 2.075824316505637
40 1.458357589614700
40 1.324416462607658
40 0.947042405944895
40 1.928731545548475
40 1.061037385257830
40 1.122121568401433
40 0.849834084965025
40 1.497110088467448
40 1.083619007351537
40 1.442548546232898
40 1.130256216469793
40 1.915489793777509
40 0.854515807703207
40 1.710763186525561
40 1.201817966160663
40 1.749470155730229
40 1.208593732240919
40 1.380701999598116
40 0.790806914351537
40 1.379821398229394
40 1.381044771491590
40 0.935236871547115
40 1.042097163581198
40 1.173499792503359
40 2.044606808017221
40 1.632964829202885
40 0.868161047468738
40 1.500115331263701
40 0.995875464385694
40 1.665665431570742
40 1.463439205241507
40 1.709747871570994
40 1.002726942678102
40 0.852957431502825
40 2.092885542294422
40 1.935148357984104
40 0.948946956688634
40 1.884326887634437
40 1.228802935578925
40 1.620085548623665
40 1.730897249068040
40 1.215805519387100
40 1.206586778698959
40 1.656889104405362
40 0.990930555019098
40 2.014722718197440
40 1.212426173131428
40 1.706450589995367
40 1.290713087757766
40 1.592572105003363
40 1.009514035137107
40 0.682566708469521
40 2.763706946268004
40 1.635463649727324
40 1.619060589667111
40 1.131487848733496
40 0.740451471779288
40 1.974924280907808
40 0.875254592719916
40 1.535258046876537
40 0.842874883531736
40 1.031040401430207
40 1.031637237640612
40 1.288334956777629
40 1.122888271318327
40 0.784328815832527
40 1.374820671566455
40 1.189495254979033
40 1.223345090830296
40 1.330938262667644
40 1.236156104364504
40 1.963677935438147
40 0.840328307809523
40 1.815157408129799
40 1.071311019833029
40 1.486445903711795
40 1.354171752362736
40 1.791558713439121
40 1.465017410263494
40 0.967954344700575
40 1.205740041790287
40 1.235697871782319
40 1.954519572722507
40 2.201097898784768
40 1.665860142283190
40 1.984266750500373
40 0.880450536393035
40 1.600058495859594
40 1.365180059627221
40 0.922908243891877
40 2.368629746817911
40 1.225076090883753
40 2.052367029465724
40 1.528977758544007
40 1.288509744015665
40 1.147724676755880
40 1.670219213156177
40 1.074098442267809
40 2.021614930063842
40 1.231316445043690
40 1.081680688243829
40 1.493914503791652
40 1.199751839047021
40 1.844658953886277
40 0.830175467949631
40 1.836268721351177
40 2.874769846528984
40 1.827457544623600
40 1.393151421754137
40 1.139622340580573
40 1.631555840344557
40 1.176973455251046
40 1.517864783343317
40 1.052684459463340
40 0.799177927359519
40 1.471035364658235
40 1.637994429336294
40 1.088710200705632
40 0.899870065032216
40 1.449305912128899
40 2.397725859998522
40 2.404286224863128
40 1.608706778921084
40 1.340804474332668
40 1.591438354977258
40 1.725247173059346
40 1.321548514893989
40 1.839318025552393
40 3.132489129142188
40 1.122970842272778
40 0.696176456814516
40 1.979928727103036
40 1.477509723626270
40 1.529283977023714
46 1.508484797755903
46 1.833611690587279
46 3.413426183588961
46 2.102374718236019
46 1.632045900506929
46 3.199419407989045
46 1.543685839109947
46 3.200736649037861
46 1.824275477430525
46 3.018601255700323
46 1.344035078533588
46 1.984316209055957
46 1.836132208326958
46 1.678010588488929
46 2.798391089276941
46 2.563756465364743
46 2.718436766113816
46 1.317213081151122
46 1.655180414879123
46 4.037855024455367
46 2.808537452828251
46 1.705041349839084
46 2.492011898796612
46 1.014141918546235
46 1.152550667986925
46 1.615241663555718
46 1.191526701219746
46 2.912628502140587
46 1.411381719414240
46 2.391398425673559
46 1.459079344446779
46 1.607621125479088
46 1.432723489338220
46 1.404159319943325
46 1.522659233391986
46 2.706829925920495
46 2.015726794995270
46 1.512481612881402
46 1.859679362904629
46 1.794901350507347
46 1.407288534223873
46 2.647070917443092
46 1.392580281418443
46 3.728267016469704
46 2.086527567714355
46 2.435863855032729
46 2.080445209274756
46 2.368397076404598
46 2.375788280759596
46 2.256418490657692
46 2.111049074814027
46 3.283456513631754
46 2.273075819815492
46 2.674414816934269
46 1.232123565610902
46 1.522147947677086
46 2.605708290933801
46 2.518161117080187
46 2.174844344266573
46 2.345707531674211
46 1.852458872647472
46 1.336392159055582
46 1.563989210023139
46 1.701663358162780
46 2.305994917766181
46 1.700027729069941
46 1.996238305435960
46 2.949173141573743
46 1.196959087104178
46 1.925198481733989
46 1.705142738363323
46 1.772150041584232
46 3.533465098518772
46 1.628891961694543
46 1.918199981084774
46 2.155027688798737
46 2.194866512520408
46 2.730134986229394
46 4.170923283611189
46 2.396823914013964
46 2.072648868270471
46 1.193876838584157
46 4.065852577900454
46 2.517698816734836
46 1.503835212599090
46 2.891426103874123
46 2.066444321614898
46 3.202028614118959
46 3.322136047427072
46 2.261561279169483
46 2.557990045534062
46 2.660253516990943
46 2.522737195318498
46 1.448731673438442
46 2.600215383925027
46 1.482436298098384
46 1.676769088414070
46 1.592703852431144
46 4.010938273418200
46 2.382203815339652
46 2.752678748234484
46 1.790771000405190
46 2.591090619163155
46 1.846128553306416
46 3.358169047881347
46 1.714421743170971
46 2.377310279392015
46 1.916306458413661
46 2.728891345829037
46 1.866545010331965
46 3.041535707961054
46 2.131245935696513
46 2.021849560333787
46 2.912930993287680
46 1.669745772769671
46 1.751674622816369
46 1.289180530957510
46 3.085309434066197
46 1.352711234628658
46 1.122540758473546
46 2.292221566120467
46 3.639258486866903
46 1.461162783314068
46 2.103460668047116
46 3.325676061563883
46 1.631365336440864
46 2.566263793100040
46 2.457296185385748
46 3.195153370605610
46 2.664084104396492
46 1.581429511956044
46 1.826076104527932
46 3.427853687329558
46 3.043218583475603
46 2.209817215575988
46 1.208364816727885
46 2.270336212747444
46 2.079873017091733
46 3.735818076531325
46 2.441338681252028
46 2.428739692266046
46 2.383185638573780
46 3.203081032917518
46 1.849796509975435
46 1.698416250456558
46 2.264886364956437
46 1.912299186475019
46 1.779790141293392
46 1.905236487845664
46 2.973958589184080
46 1.938742719708935
46 2.299116447980681
46 3.382855442418018
46 1.596313376872891
46 2.265939791407428
46 2.653383394403495
46 1.670647600783363
46 2.332072377216222
46 1.936739768991946
46 1.687580058738605
46 2.629513451404582
46 1.401582130963382
46 1.767106874891669
46 1.903838057773700
46 1.291035833898841
46 2.304030474593331
46 1.412020523661840
46 1.511163616471353
46 1.615725423403890
46 2.061307764982748
46 2.484189631158859
46 2.079825327754131
46 1.706515312912124
46 1.830368838726271
46 2.041521256214094
46 2.503768474501348
46 2.873237924403575
46 3.072873735917705
46 1.769328263484882
46 2.005911405218205
46 2.105422486494651
46 2.097620420081770
46 4.070026176001710
46 2.499484833669938
46 2.931473557352229
46 3.644105103252860
46 2.490689567117965
46 1.382293477033273
46 2.936340985746492
46 3.464761836602829
46 3.447987463927169
46 0.972472804891808
46 4.012681462497891
46 2.195133296223423
46 1.578483443871821
46 0.952162533910917
46 1.860069729367367
46 3.039789832880678
46 1.959013355460552
46 3.425367181674202
46 2.270815318417550
46 2.166176115014131
46 2.088164449711956
46 1.488831226872868
46 0.874468533699430
46 2.032663703003476
46 3.201777223033752
46 1.867571521755782
46 1.795796929413244
46 3.845271743118277
46 1.763730468346666
46 3.716081640842825
46 2.781810403103496
46 0.922591891606133
46 2.680079537850208
46 2.293287810083489
46 2.869231918761922
46 3.025550058720823
46 3.525797636997966
46 2.109983898700821
46 3.283146145258530
46 2.715937164826598
46 3.815930505024895
46 2.596389236249241
46 2.594860956231956
46 1.900602140679439
46 2.872695175425433
46 1.907239551041384
46 1.564255958237094
46 2.293390996194170
46 1.712840639348213
46 1.279543908630580
46 3.017328086990153
46 3.438506592544263
46 2.472855540281542
46 1.514001348144750
46 1.489020096200855
46 1.430932190365743
46 3.051633492085875
46 1.465542290505421
46 3.039461824844718
46 3.245139913860072
46 3.535169367729265
46 3.261590788878442
46 2.500843846472425
46 4.039278787431815
46 2.455535790704546
46 3.384230159005924
46 1.560362279970952
46 1.570028740301434
46 2.135815103394482
46 1.142321202937496
46 1.091393951166112
46 4.546753139059569
46 2.946828567073414
46 2.509018756339244
46 1.862534752291680
46 1.521161686616152
46 1.790392877283493
46 2.618234928518526
46 3.307944408029592
46 1.579344241180732
46 1.412369056178558
46 1.857194296206165
46 2.112626869298651
46 3.304508590140208
46 1.755825513805266
46 1.116414362477724
46 3.317882485896334
46 1.590968118705303
46 3.298632890100130
46 1.819715605114880
46 3.068159447315259
46 3.724495700288395
46 2.378628031403027
46 1.241932871721875
46 1.897138908196363
46 2.913533255361940
46 1.856069686085030
46 1.502380753989570
46 1.805783690091647
46 1.456456121126430
46 1.383631687756126
46 4.142855460512864
46 3.826530191768863
46 3.521452824092004
46 1.451494114847733
46 1.130730339898777
46 1.654604113001219
46 2.592207899561639
46 1.644968089065770
46 3.559305623498234
46 1.890815026318381
46 1.483810944455203
46 1.655271781377002
46 2.848480345791384
46 2.048025454944905
46 1.679984395023138
46 2.818641214000840
46 2.988490942027406
46 1.802278873978295
46 1.239383177442099
46 2.541824824620423
46 1.560781900744791
46 2.530524646295776
46 1.731219217588093
46 2.370241919030617
46 1.912746131843647
46 1.578877942953043
46 1.902104856044321
46 2.126043092352808
46 2.317594751028555
46 1.956391167491197
46 3.953243836359508
46 1.065247953530831
46 2.366845236806636
46 2.093149305551487
46 2.257704920717047
46 2.320633678901919
46 2.517335864475227
46 2.622741494448828
46 1.527982774351763
46 1.344180315394119
46 2.146348194060570
46 2.095925823286755
46 2.030554370183030
46 1.624535934323226
46 2.077391416190606
46 3.091885379563115
46 2.408071040539104
46 4.734417981538613
46 3.954506026909022
46 1.455275788387564
46 1.618575796420387
46 3.188229659392003
46 1.639781661610616
46 2.776771297379573
46 2.752653996939866
46 2.191852436845475
46 2.647334600989321
46 1.766270835576269
46 2.284441622727984
46 2.169583619652934
46 1.340563633575877
46 2.700426652640288
46 3.326349761554612
46 2.336171820838693
46 3.201246950397176
46 2.511855045446207
46 2.119817150772595
46 1.749358471351188
46 1.691248383366976
46 1.226944035221954
46 1.249649997334078
46 2.136039618802304
46 2.688920868770935
46 2.003004590185689
46 1.989629759023045
46 1.277589691939327
46 2.126130461654577
46 1.926384375623896
46 1.153558646787461
46 2.409236113509405
46 3.449365131705297
46 2.812532315760399
46 2.445207125827292
46 2.227767445704542
46 2.856250312522636
46 2.154031982576341
46 1.942320373624195
46 3.047517009479429
46 1.824115266926454
46 3.385961874919236
46 2.590960385882943
46 1.377176271638046
46 1.898921619943213
46 1.852006851715239
46 1.651235005336010
46 2.094949087045896
46 2.204225672347357
46 1.836495471938794
46 2.358141486147012
46 2.575999451617106
46 1.996261976869745
46 1.842380589153127
46 1.795309007237014
46 2.381800723006745
46 2.924066786689966
46 2.377706123622570
46 1.646987411474524
46 2.640172506241671
46 1.029313998958338
46 2.341408164019577
46 2.672311416949021
46 1.395203760573776
46 1.843672074434493
46 3.549180183157447
46 3.023344009219608
46 2.788253957822632
46 2.632457758170534
46 1.641166035142007
46 2.555979930886491
46 2.087879346958405
46 1.351800923492941
46 2.448608628822707
46 2.180504915842333
46 1.319768411488733
46 2.358566354663115
46 1.939233861569057
46 1.809805153286904
46 2.008445648653047
46 4.116223510071663
46 1.782814469075005
46 3.284175817087879
46 1.767592462649728
46 3.289338357452367
46 1.107600833673700
46 4.279323739878949
46 2.903195607225824
46 2.396447645450460
46 1.231191184988846
46 2.763584388175738
46 2.495161683803937
46 1.442527994151026
46 2.731529059445690
46 2.462082905675947
46 1.535880921121075
46 1.811710514681578
46 1.603415481003807
46 3.078287323499699
46 1.600156456435487
46 1.816942334851161
46 1.791848496139176
46 2.058027333204254
46 1.913812561082728
46 2.211441208535021
46 3.454281959729884
46 3.141632370454429
46 1.979507497845919
46 3.073542150446341
46 1.222584616401062
46 1.089349804936493
46 2.264697877933854
46 2.282577850965583
46 4.157134924100848
46 2.430718204414227
46 2.157813462107121
46 1.948361754831088
46 2.531398298827725
46 1.170426353848224
46 3.202541562186032
46 2.046176481923772
46 3.088972751152161
46 2.256376972275506
46 2.302416428771146
46 2.524808726093798
46 2.052490767970134
46 3.838686760527140
46 3.406421715018580
46 1.633050061537388
46 1.419211142133879
46 1.745436758766900
46 1.964950068811125
46 1.725689688882975
46 1.988432070733579
46 1.123974469022573
46 1.801616666953765
46 1.705589968334506
46 1.325352594454026
46 1.440113465302818
46 1.545319340395245
46 2.221037537898299
46 2.226051459345164
46 1.684997057252779
46 1.312838493552002
46 1.411256429701380
46 1.788888368705893
46 1.986414385924150
46 1.565042064654175
46 2.304973379819757
46 0.909852390215022
46 2.383898415860183
46 1.356510215606200
46 2.698464892543447
46 2.234731214130619
46 1.607177005585551
46 3.744207535717129
46 2.025305610187165
46 2.663138536072887
46 1.782138555392966
46 2.320294442367653
46 1.582609011598770
46 3.292973615309745
46 1.784943252738358
46 2.057453844630715
46 2.385933280597912
46 2.358199422253616
46 3.121458958027789
46 1.962946661261562
46 1.067263932699825
