10 0.018487511015984
10 0.022578361478017
10 0.021723044914299
10 0.014474652575326
10 0.016140492020365
10 0.011596651557091
10 0.021919518007313
10 0.031856131853573
10 0.013113567275075
10 0.022416706422264
10 0.015911712690821
10 0.015554594387946
10 0.018122924345017
10 0.017296160135620
10 0.024764693052976
10 0.015077793871855
10 0.008834608294326
10 0.017685790238000
10 0.014523841698664
10 0.011646734863322
10 0.014090170831060
10 0.010094820375183
10 0.011184824146661
10 0.013786209611372
10 0.014442608730814
10 0.027551700624223
10 0.025260436461164
10 0.014567320580547
10 0.017635515813275
10 0.032364891244095
10 0.024661461209178
10 0.013037873306493
10 0.041724415648797
10 0.028824835589246
10 0.019993933563341
10 0.013890404723296
10 0.014558256063671
10 0.021056192033720
10 0.008482824054111
10 0.014776496779503
10 0.012875653185818
10 0.018846408486386
10 0.016104357572141
10 0.031094108940420
10 0.018886319240747
10 0.025956741126442
10 0.012143869663573
10 0.018360881913370
10 0.015685388848438
10 0.011165202729132
10 0.017476318130549
10 0.011064715718334
10 0.012932733309943
10 0.034017134774686
10 0.013687995328204
10 0.014183468449490
10 0.020845042093934
10 0.018065042591983
10 0.041145165313784
10 0.023967236508953
10 0.013691263957536
10 0.011309671147044
10 0.022337912218411
10 0.012448820748397
10 0.017984278079437
10 0.015206689168395
10 0.010986457107398
10 0.018908352065038
10 0.020304801962784
10 0.022833929481882
10 0.009644834096433
10 0.015325682685559
10 0.013658109146992
10 0.012268720333246
10 0.015697663231904
10 0.013307069550352
10 0.013273415158009
10 0.026371879664101
10 0.015255059403334
10 0.010558558908604
10 0.015750552038328
10 0.018721003728129
10 0.021803817421378
10 0.016305341729553
10 0.013549006019030
10 0.032198518860532
10 0.031262542046767
10 0.019658898911844
10 0.019608313225195
10 0.014936157351794
10 0.017395501836284
10 0.016934231257590
10 0.018621855442391
10 0.011662179563660
10 0.013660507068143
10 0.012272832208088
10 0.014510101232333
10 0.015345786264060
10 0.023797033193984
10 0.021464776951107
10 0.026707131609415
10 0.032303391508612
10 0.028722972564285
10 0.025719643212506
10 0.030209304361443
10 0.022424568325379
10 0.012253047282711
10 0.013987042432582
10 0.026552979854544
10 0.012322890778454
10 0.026581007151084
10 0.019438833049338
10 0.016231106196159
10 0.016531543111604
10 0.019679455958511
10 0.012860811388106
10 0.014623036678541
10 0.009264911481890
10 0.020951790048320
10 0.023140865371139
10 0.011352770242231
10 0.022056081832645
10 0.028160765424677
10 0.032261775735500
10 0.024915639458257
10 0.026603420833986
10 0.029599808769296
10 0.010736823028605
10 0.019566748659043
10 0.014323679200720
10 0.010025642599175
10 0.014624226837674
10 0.018417298578043
10 0.011040739361962
10 0.012384376013026
10 0.012663136212031
10 0.012420568696975
10 0.015766125828714
10 0.009914889336644
10 0.020003266212663
10 0.016435235036231
10 0.010836119673794
10 0.011773201462516
10 0.025729750180554
10 0.032961589366616
10 0.035714092897757
10 0.018111407379925
10 0.014671469948999
10 0.018100184929254
10 0.018338480038151
10 0.020195672774290
10 0.017567128558719
10 0.018313168826362
10 0.010055359971916
10 0.017806257797925
10 0.019262861384635
10 0.021029814468207
10 0.026263263103535
10 0.021284349983184
10 0.014204004112031
10 0.010397941983731
10 0.029744898358456
10 0.011249631260099
10 0.014872801475770
10 0.016802366888498
10 0.017106274433989
10 0.023116760868328
10 0.018877335906985
10 0.015615247749275
10 0.018011975620398
10 0.021747730402738
10 0.018412568130210
10 0.012381035830469
10 0.012930846615429
10 0.028304359349908
10 0.018495936204786
10 0.012403030164150
10 0.019084497012361
10 0.011751381459346
10 0.020887065227697
10 0.016069324298140
10 0.010164217813027
10 0.014094589446799
10 0.022319073402101
10 0.008702515739855
10 0.015197610857359
10 0.018595730304838
10 0.013652048529985
10 0.010348843489926
10 0.015107676752395
10 0.008645816701352
10 0.012487959325501
10 0.017244456840607
10 0.013400811633601
10 0.013045345725964
10 0.012063433119603
10 0.011121818263767
10 0.021362795682456
10 0.012711744401249
10 0.024271711166921
10 0.029649207886592
10 0.010361045789456
10 0.022447187304808
10 0.012199495639423
10 0.036135898808120
10 0.021190491853704
10 0.012830351970304
10 0.030155979003607
10 0.032738406877480
10 0.007306581701956
10 0.012725531001503
10 0.013132830357005
10 0.014521601322792
10 0.013814458088522
10 0.010621566202604
10 0.016518497395054
10 0.025069069826765
10 0.017745967460563
10 0.008922285448925
10 0.035958042091878
10 0.020172883310438
10 0.017255372534233
10 0.042605179627861
10 0.025074254857137
10 0.028204751532885
10 0.024120077089981
10 0.032029669934709
10 0.014882733643689
10 0.011899785795161
10 0.012431570554925
10 0.008413506341732
10 0.017778483399432
10 0.016785559704267
10 0.022778446662309
10 0.021664066343807
10 0.013399441145377
10 0.011051933778765
10 0.015834339154744
10 0.026243978485117
10 0.018889656997791
10 0.029107445850100
10 0.015507646949193
10 0.012014155244899
10 0.013551550094748
10 0.019148387781808
10 0.011721627461020
10 0.014525512071597
10 0.013899108317580
10 0.027500810258225
10 0.007947683840722
10 0.011883446118817
10 0.026474961291389
10 0.021559729933062
10 0.007786006420382
10 0.012767367167768
10 0.010701687903467
10 0.009936009545596
10 0.018692003399269
10 0.014804498123950
10 0.025860081289477
10 0.022732837954255
10 0.029748289523275
10 0.011011371461643
10 0.020776660116995
10 0.011356781184227
10 0.023226745761967
10 0.012419379584311
10 0.008724249002189
10 0.013952675769390
10 0.018684259193356
10 0.016575675989327
10 0.020597055621660
10 0.022221261601268
10 0.019364375568739
10 0.032336855104635
10 0.010593580995507
10 0.019111038954930
10 0.031795323670382
10 0.018303155854851
10 0.026825515679966
10 0.015314267906223
10 0.021629839524580
10 0.022457495440796
10 0.013466166453716
10 0.024085479426926
10 0.011309724050372
10 0.014497357556254
10 0.018002657694723
10 0.015498828577262
10 0.015440880060615
10 0.035642731619534
10 0.011398669125614
10 0.010565485723207
10 0.009119193386411
10 0.018223388115252
10 0.011932166009627
10 0.024615041417723
10 0.013796967472831
10 0.014455725087253
10 0.014057717975300
10 0.016295208241783
10 0.027726805241433
10 0.018303100461518
10 0.007278495073330
10 0.012665279511775
10 0.019233722661406
10 0.017058419558687
10 0.015680374772714
10 0.019625373126738
10 0.013792278700172
10 0.022900397792548
10 0.014677257732940
10 0.016023582408659
10 0.009833596619342
10 0.025039146636507
10 0.015412725025219
10 0.030196977712742
10 0.018205778418222
10 0.036410847161433
10 0.010885989411546
10 0.025433203458754
10 0.022212977701983
10 0.021500075289270
10 0.009742323617207
10 0.014010478288620
10 0.023557908668923
10 0.021938098558645
10 0.010982644386497
10 0.023137252504818
10 0.031729827836124
10 0.024479730566551
10 0.022563513608117
10 0.017359825700589
10 0.016930265605892
10 0.030466838356719
10 0.016699311451641
10 0.014765489906277
10 0.010413606311887
10 0.009094890422243
10 0.029441535477519
10 0.011709229618849
10 0.026950101351140
10 0.012956477288943
10 0.011944036003033
10 0.018010616438545
10 0.014833461786514
10 0.013928123945473
10 0.017189765409553
10 0.011529636806197
10 0.017719970893249
10 0.015680277556997
10 0.012790623997658
10 0.016794554495574
10 0.019975286957271
10 0.010288031919279
10 0.010629051323148
10 0.008203084328244
10 0.023109578246892
10 0.012177411166881
10 0.014587713372466
10 0.025883557366121
10 0.019367522567578
10 0.018868123510808
10 0.015362084503564
10 0.011372916250420
10 0.024775884235391
10 0.009914612547492
10 0.025869913674679
10 0.012894025794927
10 0.030961033885199
10 0.025508123384288
10 0.014040111991531
10 0.017474398347293
10 0.013352285282012
10 0.019478960830629
10 0.023142599652889
10 0.020964080299749
10 0.020996026640997
10 0.020058861018209
10 0.028762581757355
10 0.018269344626645
10 0.021016592150178
10 0.024409999001033
10 0.012011869863549
10 0.018024164596721
10 0.010641218548155
10 0.029026946277255
10 0.011720236685251
10 0.026068904348217
10 0.009971798699582
10 0.010004311922502
10 0.014679553828094
10 0.009172501310711
10 0.014625436065379
10 0.036795758588258
10 0.026255965199107
10 0.019686499607146
10 0.008835419367137
10 0.021805212530800
10 0.013282141725994
10 0.017155609690133
10 0.021915939447905
10 0.028358151105807
10 0.012683953863527
10 0.017331020506124
10 0.011049221296296
10 0.032431240430679
10 0.018210996993425
10 0.017342217811897
10 0.012271849502778
10 0.019915902641672
10 0.016660566591956
10 0.012150287516260
10 0.020090043773557
10 0.016584191164645
10 0.015212471353684
10 0.018168352277421
10 0.026521550169405
10 0.035498524812900
10 0.018646245901382
10 0.019547000157484
10 0.017866037859106
10 0.016893932237346
10 0.037751790298071
10 0.020228648136914
10 0.022312929781059
10 0.013654279180408
10 0.013328403893832
10 0.022397604268896
10 0.017188711625589
10 0.023507997562908
10 0.019491717253703
10 0.018967561761055
10 0.029663561823043
10 0.018008330252002
10 0.008555158987544
10 0.015728739104223
10 0.037401658107391
10 0.013588272644006
10 0.029087782180222
10 0.029704410632214
10 0.034576457575361
10 0.019071634086689
10 0.011735268770519
10 0.011253954931741
10 0.014341978365165
10 0.012112631161476
10 0.016695898825317
10 0.014996147684781
10 0.016938020981914
10 0.013506415204808
10 0.025959269266248
10 0.017062229944816
10 0.025433131692838
10 0.013129056505924
10 0.020275770548728
10 0.017720360669542
10 0.020096027796153
10 0.015449761836048
10 0.012034672748514
10 0.032634739848596
10 0.026084770078105
10 0.014675266683141
10 0.026630182607659
10 0.013931362854187
10 0.017357832003488
10 0.025825233394828
10 0.021593184503190
10 0.021235762903152
10 0.016469584943013
10 0.024336532886573
10 0.023122094328145
10 0.012195564490348
10 0.019672307332035
10 0.023984465108349
10 0.015147258333301
10 0.021124716306804
10 0.017453104059735
10 0.015901657941153
10 0.018795138969694
10 0.014315994114067
10 0.008942793793519
10 0.014067403039283
10 0.022446765858052
10 0.014447746759291
10 0.017435041323995
10 0.012605068349124
10 0.010137023338566
10 0.023510306754717
10 0.015018672628556
10 0.020450931216207
10 0.017152728866537
10 0.015061668420854
10 0.022865422110941
10 0.010650119995361
10 0.012624408706486
10 0.018058175324040
10 0.017448644869436
10 0.007020123581767
10 0.017009342490502
16 0.110393068097093
16 0.095042684731626
16 0.217876101426500
16 0.119959173595974
16 0.121573046304820
16 0.097507680084757
16 0.066327034005404
16 0.139443655344391
16 0.103283260435585
16 0.097967211865482
16 0.092983472368422
16 0.179735219000546
16 0.084934308600830
16 0.121334858126027
16 0.089691309138066
16 0.130793412427101
16 0.189767271622112
16 0.105243296211935
16 0.065256180110494
16 0.120283354253493
16 0.143023558780084
16 0.126744046359339
16 0.152321174615798
16 0.141416043793357
16 0.148301912919153
16 0.129413301779407
16 0.120792362182137
16 0.068584224047515
16 0.078436493559086
16 0.083212448281603
16 0.068907802555416
16 0.102216062280459
16 0.064363710072091
16 0.089049277376468
16 0.079565358894814
16 0.118037296842515
16 0.059709809695941
16 0.113160247968940
16 0.062664219210337
16 0.153504106882238
16 0.083933370894597
16 0.172399828882011
16 0.131114114254759
16 0.114805485268376
16 0.086493433092214
16 0.062412390923869
16 0.127184704918185
16 0.132444874636087
16 0.071641545994522
16 0.136269097635359
16 0.065382617470323
16 0.163310482124647
16 0.050467119681093
16 0.044241438638903
16 0.050269254621361
16 0.129623019933268
16 0.111170081300821
16 0.110826102048048
16 0.191497536216800
16 0.113732421641195
16 0.092878504717774
16 0.094697026114676
16 0.092972484226398
16 0.065122991156636
16 0.078321671215321
16 0.070597259694423
16 0.064603349227425
16 0.106582303620980
16 0.071867783765267
16 0.085063031317088
16 0.090395958580276
16 0.100184753780550
16 0.106919383443874
16 0.183899473688745
16 0.087496015628322
16 0.087293802217054
16 0.075508940024123
16 0.181603346966571
16 0.087433186931519
16 0.124613055152231
16 0.212551750649448
16 0.067224145249061
16 0.077410985298330
16 0.102795691478467
16 0.088397982681434
16 0.149323457558992
16 0.113886986539061
16 0.117248277007844
16 0.089179688933891
16 0.107951086439806
16 0.077787549984109
16 0.075711684450009
16 0.069339122362231
16 0.066610501835652
16 0.159645342335401
16 0.105181176697869
16 0.144791259875134
16 0.089483590303666
16 0.058988076089577
16 0.176412715688869
16 0.073889151468952
16 0.190428365256443
16 0.082696974204555
16 0.064814675158055
16 0.132917199432467
16 0.070325321744951
16 0.105320293622511
16 0.098043406345525
16 0.054586200478594
16 0.054210968292874
16 0.069982558539532
16 0.103366563334805
16 0.136725941638882
16 0.136295510667159
16 0.126697115007892
16 0.187576509465941
16 0.070447451923361
16 0.098288745701634
16 0.068176662145893
16 0.102319935373815
16 0.072833047466646
16 0.107506989941558
16 0.150217400200836
16 0.097424541199940
16 0.065445098845801
16 0.084643701825567
16 0.062221825899783
16 0.230398814644903
16 0.101915479891503
16 0.072335028555931
16 0.079668589514173
16 0.053919952097871
16 0.196696933018625
16 0.108726419703151
16 0.103769190027365
16 0.103794939239914
16 0.076203138311750
16 0.072671422119538
16 0.119407159216084
16 0.111541125293477
16 0.110163315486793
16 0.094952424564149
16 0.149020051844007
16 0.092706840947296
16 0.084549846101051
16 0.091685698821356
16 0.079430706558375
16 0.117701917872460
16 0.068463466036400
16 0.061013583497894
16 0.080225011540917
16 0.067607599798575
16 0.146412074889627
16 0.082553068701327
16 0.103055346531215
16 0.107357752242816
16 0.087983960638384
16 0.126411529895682
16 0.105136736474486
16 0.123073685532338
16 0.078390356485530
16 0.100292197728544
16 0.125488228935892
16 0.129944378522260
16 0.082679012959292
16 0.069793295782219
16 0.108269046573031
16 0.076737935387238
16 0.120619908370933
16 0.111583964276229
16 0.065282320869252
16 0.096263415835081
16 0.062047889256162
16 0.081260013845845
16 0.104582436501559
16 0.124909087001711
16 0.085238227500667
16 0.096831979437882
16 0.156367070213539
16 0.111497173797095
16 0.142122330425154
16 0.074057302987564
16 0.048829355396753
16 0.209845871070380
16 0.069603103466789
16 0.090317424357550
16 0.143580805178233
16 0.166329267068179
16 0.151949751845650
16 0.136673824728979
16 0.077821211484866
16 0.099303647222928
16 0.072323757430442
16 0.116940444111248
16 0.101301175508344
16 0.145574322620816
16 0.067160719417420
16 0.071660125336820
16 0.134155486246339
16 0.088883313720933
16 0.053655771110149
16 0.121255627964882
16 0.114790378606525
16 0.109135056364994
16 0.060682149700888
16 0.067336885897840
16 0.193201939887635
16 0.075793860335354
16 0.066404739370326
16 0.116009985342448
16 0.089053796659306
16 0.096269786495410
16 0.085413876387379
16 0.167598960046434
16 0.094536372483400
16 0.068931577267634
16 0.074482148926761
16 0.125553555978305
16 0.198615268965962
16 0.102372126074702
16 0.068192507279583
16 0.183016181886906
16 0.131312790415524
16 0.158396875340075
16 0.105816775554079
16 0.086845045458827
16 0.110579942893451
16 0.076952268998942
16 0.104242111835725
16 0.096361378446104
16 0.050005062566309
16 0.078466043528214
16 0.083625616129939
16 0.083440021184937
16 0.074902859848292
16 0.167492969948118
16 0.108410744103407
16 0.122805805920338
16 0.153657439858392
16 0.061282779014040
16 0.114915489879078
16 0.092454669243517
16 0.121040660774524
16 0.054526340180470
16 0.107136015624084
16 0.126399208625609
16 0.079013191416645
16 0.128045222412004
16 0.081311210891948
16 0.111836770906780
16 0.122275707982287
16 0.122953959016219
16 0.090450876647880
16 0.099668882347326
16 0.072825016328146
16 0.106999688306834
16 0.105884529445728
16 0.106594405136571
16 0.073316204079132
16 0.059001239569171
16 0.194319510862345
16 0.103960123499844
16 0.067942225180231
16 0.113043084720333
16 0.087697070564641
16 0.081706653486976
16 0.125297566625343
16 0.080907907010017
16 0.095842262319239
16 0.064350249193725
16 0.086033700428107
16 0.064331778589415
16 0.088074395373971
16 0.139540705099353
16 0.092245168940957
16 0.111871370244014
16 0.133022526496756
16 0.080446412710553
16 0.094889784025208
16 0.107284001625598
16 0.101570525063248
16 0.120719238571831
16 0.121875685971484
16 0.125284367591885
16 0.108339246789479
16 0.149031858540085
16 0.059574262767198
16 0.108616404205335
16 0.082566055789354
16 0.076631702199135
16 0.074723542838111
16 0.107660304916783
16 0.086960843372494
16 0.104760877939685
16 0.054774139471067
16 0.234714958474562
16 0.096771688881037
16 0.109625887019984
16 0.124685755517283
16 0.084939706210375
16 0.059302586282049
16 0.064979710534254
16 0.081108195432889
16 0.174357983665094
16 0.151642696617692
16 0.121694455772295
16 0.072944560816532
16 0.101314956391314
16 0.071757567885039
16 0.132392854915146
16 0.099278960889818
16 0.080402451563808
16 0.138713814645603
16 0.059156848385317
16 0.074359874583223
16 0.125809894044721
16 0.154091752912954
16 0.145795906691653
16 0.118451142952546
16 0.115404940363926
16 0.069386770653056
16 0.130883842698932
16 0.047045840570808
16 0.081978947336208
16 0.113755981279552
16 0.089645322373124
16 0.109930209051704
16 0.093237553939355
16 0.115561688032664
16 0.093551819320150
16 0.112595916314417
16 0.069111702625150
16 0.117258474200135
16 0.069027594550624
16 0.121199133647627
16 0.138045420204221
16 0.160988911016609
16 0.210668753483982
16 0.078365911366705
16 0.129204824378174
16 0.097881047449366
16 0.136085788718719
16 0.111000813125606
16 0.121443915152754
16 0.134305633195881
16 0.084568198781706
16 0.083661008544690
16 0.172417724894821
16 0.223203082249907
16 0.087700504564491
16 0.052951619726774
16 0.067254306602770
16 0.077711951793048
16 0.093185970989105
16 0.099483841944381
16 0.125094663169232
16 0.182045593637268
16 0.146561703269913
16 0.133627059082813
16 0.117380479156467
16 0.122151914047874
16 0.136024025054929
16 0.144355164609426
16 0.079396680983269
16 0.121683557951530
16 0.104723329102662
16 0.047543069119658
16 0.088832581928622
16 0.089094859452876
16 0.213247415771638
16 0.143028082370264
16 0.121787617570769
16 0.056451499598035
16 0.079141735584130
16 0.059558817003553
16 0.100327415181643
16 0.074049430997680
16 0.079955719235095
16 0.107231041926045
16 0.109619158123163
16 0.117860157334806
16 0.132123290910911
16 0.114169715275904
16 0.075160133909550
16 0.114086807892478
16 0.160578157647902
16 0.066606992851407
16 0.073562097335422
16 0.084218269738560
16 0.073280833434484
16 0.068138801278171
16 0.061217759518700
16 0.054447557011648
16 0.115134925135366
16 0.104550929591391
16 0.127252674170307
16 0.076648900747483
16 0.079162321776484
16 0.049787000710954
16 0.081508867965985
16 0.087588717916787
16 0.149797043766677
16 0.069559629399499
16 0.158813943390142
16 0.086902481072272
16 0.224083455234223
16 0.066883729815279
16 0.075122910193390
16 0.075001310335764
16 0.101568480037743
16 0.089379085384244
16 0.197696365256502
16 0.116011940262641
16 0.086538644558849
16 0.244820572377048
16 0.118246385853010
16 0.119859500354003
16 0.047018475415562
16 0.071589444764288
16 0.182841231131816
16 0.129034551391421
16 0.081097743574778
16 0.105051480633948
16 0.225430243654253
16 0.065685380952590
16 0.104387673233696
16 0.086258072898149
16 0.059612318670946
16 0.056456844372350
16 0.044681308317403
16 0.126843747849311
16 0.058640050804353
16 0.124298664913256
16 0.154242053314449
16 0.152833795995164
16 0.082359580205739
16 0.089113549260466
16 0.114919483968991
16 0.190179892495123
16 0.069175214432301
16 0.119350952440190
16 0.073110003990164
16 0.135990605905105
16 0.181717483197090
16 0.105547048697305
16 0.119536341933899
16 0.064481479940962
16 0.118000766541549
16 0.132620490731970
16 0.056189057092629
16 0.057380658122694
16 0.068524603669398
16 0.091512294735620
16 0.065887489571335
16 0.073583473500735
16 0.125663342079189
16 0.079093569446412
16 0.079536272590893
16 0.094302259084843
16 0.072576799131053
16 0.137054318515951
16 0.123241316382144
16 0.091050309511139
16 0.179351763565958
16 0.071609299126888
16 0.082061214333807
16 0.112581842246712
16 0.070831885450603
16 0.177282008446261
16 0.070084510734567
16 0.195043342631488
16 0.117524125003881
16 0.071564169310582
16 0.105143275325082
16 0.111471623015707
16 0.119586731635332
16 0.152074242488893
16 0.146976949089309
16 0.089558094169746
16 0.082828430827560
16 0.117037234765586
16 0.075603028472601
16 0.115598726900275
16 0.136219678749435
16 0.086438765661870
16 0.074623250417403
16 0.106846376325220
16 0.056280633743786
16 0.134007519902145
16 0.108229553156254
16 0.065584141374875
16 0.176222015020221
16 0.145623324252580
16 0.084287641479890
16 0.250164250255594
16 0.051729027291511
16 0.087831739721451
16 0.072778493512549
16 0.130081530652832
16 0.087913673914498
22 0.432119297750878
22 0.476046129766117
22 0.260862236397085
22 0.238904193342344
22 0.327569615999564
22 0.354890164300556
22 0.324795135919747
22 0.378366991055158
22 0.438354922157522
22 0.458196372024819
22 0.357215598331183
22 0.248146862861503
22 0.510138949533816
22 0.184130949795416
22 0.328917484616567
22 0.380489904194309
22 0.388897202084454
22 0.319456597801514
22 0.382088033778037
22 0.359360462084507
22 0.143880801327061
22 0.329861107253252
22 0.369135547502057
22 0.221001937032844
22 0.180570149466221
22 0.472606672638507
22 0.291769261445062
22 0.418546581735824
22 0.386887725991437
22 0.328099833003632
22 0.166738347792395
22 0.370993952044653
22 0.296577064913468
22 0.264968454977851
22 0.389713829250490
22 0.297409699691244
22 0.250555502225866
22 0.298965392419158
22 0.466899358813484
22 0.172465109756354
22 0.405022257774971
22 0.271843707672854
22 0.275927904141681
22 0.233102808878390
22 0.295103911970256
22 0.516861465683842
22 0.283118731272455
22 0.347676691612168
22 0.236710412274505
22 0.347996967164944
22 0.430773362871982
22 0.163766874959883
22 0.251524825300462
22 0.347984565706206
22 0.229014016700113
22 0.566155595202247
22 0.147353316308947
22 0.322543650506341
22 0.404796334369873
22 0.287687639333719
22 0.408873365263361
22 0.380198674834571
22 0.156961262479696
22 0.649861883417873
22 0.204649803221991
22 0.207124376898078
22 0.202987873479770
22 0.416026861166030
22 0.501257759688720
22 0.280187714849509
22 0.273948121089938
22 0.473441299882372
22 0.368496075593592
22 0.261024001950478
22 0.319525712334715
22 0.225410675079865
22 0.507223164371419
22 0.536853976768968
22 0.533428029051695
22 0.267186907247300
22 0.206447710046687
22 0.307305873155221
22 0.466867577231893
22 0.506869649842212
22 0.317290727168336
22 0.293449111772694
22 0.410649950903049
22 0.424272410060498
22 0.417866540978786
22 0.302180701719267
22 0.471243427124992
22 0.235274714077349
22 0.421502391797941
22 0.314095019560500
22 0.296089080945679
22 0.468929905335961
22 0.228203035469700
22 0.424128186922251
22 0.262357784730796
22 0.420627633741557
22 0.136825531733589
22 0.406083186254324
22 0.285564630311287
22 0.212949076095466
22 0.358477011712398
22 0.302267126115062
22 0.209348409484352
22 0.338223647417058
22 0.512685277827435
22 0.179409080368451
22 0.211246348163744
22 0.153632222650042
22 0.166774662617450
22 0.323701601845514
22 0.461585328355905
22 0.233863174212902
22 0.175405690130609
22 0.278500895953536
22 0.457374557482422
22 0.374496912915466
22 0.331956444722012
22 0.188159991831789
22 0.281376420614152
22 0.349372661534769
22 0.302910538455609
22 0.546218369540953
22 0.274768286777091
22 0.300776724657086
22 0.454168260600647
22 0.369482288426511
22 0.322618923474423
22 0.292546688057675
22 0.303277639321721
22 0.324520766076257
22 0.394567169673192
22 0.247539370937457
22 0.150420274224722
22 0.198951125263160
22 0.340298848815782
22 0.160588688804183
22 0.185291253699604
22 0.282286580459284
22 0.263994072268801
22 0.276626607178189
22 0.135287134734193
22 0.196543100541562
22 0.238484399505209
22 0.333528508988056
22 0.222066066495470
22 0.234841532463555
22 0.453861621797610
22 0.204870112781835
22 0.530925606555899
22 0.298693779367649
22 0.435887692536693
22 0.288147605444464
22 0.356616021900302
22 0.239868204068725
22 0.410235238078426
22 0.234562421908251
22 0.728289429228101
22 0.309686342875585
22 0.571440137553878
22 0.261265908616888
22 0.301036995384808
22 0.274132655514248
22 0.258162908127145
22 0.213349388282847
22 0.258580026958563
22 0.210411200088818
22 0.287985645317123
22 0.204759835060527
22 0.459642290487721
22 0.324343263870061
22 0.263411994290975
22 0.279189059099353
22 0.438355651992124
22 0.481989204087146
22 0.455925700551864
22 0.387232012123956
22 0.343324015201153
22 0.264822923311797
22 0.386516643887493
22 0.323954668127255
22 0.564877085028466
22 0.451471578929568
22 0.349254045867846
22 0.273202552333426
22 0.297241828897866
22 0.425260370606727
22 0.275598529404795
22 0.290243155607878
22 0.270812811238861
22 0.265171293998988
22 0.267484966135412
22 0.558523727994437
22 0.280878916060056
22 0.553125752931908
22 0.536858315657147
22 0.201626165930293
22 0.239362628596867
22 0.256574971185863
22 0.218499715345024
22 0.253648970838206
22 0.541345988395320
22 0.347615523850719
22 0.525692564003190
22 0.192558263387780
22 0.273722005172503
22 0.305622843488226
22 0.527243092240025
22 0.406525981729948
22 0.262187501336279
22 0.358255217128896
22 0.299516623985726
22 0.209890556611315
22 0.307796078261741
22 0.337311012404213
22 0.306495474412792
22 0.249917209441817
22 0.313025460352662
22 0.212991535370883
22 0.275208016699695
22 0.227453307511717
22 0.313779321346812
22 0.253029730026658
22 0.189577223259751
22 0.295909644260318
22 0.314542545800653
22 0.294614465895666
22 0.246390317072762
22 0.226807335750559
22 0.166044587913632
22 0.330382637132824
22 0.422728591195267
22 0.259647471515311
22 0.275028293961800
22 0.296809007291347
22 0.291465969052826
22 0.195207449985077
22 0.242428820820193
22 0.357131201514767
22 0.285978972317933
22 0.150097695694820
22 0.205576346529931
22 0.344677852111465
22 0.237871868345687
22 0.458398602483488
22 0.330935920979161
22 0.290020563053232
22 0.313028856733386
22 0.419015444015810
22 0.256677523413259
22 0.394568924785256
22 0.238839599982142
22 0.282491652348002
22 0.207265038994040
22 0.204375676317408
22 0.303098236606012
22 0.280169346646161
22 0.220342769112153
22 0.311642537866096
22 0.609508053312325
22 0.414469919872875
22 0.446641584781922
22 0.248702595595284
22 0.688425251415144
22 0.211587779451348
22 0.470800210716335
22 0.376163484677121
22 0.252706267667494
22 0.192392909836469
22 0.217858008319318
22 0.247597091989278
22 0.310866889292359
22 0.348709000601857
22 0.220423784682905
22 0.394854612832826
22 0.205033621824007
22 0.142539896720981
22 0.175208435128899
22 0.368881735374022
22 0.159828455368463
22 0.396152162988994
22 0.519512156969826
22 0.446711213872555
22 0.283734488669706
22 0.183232286228423
22 0.338509532470445
22 0.320518975977217
22 0.239109621657704
22 0.327192479148799
22 0.355978847446694
22 0.205023385458773
22 0.258678103441652
22 0.455617324264778
22 0.378550342982235
22 0.293785081419312
22 0.357498206499489
22 0.360635949888164
22 0.523236383148813
22 0.300318625225544
22 0.478276393113746
22 0.199984466846170
22 0.196797599416944
22 0.292861861606522
22 0.262921368691007
22 0.270816421782939
22 0.316401839520772
22 0.291174347453250
22 0.229688918554856
22 0.445791616309445
22 0.299565185176819
22 0.216252908879039
22 0.247992271591960
22 0.546634578607358
22 0.433203534832109
22 0.399437373119273
22 0.234006043660178
22 0.357513816955864
22 0.510969010153045
22 0.365980127063812
22 0.446186959832191
22 0.224376252717001
22 0.518647993675610
22 0.261817381194827
22 0.478766823587985
22 0.404604786048653
22 0.348161054305610
22 0.277140887082655
22 0.198327642243056
22 0.503948958864247
22 0.282231072681328
22 0.236620615606439
22 0.514688105787299
22 0.545643144912980
22 0.515235971803755
22 0.419971427327188
22 0.156668099896330
22 0.420915728729950
22 0.204164839152467
22 0.294822730092146
22 0.229305403666189
22 0.214726104888141
22 0.270336750143592
22 0.180863362288517
22 0.361012236616099
22 0.528082305957485
22 0.284716105326848
22 0.546419590491095
22 0.499418577100093
22 0.206859071385900
22 0.226430187655435
22 0.427911670656392
22 0.122886980793485
22 0.260239041386225
22 0.242649547314743
22 0.291236468326289
22 0.274716645554391
22 0.250430338108434
22 0.329005268935479
22 0.487013483892044
22 0.443441593529889
22 0.250707617985051
22 0.521730310980208
22 0.327028304770936
22 0.261870933398487
22 0.245382109307297
22 0.160172496611966
22 0.229886735185919
22 0.282076981174401
22 0.306601227641674
22 0.411550460731892
22 0.373801261951008
22 0.329745700286444
22 0.423514118242682
22 0.315441583899687
22 0.338222731003133
22 0.255511637650142
22 0.357921556514621
22 0.338994269771832
22 0.264014450931945
22 0.234468395493256
22 0.181268870982587
22 0.182574058923223
22 0.333071408833618
22 0.186857857726194
22 0.201913949946382
22 0.280717808325188
22 0.319517625502353
22 0.210360778636914
22 0.319228086205360
22 0.250589828776610
22 0.309285315136986
22 0.262177773119856
22 0.306525549705877
22 0.367861292715830
22 0.182833537842114
22 0.358622050557853
22 0.137892002778548
22 0.349037952620478
22 0.507108718163323
22 0.256221780034173
22 0.413788147835611
22 0.320360325044550
22 0.359004578799620
22 0.345084038862043
22 0.242864585222830
22 0.254060959016753
22 0.259811628126515
22 0.259602448975321
22 0.279552364849702
22 0.373696398114865
22 0.221711797871697
22 0.324698789148581
22 0.302198675016117
22 0.272077312050341
22 0.455255357314407
22 0.363642030425796
22 0.232820283362150
22 0.331021959328494
22 0.533529267529107
22 0.332670962508171
22 0.240371504913264
22 0.582222998685203
22 0.418114803407731
22 0.223846020862630
22 0.231164791995044
22 0.274372813792608
22 0.382914132495811
22 0.219881109917827
22 0.224504402724750
22 0.355234089548067
22 0.315779905361568
22 0.327508453655777
22 0.355083643447434
22 0.249717736124532
22 0.248166064389655
22 0.270631214027240
22 0.356677999580941
22 0.215833785185680
22 0.200259205451008
22 0.242904250787540
22 0.509097512057831
22 0.157352685880282
22 0.369735959923267
22 0.163986070150150
22 0.485773511642913
22 0.313227918769872
22 0.219654913731651
22 0.493023807967572
22 0.204458738328128
22 0.193044159448694
22 0.254644944806758
22 0.345504647147607
22 0.404032263463471
22 0.242731333075708
22 0.270425790036084
22 0.299644367996891
22 0.270950512774260
22 0.192387443638476
22 0.357667869547210
22 0.672888088286335
22 0.349435446850419
22 0.363051211398706
22 0.288974112997163
22 0.224077529905365
22 0.471110632278007
22 0.331760074474883
22 0.413857879870112
22 0.377422935221820
22 0.440167381211949
22 0.416254738576362
22 0.197419832678920
22 0.453091886910003
22 0.226119917881414
22 0.248197566463253
22 0.328616266837096
22 0.331710459921105
22 0.236057348685766
22 0.402760556446438
22 0.267265971433270
22 0.502333977755163
22 0.283501332787339
22 0.331722382917248
22 0.541405968029393
22 0.371604356069906
22 0.439936050894395
22 0.270858337680696
22 0.524488680716962
22 0.378351122331003
22 0.364852755011359
22 0.337733569837609
22 0.256086170711512
22 0.401423708798990
22 0.226596137229175
22 0.212295719106604
22 0.521393565013640
22 0.313551431680957
22 0.220068887138714
28 0.455470529987860
28 0.792240599810321
28 0.348131877936965
28 1.092893276078897
28 0.848990909392514
28 0.644781751008291
28 1.111469474215024
28 0.868123425914649
28 0.753528312357817
28 1.103771405575727
28 0.732411480243431
28 0.633021074178220
28 0.379754331234038
28 0.556828644303462
28 0.407919781900198
28 0.948199033573332
28 0.958468337757246
28 0.860146348347380
28 0.462546871639466
28 1.152384302972915
28 0.619605056899240
28 0.817349781737951
28 0.504901557720041
28 0.728483586706536
28 1.007354614459214
28 1.088734122202953
28 0.591839541779950
28 0.849614732439868
28 0.580110315095177
28 0.694511287013336
28 1.062662820017541
28 0.555637073024180
28 0.934006847539681
28 0.417055436149404
28 0.378774310915068
28 0.359003348364340
28 0.473416425750809
28 0.504400799696848
28 0.493552045572096
28 0.730765374020016
28 0.953342608009985
28 0.548710080977489
28 1.183016761417290
28 0.779232819908753
28 0.518194563405269
28 0.436903749955385
28 0.620727125461860
28 0.388803337888463
28 0.587352587350745
28 0.666469192038822
28 0.471171499448810
28 0.847716048548055
28 0.334530451495803
28 0.539078241797623
28 0.564630590523086
28 0.621616872850040
28 0.739659189297132
28 0.596183901691195
28 0.809782730320816
28 0.499268691908985
28 0.564855474011719
28 0.673678008444407
28 1.115636972791144
28 0.567584668551850
28 0.775733657754744
28 1.013342623743804
28 0.704563236447227
28 0.467633983665558
28 0.784905834504036
28 0.751661715218379
28 0.909654766131064
28 0.820109548078189
28 0.660412034923588
28 0.720779652789828
28 0.902190894550266
28 0.535780300606676
28 0.690922443671480
28 0.489464448793718
28 0.796848083032122
28 0.804222104939788
28 1.393049571005100
28 0.878923686213750
28 0.952374124991911
28 1.189155456197017
28 0.723127018217032
28 0.505366313128564
28 0.752905285649666
28 0.373825149769172
28 0.389987588386869
28 0.730403329385984
28 0.641531574834242
28 0.670863163558560
28 0.631031442409112
28 0.446211503091553
28 0.555467005756902
28 0.947994572619616
28 0.620037934894557
28 0.797895270108088
28 0.493704912927231
28 0.802982687405864
28 0.667239865402564
28 0.690677066225202
28 0.794138723159107
28 0.750318150522779
28 0.750745564616085
28 0.787239327785985
28 0.603902311762572
28 0.602018257842758
28 0.821731827586720
28 0.550103066048313
28 1.170980463274444
28 0.529524960369159
28 0.597344353022697
28 0.935692174488186
28 0.602758945170699
28 1.003538246704158
28 0.966881947235077
28 0.975456956863964
28 0.823701274274701
28 1.194041097129953
28 0.933089605923591
28 0.809758387358826
28 1.079057140957291
28 0.386695029539474
28 0.858006679241197
28 0.538002440173139
28 0.590028874831384
28 0.807629220813617
28 0.475722770927630
28 0.631638126335007
28 0.613099782076651
28 0.460520840843490
28 0.720403804245037
28 0.641477227334740
28 0.896665575433203
28 0.719142769139226
28 0.977320922126013
28 0.912207142367551
28 0.755125102118774
28 0.854133154965040
28 1.187819678076656
28 0.744079166410164
28 0.614457912391761
28 0.619127083883918
28 0.803756783695010
28 0.756209774693640
28 0.689189987414075
28 0.618807988164433
28 1.263712582111261
28 0.625029051780557
28 0.767323792568650
28 0.387474075669217
28 0.351791287893885
28 1.075457654965006
28 0.993934454651882
28 0.596147348437343
28 0.658893607400736
28 0.854010998458024
28 0.764201914044805
28 0.749972948034451
28 0.632206372819602
28 1.035218380797652
28 0.666869217809354
28 0.934145050296371
28 0.365283535615925
28 0.678351372930334
28 0.545857903986221
28 1.530202382330348
28 0.689212996477190
28 0.661308236370621
28 0.679889229613669
28 0.753628287347540
28 0.995424863151999
28 0.687491509187192
28 0.858764841939058
28 0.603606954391998
28 0.825452629840623
28 0.692997067716327
28 0.648894837919834
28 0.445772290027055
28 0.338287355915066
28 0.781047960946814
28 0.672384574379079
28 1.347472261974984
28 0.590408551824519
28 0.436510025917681
28 0.852218190255266
28 1.206305580418402
28 1.075210822150408
28 0.486484005792581
28 1.110001338436644
28 0.584112898966832
28 0.523531678264229
28 0.562380295617525
28 0.598556400988145
28 0.718434709598716
28 1.153847863855648
28 0.511666656559051
28 0.637883893678745
28 0.537131991933569
28 0.727885319714181
28 0.561458898092606
28 0.522418734990218
28 0.581925681585386
28 0.469132222278262
28 0.777994156679574
28 1.007747676820117
28 0.498661454843631
28 0.438139760011207
28 0.542916630752873
28 0.732321833263342
28 0.447729795864610
28 0.897819104952561
28 0.646067996682933
28 0.413899800546688
28 0.758365394480433
28 0.518463445277476
28 0.602535799695785
28 0.680702243622097
28 0.988760056972221
28 0.652460264527236
28 0.546297113203578
28 0.635323908413234
28 0.938271695982373
28 0.756478368544625
28 0.705497270836085
28 0.782161751160153
28 1.111693084018293
28 0.788666635594499
28 0.687172688520268
28 0.680393392395579
28 0.518263227411979
28 0.369092286588555
28 0.514756733185044
28 0.920209021028953
28 0.416738581027973
28 0.592571655325741
28 1.189714620221194
28 0.718667192303637
28 0.571654166614574
28 0.493675422965589
28 0.607041292868162
28 0.828713119601135
28 0.693433851211442
28 0.868170095481569
28 0.601701872188966
28 0.544701004411564
28 0.796408796634847
28 0.855680689665523
28 0.428450453507782
28 0.800612861304342
28 1.044060357454065
28 0.509155007820677
28 0.594264453971117
28 0.838365877257522
28 0.534269015961283
28 0.605051397184201
28 1.109125439692217
28 1.002836107948549
28 0.804216120436696
28 0.966547092445387
28 0.734965100119272
28 0.709279733257329
28 0.665477739226637
28 0.812421512483685
28 1.029881775074559
28 0.644147196370912
28 0.737343985102202
28 0.380112268345165
28 0.378264406548347
28 0.541692045010746
28 0.541719018619450
28 0.988348057423677
28 0.601273975700076
28 0.696139849168856
28 0.479306848163519
28 0.854204795162359
28 0.437648958600038
28 0.482166804093391
28 1.355583461703944
28 0.753380009952461
28 0.556492034257219
28 0.829062552759428
28 0.346770366860001
28 0.555812190613134
28 0.917149013791292
28 0.697333405532255
28 0.685711760815232
28 0.707009407633550
28 1.206902151193038
28 0.716632584801607
28 0.734969436580769
28 0.522598914058309
28 1.085376605343899
28 0.638180745229375
28 0.864224104886810
28 0.647573111945532
28 0.860341362952015
28 0.588305146875725
28 1.488271692759732
28 0.725076040920525
28 0.718816284911328
28 0.873148999002373
28 0.791587562198013
28 1.229101352152321
28 0.528717911135431
28 0.495957918116571
28 0.615373468935887
28 0.578795782591245
28 0.896457384057742
28 0.746089563965998
28 0.479604421948182
28 0.787545497364214
28 0.826590012521689
28 0.400513544979932
28 0.591538438086764
28 0.747850766923951
28 0.363613028166077
28 0.829542084649947
28 0.641869153032531
28 0.512791204895843
28 0.840541508631734
28 0.522694587882619
28 0.494192052197532
28 0.704697212711273
28 0.591810689429115
28 0.409715550407294
28 0.524018769519998
28 1.451154646851339
28 0.607274600906946
28 0.812237058289677
28 0.767502353376429
28 0.826490158251751
28 0.747578811717958
28 0.708762935502379
28 0.937469153912159
28 0.578759952347472
28 0.473799642377216
28 0.569655409724911
28 0.641024415612655
28 0.541238902728830
28 0.601346161819455
28 0.887191029595808
28 0.687115158900913
28 0.857133388104621
28 0.717429401847650
28 0.373165482687155
28 0.545533996723678
28 0.496316100217439
28 0.994739476152228
28 0.605180755222333
28 0.376463500908849
28 0.937662407245057
28 1.564610352804871
28 0.893970348089920
28 0.922188716388495
28 0.796873949092485
28 0.339583393005955
28 0.288474981589211
28 0.637563165884458
28 0.462194905929155
28 0.404695680568234
28 0.490609073670484
28 0.611541257783271
28 0.579117008856464
28 0.491758489838291
28 0.461199190849618
28 0.641085891872486
28 1.295935434153181
28 0.545090167036509
28 0.788570779626846
28 0.837616039334547
28 0.889518434824557
28 0.498228720437389
28 1.065457018569336
28 1.047503758380097
28 0.619451290405030
28 0.702781227942576
28 0.343046635876067
28 0.672414099209553
28 0.297958477771995
28 1.009821126648981
28 0.805578755743648
28 1.328507515070842
28 0.609615644048076
28 0.667721852136633
28 0.540929344778561
28 0.554557462840818
28 0.750675313235856
28 0.674424905832225
28 0.552946239383600
28 0.921462710843482
28 0.916567270819509
28 0.644361537238109
28 1.041092725847995
28 0.819354574843788
28 0.788979000037633
28 0.570822094528261
28 0.973834072407306
28 1.355647275568266
28 0.686740789509072
28 1.274631144995961
28 0.985655982537180
28 0.780746799638438
28 0.327508752420228
28 0.418458451111914
28 0.524354643048270
28 0.766767047154406
28 0.524971172131387
28 0.694314474799397
28 0.734909332392283
28 0.377890412552257
28 0.564640584361150
28 0.581311866829947
28 0.701488474882861
28 0.576397008709036
28 0.801371437566966
28 0.640407219967902
28 0.444168695040644
28 0.940789544040946
28 0.557111682846289
28 0.694624865975578
28 0.384197130090211
28 0.714925021185052
28 0.560988412169702
28 0.626293273467675
28 0.688810724828633
28 0.997477810391348
28 0.710570289463714
28 0.680375794931482
28 0.693125361607241
28 0.419644155324284
28 0.832248404199365
28 0.501622556456090
28 0.398293524605537
28 0.544385992410858
28 1.140302545514844
28 0.673889542980169
28 0.378567249133079
28 0.963411339198897
28 0.584111150624576
28 1.196669895745472
28 0.414044984826716
28 0.537146839964619
28 0.628596342298893
28 1.097684197065548
28 0.844439390715068
28 0.597530514376324
28 0.319035872409469
28 1.100300544107472
28 0.472560745082577
28 0.968490129546184
28 0.714547782182255
28 0.776663956157329
28 0.534950732144757
28 0.788913812239232
28 0.527294770239213
28 0.827596359051503
28 0.929086016349173
28 0.926288391992879
28 1.540090921931367
28 1.083828035121674
28 0.593041217484793
28 1.113690281209744
28 0.649109282695883
28 0.727544261377047
28 0.742772620414983
28 0.720795494545575
28 1.146541495297061
28 0.885243012282063
28 0.713496812095313
28 0.825276236184314
28 0.766611064229574
28 1.484227379790155
28 0.708469248400896
28 1.437119791681260
28 0.412479196114566
28 0.614455867670636
28 0.586239071264483
28 0.666286329572451
28 0.988109138004110
28 0.437346324301222
28 0.901841112083457
28 0.801958198006359
28 0.912953152780113
28 0.952802625869355
28 0.883080825517221
28 0.703862256783395
28 0.763023490185504
28 0.603554808066434
28 0.565083768594221
28 0.554878640983490
28 0.496757248355758
28 0.474707229035928
28 1.064455489014201
28 0.715381604230483
28 0.914709285545690
28 0.750108467868190
28 0.920446128833915
28 0.726546722338124
34 0.833902664714659
34 1.208809362005359
34 1.841261636338149
34 0.957228961283236
34 1.254005284341238
34 1.122796400722598
34 1.122047983706303
34 2.085087643858981
34 1.548140740459342
34 1.101099949308805
34 1.213960363753055
34 0.681796912153891
34 0.964925062681560
34 0.882956517725459
34 1.815711766510499
34 0.880314966880841
34 0.795558766450996
34 1.003652815706563
34 1.870937355242734
34 0.949591631955863
34 1.087074435525340
34 0.570456150175975
34 0.977999452653706
34 0.946713950563223
34 1.596093136183310
34 0.698924003799909
34 1.219336691327482
34 1.532840072788790
34 1.165687438032064
34 1.174015792287711
34 2.610272253662012
34 0.611846953297566
34 1.719239286475748
34 1.223482033264148
34 0.824493484930018
34 1.128011999769825
34 0.624821774573880
34 1.552316992936244
34 0.600402701890595
34 1.404891527296638
34 1.065379387264142
34 1.270586508956261
34 1.087710322072774
34 1.114902136408097
34 1.127146535280753
34 1.406071166533477
34 1.454818992773384
34 0.755346950895530
34 1.868860395026269
34 0.940218647550972
34 1.608169378370532
34 0.906414212437004
34 1.359194019729475
34 1.403355392081443
34 1.791206374801144
34 1.457786421023941
34 0.841162793105507
34 1.575558155367376
34 1.294430283312161
34 1.252175882446269
34 0.694354860737435
34 2.432461440134585
34 1.263065612188742
34 1.389113043077987
34 0.724715823193646
34 1.845116306195758
34 1.575378781350503
34 0.991932655538873
34 1.828676267175426
34 0.960122612736567
34 0.628077284451840
34 0.666899738629083
34 0.844192177743240
34 1.685082688265142
34 1.466744201580365
34 1.133202659528036
34 1.511563235898267
34 2.260827308678415
34 0.723843072430324
34 0.982758596064493
34 0.658036518125169
34 0.834907531664511
34 1.593415215170794
34 0.976985166191793
34 0.934554160663871
34 0.992238289059998
34 2.688974499881059
34 1.020315666163548
34 0.976154221560176
34 1.668570357116414
34 1.392548547150745
34 1.009379982087278
34 1.352979270453137
34 1.795599488184179
34 1.978777493198448
34 0.517182446452091
34 1.299730182723522
34 0.743499207281340
34 0.770375971751259
34 1.887850057862163
34 0.954844346012446
34 0.982231864101409
34 1.843246572577187
34 1.162555186674318
34 1.294397938718629
34 0.749682940035738
34 0.978411913309486
34 2.528243093372887
34 1.589741264406701
34 0.762408757486317
34 1.362329528548286
34 1.081110333311869
34 1.423721370041663
34 1.255686000529411
34 1.280761041324333
34 1.680504405919496
34 1.020049595751086
34 1.894562039721636
34 1.255087586746026
34 1.587240231101130
34 1.364704354475236
34 1.446518360784913
34 1.443760656312370
34 1.390510106201428
34 1.629374397223780
34 1.738277214399128
34 0.857430172714921
34 0.816843262120840
34 1.217024342154753
34 0.661893053696875
34 0.582836934176997
34 1.490566596991908
34 0.940342909281393
34 1.768180035601331
34 1.735789425315208
34 1.659318440409056
34 1.133966736127425
34 1.823966996275756
34 1.809162659465590
34 2.014140832876302
34 1.528833567359128
34 0.726464627980886
34 1.746987502059417
34 0.657414907915945
34 1.636358414686457
34 1.223920531315901
34 1.015636050643122
34 1.204745845049190
34 1.363096815128183
34 1.098426641972875
34 1.231236036875826
34 1.059163857179829
34 1.609144059884404
34 1.422685961157215
34 1.366752493358527
34 1.083590749286281
34 1.124524835486280
34 0.779390077253574
34 1.031474143948177
34 0.860841957209585
34 1.604823801368017
34 2.414796395557581
34 1.779794040549277
34 1.520855329196845
34 1.706027325367038
34 1.140404720464989
34 1.413542914370913
34 0.839161367212590
34 2.294808270586143
34 1.009234118108602
34 1.736028641119289
34 2.419958287386315
34 0.863758345730339
34 0.839019232303286
34 0.966652516341629
34 1.243133424536039
34 1.799833665925824
34 1.235187909102007
34 1.300198726600750
34 1.497712842266349
34 2.433503894653913
34 1.204258664736025
34 1.138523743725906
34 0.844470669240978
34 0.996522684209106
34 0.822696894056334
34 1.120893863058156
34 2.096219366391708
34 1.105470934255731
34 1.368828578562363
34 0.818776618895146
34 1.456090438469694
34 1.244721369029711
34 0.700127905514487
34 0.859986850301595
34 0.772482729551005
34 0.850940709354465
34 1.899871625016361
34 1.788313379491423
34 3.027094615959297
34 1.476381960561212
34 1.378025387006818
34 1.272006511817162
34 1.046789861160953
34 1.512375140283993
34 0.862748026796030
34 1.046564255208433
34 0.716272846482878
34 0.773077781900206
34 1.793878449726328
34 1.140202771634242
34 1.133192514382346
34 3.285026566603159
34 0.952547090310377
34 0.900704751039354
34 0.801351162421485
34 0.937776650668160
34 2.061938962468575
34 0.792966526738946
34 1.378498419046583
34 0.791047349584269
34 1.138954366255716
34 1.382218966162371
34 2.107117781272733
34 0.973741694085612
34 0.869581405696832
34 1.643201597598260
34 0.782571833186291
34 2.467380392967748
34 0.769452629411371
34 1.934974933951430
34 0.786194639620332
34 1.112466565669750
34 1.094099227192815
34 0.827419400127316
34 1.207972334210172
34 1.057558525254433
34 1.062537191996882
34 0.956048096339834
34 1.061946379196654
34 1.141535889014647
34 1.480476443962539
34 1.567584753584520
34 1.239851814929207
34 0.736523232295396
34 1.329090699305816
34 0.968861439425161
34 1.181459437304821
34 1.497050740261634
34 1.037154665069050
34 1.353582376537684
34 0.732113732294781
34 1.145457729788502
34 1.515348631697742
34 0.636747098845616
34 1.423025221438149
34 1.701669658795081
34 1.515699976169150
34 1.393405448689736
34 0.639255601663948
34 2.795922056812028
34 1.748514631367770
34 1.977604865113817
34 1.203720011672353
34 0.943316370561594
34 1.041526636883620
34 0.737421036678411
34 1.694305195530826
34 0.904834603071913
34 1.035390845072527
34 1.011940825905768
34 1.003526239998596
34 1.076331491941360
34 1.663876173386836
34 1.002829759631875
34 1.262599570610573
34 1.406341020563803
34 0.949111096133515
34 1.125417444183888
34 1.121129200861676
34 0.855176242052869
34 1.620219878871592
34 0.827393303358929
34 1.685638623266724
34 1.374401389338217
34 1.116910288627865
34 0.641527192957327
34 1.145158234593041
34 1.571543966247743
34 1.164855845732121
34 1.726839859186354
34 1.529183439397788
34 1.104897305346582
34 1.384062797869241
34 0.917580866181917
34 0.840646528848912
34 0.891597635930608
34 0.923763788969842
34 2.487457939555824
34 2.211695753895174
34 1.389985183298885
34 1.623726880848067
34 1.215136924794842
34 0.969725519832778
34 1.198619134265109
34 0.932632271575525
34 2.138601672540802
34 1.210221055002748
34 0.835194999030044
34 1.325632264718111
34 1.157233366690384
34 0.914472404196632
34 1.681699268660927
34 0.885057288501989
34 1.504684347873104
34 2.141994521589067
34 1.004626827016110
34 1.453071616876471
34 0.881445112054429
34 1.774201845375575
34 1.079813214086738
34 1.109078618861198
34 1.905726194367181
34 1.388122237432217
34 1.011940916275521
34 2.615031106590387
34 1.680056024384633
34 2.608166193925328
34 1.716272831659382
34 0.701709464827904
34 1.911066802098777
34 1.191506502891666
34 1.937152964522618
34 1.538615706424570
34 1.576774976253574
34 1.274032627099479
34 1.271019172954410
34 0.833742135934463
34 1.107749540935205
34 1.058267824312895
34 0.533331950662081
34 1.018066024763948
34 1.448542904423664
34 1.612757983031097
34 1.090060737335993
34 2.009515837294045
34 1.227966545342261
34 1.208218362558603
34 2.349359314525340
34 1.819750122498436
34 0.793006322836918
34 0.927683083442297
34 0.972344372279618
34 1.120266903990845
34 1.618550574032337
34 1.082306760368872
34 0.832235252525602
34 0.861349234550468
34 1.544735314112060
34 0.649717889054629
34 0.793694388638721
34 0.886758764935858
34 1.119430781214882
34 1.764173451675527
34 0.621820826615605
34 2.140321262713949
34 1.017000035207631
34 0.684605710104536
34 2.201593996285490
34 0.894374529576349
34 1.759800131188749
34 2.249033187010418
34 1.077148383441251
34 1.311939764828214
34 1.022261466697131
34 1.192796244993905
34 1.817150879479793
34 2.241966497302910
34 1.627579562031414
34 1.002057169448716
34 1.128572843505975
34 1.804123887666968
34 2.233078416999390
34 1.242298145788586
34 2.015496958094003
34 0.818427786883526
34 1.175087133360391
34 0.956897112187121
34 0.812191387114694
34 0.841858647589115
34 1.184801833040390
34 1.192418324972461
34 0.726559678209922
34 1.288157553110596
34 1.508473784420146
34 0.878568501756048
34 1.555412977964912
34 2.022601006644206
34 0.819958185055162
34 0.861394294936842
34 1.166014152778019
34 1.189205474938730
34 1.805503871969679
34 2.614443643111559
34 1.649703886800346
34 1.036920962146997
34 0.808004400346712
34 2.570247961014874
34 0.647142799692822
34 0.743550928428991
34 1.686704463694719
34 1.765364641579498
34 1.022293278261782
34 1.244873485911626
34 0.980801129543869
34 1.109550861660315
34 0.852454442759689
34 1.564507019275864
34 1.215294665441667
34 1.161822993006929
34 0.964778317549964
34 1.592197003267374
34 1.392960112138153
34 1.261118999855600
34 1.731612128543079
34 1.650269384236152
34 1.232428762456783
34 0.955072477772810
34 1.709579015024921
34 0.941906199060671
34 1.334009851927920
34 1.783587444153477
34 1.291568693052503
34 1.377830478122924
34 0.720023476741861
34 0.907686270526290
34 1.224687111538802
34 0.910968733436772
34 0.825604197766800
34 1.901834908423043
34 2.281244836439287
34 1.522645194394912
34 1.010718232937883
34 0.898082977251263
34 0.931877661219318
34 1.118112131868722
34 0.871514316471680
34 1.597670543664805
34 0.771102056048855
34 1.019407975375222
34 1.657931911255165
34 1.911149644741466
34 2.091279771184493
34 1.103965871922207
34 2.153210318284160
34 1.404756762130464
34 1.015573514232494
34 1.631081643175509
34 1.396012163314491
34 1.082049943331534
34 1.279475036445191
34 1.205179198474301
34 0.867350663055839
34 1.688850684719331
34 0.907559576372480
34 0.944609288535470
34 1.605816116347564
34 1.150317479610125
34 0.784218176263143
34 1.932792418583585
34 1.243460735944850
34 1.434923951785502
34 0.727503326913427
34 0.785452647354441
34 1.682725475692213
34 1.108227347792758
34 1.096894331923803
34 1.429613735041038
34 0.686325260642302
34 1.550418075926745
34 1.604821480762768
34 1.946280631893254
34 0.838670306092659
34 1.134092426234521
34 0.648394589976317
34 0.628408974115238
34 1.399816255036845
34 1.641771115847071
34 1.479793996976587
34 0.938181005710373
34 0.913926439287809
34 1.624022860895523
34 1.434537076116846
34 1.192191388543416
34 1.082331524479183
34 1.293952274550206
34 1.226653129216573
34 1.290813799962984
34 0.947531932740782
34 0.859622627226481
40 1.414897298831194
40 2.031478456086016
40 1.923697976916349
40 1.735682940145935
40 2.516385678256823
40 3.314314236254106
40 2.046321246499604
40 2.155712863223464
40 2.125846878329201
40 2.354145621589981
40 1.808750160609633
40 1.587496721758562
40 1.653112070241322
40 1.578409386931584
40 1.771180489208330
40 2.086539255726718
40 2.364886900955510
40 1.704540556162542
40 1.468483670358861
40 1.674810275040601
40 1.855645380147555
40 1.473297498902122
40 2.660236319562975
40 0.919041533009441
40 2.475965816438107
40 2.412704774226588
40 1.423071365010065
40 1.447185887420446
40 3.849220643914897
40 1.853972345903368
40 1.755937154221542
40 1.979140959673640
40 1.066576526500789
40 2.724858134447015
40 1.270302992387697
40 1.681939545699091
40 2.242952877738620
40 2.483481043571484
40 2.371496468488817
40 1.913767441352530
40 1.460410587795716
40 2.083415025287623
40 4.393195306743960
40 2.376303693649656
40 4.354247181928564
40 2.637777899722970
40 2.354489764919555
40 2.432390574240757
40 1.584573384934510
40 2.112873423811284
40 1.667687512739270
40 1.309384672408523
40 2.076515146985627
40 2.100485518637798
40 1.906036878671090
40 1.406548632918255
40 3.988037151626079
40 3.877264941720993
40 2.956864026800717
40 1.369130906851745
40 1.373833968183485
40 1.340136890304874
40 1.333654306108194
40 1.354628420522013
40 2.012457120687220
40 3.118298775113477
40 2.420986763505875
40 1.971821428498777
40 2.277874778789316
40 2.558336531718349
40 1.622868092487289
40 2.570928262783767
40 2.975491234623546
40 1.661133930931271
40 1.683970106253394
40 1.718311998369761
40 3.788328944210329
40 1.820946522863474
40 1.376112264706837
40 2.047898418175799
40 1.477523734208720
40 1.737497712156561
40 2.179441106340921
40 2.530131744013623
40 1.251114118914042
40 0.922342711139683
40 1.447236517362245
40 1.431720951799119
40 1.660230775830595
40 1.821900100162079
40 1.148548627984935
40 1.735633617682847
40 2.421042438952460
40 1.859977770164098
40 2.297062988819058
40 2.797323412926971
40 1.232113484297253
40 2.257930786015548
40 2.315980764588241
40 2.209287216354565
40 2.259916322344878
40 1.374597771622274
40 1.921218952461096
40 1.988451750294608
40 1.814786022095261
40 2.116620657332648
40 3.008365199498801
40 1.266388765146249
40 1.593953447587586
40 3.264093359481714
40 1.740595712939601
40 1.199186049082275
40 3.152194326735043
40 1.938456643456401
40 1.984011288225025
40 2.776912774702009
40 2.609996713736882
40 2.478087443323281
40 1.913468167397103
40 2.433835665301114
40 2.315853164144118
40 1.328187411507384
40 1.777471372461340
40 1.357905341730131
40 1.351574130243625
40 1.714127281779537
40 1.660372999239400
40 1.466751724474014
40 1.713229039029121
40 1.781302175088666
40 1.642655786612792
40 1.600406634261700
40 1.399233417493795
40 3.877535799476222
40 2.002875211284580
40 2.617696987919871
40 2.539655030718375
40 2.607186604050329
40 2.245472409290461
40 0.923072148977120
40 1.242308085939425
40 1.896651654387689
40 1.881305976633469
40 1.485520505715494
40 1.151814646458117
40 1.188948385212971
40 2.836645339752891
40 0.875202246489033
40 1.489261353007590
40 1.656778967904742
40 2.738520036148619
40 1.680629588568690
40 1.894911951721161
40 2.462490458167817
40 1.377193376951523
40 1.624115863617590
40 2.910702040304763
40 1.768424901878097
40 1.640526270412549
40 2.504906753962670
40 1.616216074707946
40 1.587857249366635
40 1.218379922705225
40 1.322965533185554
40 1.531655211699617
40 3.170235778418251
40 1.096875165982421
40 4.509153455966175
40 2.106842055987785
40 2.203588903685347
40 1.608951097896155
40 1.682910968908704
40 2.534857615216968
40 2.907748732770330
40 1.220754221884551
40 1.829915210371201
40 3.139474739065038
40 1.472533855885560
40 2.542987822872579
40 2.402201272247718
40 1.986712552966591
40 2.165670884680850
40 1.737521817541623
40 3.017408778821279
40 1.967623780794870
40 1.600560245657611
40 2.468028344920826
40 1.943788791602662
40 2.747763869648454
40 0.965267180759577
40 2.122651378074417
40 3.335237331667891
40 1.743972947632862
40 2.346153286048871
40 1.305544573507033
40 2.231973768539055
40 1.207147577941475
40 1.552132835500208
40 1.229316415994832
40 2.321974912376891
40 1.387609916941368
40 2.309425799661057
40 1.325416472627502
40 1.864283560864424
40 3.527148303826122
40 1.239837642990150
40 1.569903604349056
40 3.195743018117616
40 2.496541900671577
40 1.146354446007555
40 2.679490640459601
40 1.274527809051576
40 2.521902710121420
40 1.418563557420729
40 1.716368718344447
40 1.778243891843829
40 1.282666416721384
40 1.257316584506038
40 3.158962388398637
40 2.166562996936477
40 1.731263183701163
40 1.453091575756877
40 2.001922647006299
40 2.422932573955133
40 4.198862829736997
40 2.938641504778419
40 2.121606259483119
40 3.080266440023384
40 2.485494077127939
40 4.190188554731311
40 1.897786642981569
40 1.901764154935577
40 0.922127202035625
40 2.709450468462904
40 1.637927511974979
40 1.359581847368707
40 2.275604921213204
40 1.531065259157504
40 1.071962632647388
40 1.672753999536253
40 2.052085252774477
40 2.243705607690504
40 2.383101390065773
40 1.915015505564538
40 1.245987047509814
40 1.660924672871380
40 1.456209513857770
40 2.050022903880087
40 1.440957846337088
40 1.146306345648277
40 2.093606973804152
40 1.715612617484661
40 2.583131671292182
40 1.618795311444085
40 2.052450655369510
40 1.393207611590963
40 1.347611599326992
40 1.417431003115778
40 2.865556591821773
40 1.006422154372853
40 2.290013566982404
40 1.434761769743245
40 3.103070628966007
40 1.332683796343339
40 2.009962291519434
40 2.810510891897665
40 2.810007618853932
40 2.865918116930166
40 2.478157377146696
40 1.197806931139725
40 2.409816704187676
40 1.257932744292495
40 2.052699724563515
40 0.887984344448746
40 4.186818091345581
40 2.037378331976393
40 2.235947441453123
40 3.965398867764312
40 1.865079559795116
40 1.584545168516700
40 1.529729849581871
40 2.782291976001570
40 1.786212786022107
40 2.442578471405467
40 2.356837189955340
40 1.566660553749868
40 2.846194383841279
40 2.219140441951132
40 1.999546841284331
40 1.552318053474339
40 2.655501224427889
40 2.395471146837831
40 1.330373756890117
40 1.793271184373677
40 0.666353517212525
40 1.941978788853779
40 1.315160427107115
40 2.926790424750735
40 1.395819494801287
40 2.439093558419213
40 1.680202318258413
40 1.077048129898941
40 2.220047070210216
40 2.294001297218164
40 1.957655995696821
40 2.646792632280127
40 1.932822087470820
40 1.175960249500577
40 2.463986130526937
40 1.849317409850645
40 1.999915960139225
40 1.749197544733398
40 2.165718728120514
40 1.777108278356918
40 1.553295168436809
40 1.656945521953940
40 2.861327145206928
40 2.274114751952208
40 3.449789160201624
40 2.595275077234533
40 1.243610582651073
40 1.471394018746951
40 2.320981080258487
40 1.525445368434823
40 2.481465847317702
40 1.918303040057038
40 2.607887411240529
40 1.682739203146989
40 2.088332502975748
40 1.793488546335901
40 4.516238547591657
40 1.161223152878165
40 1.762638085192961
40 2.276749590299366
40 1.807584866656299
40 0.830658906822594
40 2.240886979940550
40 1.983598099986041
40 3.162965712795895
40 3.495679351909089
40 3.029887816455574
40 2.273161761903254
40 2.296622459661345
40 2.158991795914174
40 2.441074088871551
40 1.719029914846036
40 1.687571857404818
40 2.425377129674079
40 1.426375451963226
40 1.570464095574668
40 2.163171642248903
40 2.018643139662380
40 2.161826608233576
40 1.588181119486770
40 1.749431458491460
40 2.688175857032019
40 1.333319542280808
40 1.625691939462853
40 2.371989092716338
40 1.293645028681747
40 2.106263427342455
40 1.942991794490307
40 2.569884989624419
40 1.894800738455180
40 2.159561486932487
40 0.947548110022084
40 2.070979174777374
40 1.398515320818960
40 1.152473502303938
40 2.261356413467257
40 1.866368309221901
40 1.769581698735305
40 3.613867211972238
40 2.090688819374471
40 1.236631296777921
40 2.525980224493441
40 1.574858553022857
40 2.128809441273447
40 3.145330034566028
40 2.285553329449028
40 1.391447282478733
40 2.931710647673784
40 1.556877825749895
40 1.253765309563752
40 1.670972308769640
40 1.804037508742502
40 1.183752214776501
40 2.273304482127195
40 1.638883044326798
40 2.749482285867092
40 3.074364941571583
40 2.534970102473210
40 2.638319582293587
40 3.119880849559165
40 2.751949251808807
40 2.013263056922919
40 2.671086861192617
40 2.271556441187171
40 1.819071530774760
40 1.552918781996681
40 2.449020194967710
40 1.797293193966057
40 2.042874551508839
40 1.439629131915217
40 1.955585132840657
40 1.608501518946243
40 2.408088741386895
40 2.394870049023892
40 0.950859760277226
40 1.603094135198186
40 2.125097413500491
40 2.644305009181640
40 3.189503408274648
40 0.780667574808104
40 1.735707909219977
40 1.559215915871007
40 2.321497380862273
40 2.081859379966600
40 1.924336312975545
40 1.426105751916793
40 2.287769545717685
40 1.657521268955700
40 2.552358039032814
40 1.876800353963237
40 1.873320986847731
40 1.619405494333472
40 1.337626171869905
40 1.613080218994748
40 2.078709923493371
40 2.111848917170899
40 1.799034388874464
40 1.767231431926222
40 1.256005328463637
40 4.340913697398813
40 1.127428014321833
40 3.985587288053683
40 1.693370691684908
40 2.582331052822310
40 1.510617328881444
40 1.331543633350255
40 1.902428441320271
40 1.870776844451306
40 3.031207516805149
40 1.455102949283493
40 1.467314767622365
40 1.064505570159392
40 1.466531494496907
40 2.411620779225487
40 3.189811629485314
40 2.674086528896055
40 2.598758813389034
40 3.843676034711216
40 1.477572823108382
40 2.045961196356445
40 1.727575300856595
40 3.403204572442563
40 1.530340695979678
40 2.607803847113741
40 0.958177577022275
40 1.474690425711795
40 1.652142101669074
40 1.756920749102804
40 1.364056862193184
40 1.303732186145371
40 1.464023038401256
40 1.662784027958862
40 1.785392830353996
40 3.477075641670606
40 1.563053248913495
40 2.689692875947972
40 0.980051655961939
40 1.023067396438935
40 2.978799767406880
40 1.595235508755932
40 1.597336632095904
40 1.148377027650113
40 2.509129573824577
40 1.762195063394318
40 3.055345394503235
40 1.888105084478088
40 1.630331379251068
40 3.025580201631703
40 2.666451072321134
40 2.803925845137072
40 1.317426573075767
40 1.836653303954195
40 1.663751110378952
40 1.819898126047036
40 3.811694479227237
40 1.733573476073414
40 1.354405774315032
40 1.909610175033063
40 1.984286738430951
40 3.155940540035374
40 1.854996239850923
40 1.549913890366906
40 2.074130226764678
40 2.019179038250339
40 1.746657535388342
40 1.483671348059927
46 3.193950429507347
46 3.649307901723193
46 2.771902415268263
46 3.679490485919958
46 4.571880693009534
46 6.389341494466230
46 3.672157806450082
46 2.532383416508989
46 1.991553848336172
46 4.506372451640447
46 1.758252826616443
46 2.974221640202200
46 1.479390030369246
46 2.767179185346897
46 3.703923846725025
46 3.081942789789129
46 1.819450546356981
46 1.484691370713800
46 1.952309308418456
46 3.314507209633294
46 3.774003619643008
46 1.522176189142445
46 3.071405325628002
46 1.695015435685352
46 2.806705192362520
46 3.089945264374230
46 3.264739645215005
46 4.515845859708316
46 1.862800156374218
46 1.785476291913860
46 1.930294098138088
46 4.306250818524116
46 3.097725103011981
46 1.825534347642854
46 2.263960689386962
46 4.256267547534934
46 2.425784895650461
46 2.175781437802494
46 2.543926357167807
46 2.305517187108632
46 5.307252128978578
46 2.895782834020828
46 3.068199045758418
46 2.755903000175581
46 2.612708725008498
46 2.501633726240780
46 5.379521602134462
46 2.651736153555298
46 3.692857506100311
46 5.111076404681597
46 2.782185151462121
46 4.772660547990787
46 2.016873861455919
46 1.633676192319807
46 2.679812005291858
46 2.150828731789472
46 4.161613145460719
46 2.862063269398656
46 2.366802779603375
46 4.674166797096293
46 1.843411121338524
46 3.813212398203117
46 1.792364075957972
46 3.208873859025658
46 1.572677787644284
46 2.931317076153560
46 3.239606781807715
46 1.659407219133168
46 4.063509771312195
46 1.290949068009466
46 3.759333061974132
46 5.099082770467780
46 1.909246624805521
46 3.288873538298731
46 2.408886176944941
46 2.568582870415337
46 2.975195261029458
46 3.591513005002382
46 2.467759744246844
46 1.687749002580670
46 3.977061661235014
46 2.991286677869553
46 2.641051869773993
46 3.826095596590266
46 2.404000991537183
46 4.487815489350376
46 3.469453355442448
46 2.086719309484195
46 2.852368128731301
46 2.035264248195722
46 1.588603386686139
46 2.784707544455633
46 3.502755046869428
46 3.067637477474091
46 3.261114238012391
46 2.586660606256596
46 1.839890823586651
46 2.402860966485799
46 2.434332465282577
46 1.515277327401686
46 4.457145671845534
46 2.505529582021939
46 2.382384161019361
46 3.527334434815241
46 2.297658174859834
46 3.145372995993410
46 2.778776958030591
46 2.591866086244013
46 2.283988081023093
46 3.534267050783960
46 3.539535580208859
46 7.219990678542726
46 3.067835776168903
46 2.146721666144975
46 1.886859784468559
46 2.686563876505179
46 4.123502409280587
46 2.415850278604917
46 7.231845222568076
46 4.651455574795311
46 2.913077255687084
46 3.683022457520042
46 3.884341040557468
46 5.464327850083698
46 2.337387386804717
46 3.862940497647814
46 4.593028061321637
46 1.821280269925671
46 2.382000437075374
46 3.194530488230801
46 3.086512300542450
46 1.668699242032701
46 4.094578068684942
46 5.757590327765714
46 2.935763790575123
46 3.193750016138448
46 2.532460613416708
46 3.168678036982274
46 2.680899094373042
46 4.816475754597386
46 1.673097001133878
46 1.329883230288432
46 2.246847733892179
46 2.081599777457980
46 3.887098767834587
46 3.480190144074783
46 4.533464864585056
46 3.165861202505800
46 3.651842554551091
46 5.243282326780299
46 3.930668243970960
46 2.738808326203150
46 2.130466724380280
46 3.019588154954779
46 2.079178654578969
46 4.088175527975637
46 1.915533493847302
46 3.968342903109185
46 2.703212100524372
46 1.601359057214515
46 4.636737750815795
46 2.788653541338021
46 2.504673070491771
46 2.632194818183854
46 2.659035036861787
46 2.122827027809458
46 3.350061602349156
46 1.898164120439517
46 1.454501859331227
46 2.447413679967817
46 2.018003701975182
46 1.470570101758828
46 2.596527772402277
46 3.013048510385261
46 2.293149178457394
46 2.465157046501558
46 2.904558000821096
46 2.126709361241704
46 5.152024933225601
46 3.379728770512399
46 3.022870970332523
46 2.920997109105603
46 1.565285748830268
46 3.147529389886186
46 4.213708489774749
46 1.822945007692385
46 2.056663453582971
46 2.809439453924993
46 2.834402201992725
46 6.131000513700120
46 3.055600543268732
46 3.448076156145429
46 5.473192002400043
46 3.765852551713690
46 2.346903035576156
46 2.433758814248067
46 2.123711324906782
46 3.903582310190392
46 3.393188709417106
46 2.965489661371514
46 5.322651703377864
46 1.716951294009520
46 1.454686207971586
46 3.419523889671831
46 4.545715290187282
46 3.087737787262788
46 2.603905336729799
46 1.755568062827008
46 2.748085557263684
46 2.546000561638026
46 2.548826558732211
46 3.840021725083880
46 7.914792905731578
46 4.392827030299241
46 2.099484185168173
46 2.820848975289276
46 3.168252088248284
46 3.595130145635342
46 2.518249925348003
46 3.614066423307814
46 3.359136581650649
46 3.332601774179157
46 4.290782076628775
46 1.622251392966862
46 1.990483920734416
46 2.610293292011726
46 3.387037264009247
46 5.696353470305519
46 3.326436824746988
46 2.550891696666143
46 1.654369170156531
46 2.245725408622004
46 2.957850974221583
46 2.879271420309791
46 2.117825202243095
46 2.479815096004603
46 2.569291187323545
46 2.472024255921411
46 2.636352297716090
46 4.036549370566680
46 2.756549680685635
46 2.772500174072039
46 4.372300059742468
46 1.479879124823883
46 2.707039555368375
46 3.132947061299416
46 2.844164528662447
46 2.250957213112282
46 3.076281907954293
46 3.540266691574102
46 2.177528084132526
46 2.249832009023138
46 3.636914173525535
46 3.127627414840913
46 3.540426650243965
46 1.456474477030246
46 2.031422748728754
46 2.601190376256294
46 4.046348411169058
46 2.053085660367651
46 2.140388919007652
46 2.346986313019604
46 3.536664900850888
46 3.650318299608469
46 2.934113629242525
46 2.331645154800440
46 2.940006431363195
46 1.930153131319666
46 2.860585837672782
46 2.548557394839808
46 5.134093558348801
46 2.140129924924735
46 3.153931725985175
46 2.638588716937631
46 3.023808829894135
46 3.455465669744461
46 3.366680570371813
46 3.071938322257767
46 3.318018199946440
46 2.747927679197865
46 2.972997340907878
46 2.135055431469111
46 3.018535851904651
46 2.279807499956134
46 2.928179299240184
46 2.306768012939342
46 4.963301185790615
46 2.960527690219405
46 2.060021618598909
46 2.488289406608222
46 2.681738133770828
46 1.671052249266226
46 4.302304651032816
46 1.845266811007669
46 3.846785563663461
46 3.072384348041727
46 2.823981748000651
46 3.314625832451510
46 3.239352768654173
46 4.453259432365192
46 3.509736562100705
46 6.086606867541118
46 3.345443434005011
46 3.437417492438038
46 3.294626309263625
46 3.063946043668521
46 2.664704672692236
46 1.406762966872385
46 1.403585078693888
46 2.018632476095688
46 2.820373558723031
46 3.087056643620239
46 2.869114202929234
46 1.847548183888073
46 4.183420749241101
46 3.143601708886481
46 2.582061213456721
46 3.132334653031068
46 4.567677290090568
46 3.204798353339003
46 1.656520643216498
46 2.082767064040874
46 2.145050884889559
46 2.533257608436445
46 2.474595702103942
46 2.447628049563524
46 2.963615618418586
46 2.617033647235176
46 2.837836822737793
46 5.284197497300315
46 3.307011490425535
46 2.184759015285515
46 2.045812125410276
46 4.849698916115091
46 2.396539914684440
46 1.504530877177424
46 2.386152697206069
46 2.224181870089763
46 3.176585135381452
46 3.321272209362148
46 3.437041515094268
46 3.580285122437944
46 3.517752611265844
46 5.074389519058235
46 2.832813617020280
46 1.938574692290818
46 2.371610257305163
46 2.121655774946686
46 2.330093148724118
46 2.016940204738521
46 3.203694037347876
46 2.381453849463830
46 4.026448995439198
46 4.367522541189828
46 3.264904006712356
46 3.834918888177302
46 3.296987977646834
46 4.859003683111716
46 2.013466614927153
46 2.377846355207441
46 3.143790159659933
46 3.473032736962514
46 1.795863758844979
46 2.963740254718951
46 2.820112901119279
46 1.976779698917219
46 5.017872831272055
46 2.989677628962266
46 2.386950801275370
46 2.294495322956390
46 3.831376269295510
46 2.593483598670428
46 2.948664742843496
46 1.863008453869009
46 2.931262851092598
46 2.609131311575392
46 3.012073148846527
46 3.185386845684381
46 3.902712007889544
46 3.289789967226342
46 2.565312252702409
46 2.474703354115475
46 4.410970895151443
46 2.268996970521461
46 3.286971014874705
46 3.928665712896324
46 5.187027006821816
46 2.371281078161555
46 3.440794723567804
46 3.263769086812973
46 1.325497470699594
46 2.250903298064118
46 5.858288836859763
46 3.609673607422153
46 2.275268004560401
46 3.573082176420546
46 2.701264987506161
46 1.961203060947166
46 2.004420400482105
46 1.793518914482410
46 3.394034834733167
46 2.451688366501899
46 1.666820913599616
46 2.572397001941740
46 2.236680484870398
46 3.489898135019379
46 3.357214819944530
46 2.481626631791364
46 3.281896735112005
46 3.876672146409515
46 4.097334195090982
46 2.855836213116544
46 1.982495166541051
46 4.053217209234695
46 3.692140234053713
46 1.393809476540590
46 2.423012261735941
46 2.226396373482186
46 2.410135750257126
46 4.187954675244827
46 2.014407105000078
46 3.473312536169001
46 3.329281384363638
46 1.677958698076576
46 2.075767934915191
46 2.084046268439315
46 2.806644721935454
46 1.529568282357638
46 2.008416881234377
46 4.202739817121468
46 1.993595186362708
46 2.423181118712487
46 2.967615709318825
46 2.452332248805494
46 2.467725504451338
46 3.582990952167618
46 2.615954930236725
46 1.513141849394976
46 1.442876763470577
46 3.824950921267348
46 2.507125787472474
46 3.522915118492246
46 3.257743562681335
46 1.875344274111214
46 2.204402646780086
46 3.141900967264397
46 2.242788125504427
46 2.354131845871967
46 4.711788126736812
46 3.060504523845352
46 2.333976951582615
46 3.595615155246236
46 1.997385896349861
46 1.591059093600606
46 2.823834313279671
46 2.480944751639785
46 3.121678446289450
46 2.632543394435829
46 3.992545480866998
46 1.964826662773795
46 3.158252740492734
46 2.090927891044876
46 3.315541244664757
46 1.335140163193349
46 3.042430315602122
46 1.919233911804327
46 2.810061311709557
46 2.935608225776178
46 4.521301989769261
46 4.244999877629891
46 3.297909184394440
46 5.736232116755955
46 2.152721640420650
46 2.123306505526288
46 4.579580772711223
46 3.563685840093656
46 4.005768108830164
46 2.410022196158081
46 3.458843707453157
46 3.791756787599549
46 3.839079888314209
46 3.210342930569582
46 3.041092186051160
46 1.708097310339062
46 2.641612586281203
46 3.175417670676757
46 3.128803835702369
46 1.771877132838863
46 3.298089378700984
46 2.667856543582815
46 2.158141678566230
46 5.061368166149563
46 2.609705959548383
46 1.970744935587997
46 3.332777122607182
46 2.177457737515923
46 3.879301523886108
46 4.324669638153471
46 5.133291449879048
46 1.708661037126601
