10 0.011111075901903
10 0.006193929210694
10 0.013537874953296
10 0.006285136594300
10 0.020006325594745
10 0.007540411877625
10 0.011377526489869
10 0.008068750559972
10 0.008924761303802
10 0.006890818932434
10 0.008292368349522
10 0.005442696750016
10 0.009889934699434
10 0.006899008834697
10 0.005105901569012
10 0.006966090302881
10 0.009058903988654
10 0.007740113428710
10 0.010374509642155
10 0.006860499717379
10 0.005613754611553
10 0.005609552299990
10 0.009589689464356
10 0.009857536473090
10 0.014017084355931
10 0.012509844758496
10 0.005424751264265
10 0.008036810368401
10 0.008986114917654
10 0.011069320841196
10 0.005355565920745
10 0.011994106323376
10 0.011733449401490
10 0.007935274985601
10 0.008587425934200
10 0.015467510851775
10 0.008853573954202
10 0.005788360825058
10 0.009808488588622
10 0.005365214169722
10 0.006007599829246
10 0.007686815764223
10 0.009108566107376
10 0.004629486282470
10 0.009092977914163
10 0.011615262179088
10 0.007386074725654
10 0.005690152592210
10 0.004693429887566
10 0.005311233697658
10 0.003298149417240
10 0.008665737440724
10 0.007316617471039
10 0.011351350142477
10 0.017771277181593
10 0.007645052039891
10 0.005868825776714
10 0.009482681680405
10 0.006013162898857
10 0.007204323298047
10 0.009019094596075
10 0.004196008176073
10 0.010592403791548
10 0.005564341927113
10 0.006108378763784
10 0.017961215815055
10 0.007395775400424
10 0.011652434790411
10 0.009873732647998
10 0.008098763422100
10 0.007589264102248
10 0.007982215655663
10 0.006204732764898
10 0.007530891210059
10 0.010738131024668
10 0.007049668852660
10 0.019529476807261
10 0.004689358014090
10 0.008765150341625
10 0.010241367705213
10 0.008803808617124
10 0.012824100481968
10 0.009731309949009
10 0.015246083081875
10 0.020674384910155
10 0.010697962455548
10 0.007427860416385
10 0.011042760810085
10 0.003625462794374
10 0.009341082827297
10 0.009688022392835
10 0.006326137824313
10 0.007132291650823
10 0.012989865576422
10 0.007396956375639
10 0.008147339081199
10 0.010794922076363
10 0.017447543411718
10 0.005824268729677
10 0.012026482377996
10 0.005502976341294
10 0.005944620431453
10 0.006293430042236
10 0.008373484980888
10 0.007017590803028
10 0.008657756191993
10 0.012183731634299
10 0.006380655321311
10 0.008160733157501
10 0.010161621838484
10 0.008053117767789
10 0.008234526721041
10 0.027923963630607
10 0.006049052218139
10 0.006773858349700
10 0.007594315831071
10 0.016668567788884
10 0.005738738561507
10 0.007446196308324
10 0.007719917129162
10 0.006483147797347
10 0.007006781551098
10 0.011106593749662
10 0.008143640593810
10 0.016568850840512
10 0.007744858116317
10 0.004560534703350
10 0.008222290482380
10 0.012894282785271
10 0.011712475332895
10 0.009415606765288
10 0.006267695419129
10 0.009775352472136
10 0.007937018958218
10 0.006948118847812
10 0.005859787407842
10 0.009378595190758
10 0.008219371026563
10 0.007041265735255
10 0.010479223429278
10 0.006681491073179
10 0.014571730356165
10 0.010811669692000
10 0.007895572810405
10 0.005417622992289
10 0.009181768303177
10 0.010673464462280
10 0.011115318689123
10 0.009814898796002
10 0.009873776854858
10 0.009866140015597
10 0.005423560055113
10 0.011801690217383
10 0.012668068601474
10 0.007015621405321
10 0.008745018283435
10 0.006917305909281
10 0.015337591702156
10 0.009817292892622
10 0.007663228033052
10 0.003753733912660
10 0.008660773859359
10 0.008677054935888
10 0.009228623880085
10 0.013598934822200
10 0.008106098682182
10 0.006906197148444
10 0.007155018015768
10 0.013497708343553
10 0.019090387064532
10 0.005440247829457
10 0.011830722698746
10 0.008330392135100
10 0.009918809210972
10 0.009349091263682
10 0.009649846421358
10 0.005713954216604
10 0.011675417215913
10 0.008035662568793
10 0.013302339210272
10 0.009967889399143
10 0.005774266718139
10 0.007843749163800
10 0.011358104659341
10 0.009003537273758
10 0.012123286079338
10 0.013506800628658
10 0.006940557207446
10 0.007044713262923
10 0.006762723300494
10 0.009572718868429
10 0.011960344719529
10 0.006597351039766
10 0.012765826508014
10 0.006907217465993
10 0.009900450972518
10 0.008859856857223
10 0.009212248984290
10 0.009403363156452
10 0.018385276347028
10 0.003783273561175
10 0.018349886064329
10 0.005496718110835
10 0.016949786484744
10 0.005660396958750
10 0.009367889125547
10 0.008924159332594
10 0.007051151175790
10 0.006058182179638
10 0.004301020962751
10 0.005958755247195
10 0.013645573435795
10 0.007334772919704
10 0.006546002466870
10 0.009087185957178
10 0.017744634831819
10 0.006680724975050
10 0.005993599265957
10 0.007483156109724
10 0.006712766423072
10 0.010489650998791
10 0.006195837909238
10 0.008069444588712
10 0.010748033054226
10 0.011082499970375
10 0.008812708397452
10 0.009780964102805
10 0.011731704912650
10 0.006880616187195
10 0.009085293118401
10 0.009471281973915
10 0.007208471481703
10 0.011119430479064
10 0.006636638689148
10 0.007984753940309
10 0.009553154852737
10 0.010633918208247
10 0.010068484681694
10 0.004801808985506
10 0.007230946648107
10 0.012739439827456
10 0.008524746233897
10 0.007698886668882
10 0.007212745632335
10 0.008986355171746
10 0.008391299187139
10 0.011343934348451
10 0.007935506188990
10 0.006938843114027
10 0.014222021662769
10 0.012425505159902
10 0.007463194675755
10 0.010232816379042
10 0.005831162346341
10 0.008334797328944
10 0.007648222833874
10 0.006610955379983
10 0.008566699788781
10 0.006386904090372
10 0.013512706401761
10 0.014808577287595
10 0.011549869846616
10 0.006509352902908
10 0.013620747616392
10 0.009499608375339
10 0.006023315977504
10 0.005449334990576
10 0.011153159075384
10 0.011660898955767
10 0.016827755991603
10 0.009199578211479
10 0.010731432754992
10 0.008357856087498
10 0.011796945529772
10 0.008019161820496
10 0.013267863192922
10 0.011541037579340
10 0.017664765084916
10 0.005759018526537
10 0.006834473219950
10 0.006980445402921
10 0.013246911902408
10 0.011650563629596
10 0.012754859368862
10 0.004715284171272
10 0.005289874753185
10 0.007454995995392
10 0.009805106604745
10 0.006950028752559
10 0.007411115447014
10 0.011649283426505
10 0.009950143004183
10 0.012581581417914
10 0.008219893701028
10 0.015182409936927
10 0.007967104994263
10 0.009787779453328
10 0.008900798708149
10 0.008437092566782
10 0.010126423233964
10 0.007138365661550
10 0.006178939870287
10 0.003759874405485
10 0.003492857563616
10 0.008092984555134
10 0.010450855186925
10 0.017231484140070
10 0.008540959421138
10 0.008128675765157
10 0.012253247876567
10 0.007909087676118
10 0.009478828667107
10 0.009140924068321
10 0.019223729481000
10 0.012802064508886
10 0.004673741544903
10 0.014201280836433
10 0.009264751413591
10 0.004811477536422
10 0.008848092475338
10 0.006749171841521
10 0.006256803712358
10 0.008474248607274
10 0.008730231583008
10 0.007942446289811
10 0.007882327580684
10 0.006214068400742
10 0.004984921359782
10 0.006820807042239
10 0.007690780256790
10 0.012101979014892
10 0.008010206414990
10 0.006605660171649
10 0.005903621623795
10 0.007490813615267
10 0.011011699856152
10 0.012794156701091
10 0.010503596657128
10 0.006538812431495
10 0.008389251071837
10 0.017783946241257
10 0.014442127651346
10 0.011773586815425
10 0.007256278316391
10 0.008939335469525
10 0.008792020715030
10 0.006743317438981
10 0.010334567616223
10 0.007263375458783
10 0.007538238938121
10 0.016665794985130
10 0.007746260317156
10 0.009584131310124
10 0.014324058975947
10 0.008642855916831
10 0.012139818163297
10 0.010640465361925
10 0.011536019837195
10 0.010464903689466
10 0.006445393311517
10 0.010596634186767
10 0.009023646136860
10 0.017086139158879
10 0.013109524881092
10 0.006062094113686
10 0.013880396181255
10 0.013275110410171
10 0.005305412072499
10 0.006781935899517
10 0.006930681854369
10 0.015441619180831
10 0.007263005060115
10 0.007008762805782
10 0.008683018687505
10 0.008671820917963
10 0.010429926693002
10 0.004194872215639
10 0.006098620266490
10 0.010947572773423
10 0.006454477955263
10 0.005638755542245
10 0.008198533635126
10 0.009655334999780
10 0.008756013415424
10 0.011365848442291
10 0.007046950624746
10 0.009018436133631
10 0.009293693289309
10 0.008679837028556
10 0.006974142076833
10 0.006223601672139
10 0.004817848321224
10 0.007302096131905
10 0.006747805640782
10 0.009997735261285
10 0.008448369093797
10 0.010154148693667
10 0.009666841168336
10 0.010888743378928
10 0.007564898925914
10 0.010203136616737
10 0.007669451998714
10 0.011733495037565
10 0.008591030551537
10 0.012540468654580
10 0.009129529085295
10 0.005027789817410
10 0.006785393896805
10 0.010631754691866
10 0.011747455704751
10 0.012670185017664
10 0.008036486565859
10 0.010372300370721
10 0.014690854035991
10 0.016822424545726
10 0.015015191507910
10 0.010862952369407
10 0.003795234649233
10 0.012537047566375
10 0.014573941555878
10 0.004536149217561
10 0.010066993874419
10 0.008542730250014
10 0.007306356991179
10 0.008317457850820
10 0.005777500133966
10 0.004050626712380
10 0.003509500835364
10 0.009808363471758
10 0.005222216853806
10 0.009054077324266
10 0.010025016306518
10 0.007031561022154
10 0.014895707192696
10 0.014009955764108
10 0.008653204405560
10 0.003465756374157
10 0.007679424393771
10 0.010935559131821
10 0.008142192821314
10 0.008783087385678
10 0.007754189675851
10 0.007268016556382
10 0.005737780803401
10 0.007822736784188
10 0.004934731295099
10 0.010031882882895
10 0.007048200537022
10 0.007330458513445
10 0.011500483261310
10 0.006540080078692
10 0.007019683069580
10 0.009915214111711
10 0.005538396050666
10 0.009645727271176
10 0.009609684595732
10 0.004556324720978
10 0.008739108187229
10 0.007072836758113
10 0.007978127329060
10 0.007516762107997
10 0.011398776465840
10 0.003704509944287
10 0.008391423631335
10 0.011437113478982
10 0.011366082840686
10 0.009749316465598
10 0.004330637020187
10 0.010426646120024
10 0.009362191079534
10 0.008376650638128
10 0.010682262458668
10 0.010709090814250
10 0.011108075211595
10 0.005278725856640
10 0.008838602601305
10 0.008442774196566
10 0.009729821589076
10 0.007397476502480
10 0.012131509362151
10 0.009304874697134
10 0.014788343282130
10 0.013758330760040
10 0.004883194129323
10 0.012957265644594
10 0.014013650315427
10 0.010313605213635
10 0.005470021153137
10 0.009705703130907
10 0.014024520796006
10 0.009871828769433
10 0.007572318163324
10 0.005182512558260
10 0.007693289414525
10 0.005373188751404
10 0.005783364891220
10 0.025534721283719
10 0.006480137323853
10 0.011856536093446
10 0.013322555218701
16 0.049652307165783
16 0.047423618829635
16 0.031087802461493
16 0.030539155609358
16 0.054256980891928
16 0.051500500344171
16 0.045237256750459
16 0.078267627405123
16 0.025971196704957
16 0.061207778304976
16 0.045543984920378
16 0.115910796515012
16 0.102324033799810
16 0.069233273988809
16 0.066011849503746
16 0.029263188609645
16 0.028914157616871
16 0.076140674062947
16 0.069817323516804
16 0.073304102249747
16 0.074513634264194
16 0.065419130193004
16 0.032156292793011
16 0.047836161802455
16 0.052491585482204
16 0.060591395250512
16 0.055474141927358
16 0.066381345747991
16 0.033396465041796
16 0.060197457688975
16 0.111253361286677
16 0.064543641388335
16 0.054312614190564
16 0.085783098794007
16 0.069355134871313
16 0.055137888853344
16 0.088446552954003
16 0.057250167296478
16 0.054326615622947
16 0.062644536706700
16 0.036710090274720
16 0.042820514010273
16 0.083060792676476
16 0.076919995260545
16 0.034836991436546
16 0.059758634967474
16 0.081917000447927
16 0.070264302105918
16 0.033621024130109
16 0.026919145279755
16 0.055188657672658
16 0.034100417488378
16 0.064461687956231
16 0.065594552148512
16 0.080946778079520
16 0.027948016099807
16 0.035578302183121
16 0.094827022227274
16 0.036081306845676
16 0.050516241404535
16 0.070013738102282
16 0.061730091949631
16 0.074973931667354
16 0.076603478739335
16 0.050862707253808
16 0.058804584568188
16 0.054436860295988
16 0.028171624050590
16 0.065094025434250
16 0.055112944817419
16 0.069451009250634
16 0.051545492931295
16 0.045493305402328
16 0.055618579076647
16 0.051646002455677
16 0.064481738718408
16 0.074769408902603
16 0.045541204186662
16 0.079913628119435
16 0.057414143319797
16 0.071980689857613
16 0.052841963240311
16 0.033001317643758
16 0.053475104672284
16 0.058746923048989
16 0.062558912641684
16 0.071460693094243
16 0.049462278119363
16 0.054108049958083
16 0.082061392761599
16 0.059949064333242
16 0.065215226698588
16 0.061962669172910
16 0.054858459431472
16 0.028561679891255
16 0.063649420813075
16 0.055787435080786
16 0.025743190329026
16 0.048857511671312
16 0.061627318750674
16 0.059927748047154
16 0.084946638544733
16 0.052515951011210
16 0.039729824353466
16 0.138587596277246
16 0.047164173178039
16 0.057413508704595
16 0.070780944546028
16 0.074665159505600
16 0.055531146899610
16 0.056755619492462
16 0.093657188837872
16 0.048798459295382
16 0.040951360829012
16 0.100521571620399
16 0.088402648846377
16 0.042849276707619
16 0.053740012131115
16 0.045726962200148
16 0.052632246441002
16 0.058829479079721
16 0.039958675891780
16 0.064901724733005
16 0.057056669052502
16 0.048752124488859
16 0.064530681459582
16 0.066877961610045
16 0.045960184005894
16 0.055962684775477
16 0.034508852117805
16 0.043792463368229
16 0.066186493498765
16 0.048713132134908
16 0.053366673425461
16 0.059023531682099
16 0.074707576926247
16 0.068336306922232
16 0.090100624223753
16 0.026541528807309
16 0.086043135875283
16 0.052252789081039
16 0.031692659386337
16 0.027886644946219
16 0.037080922929619
16 0.063357714435226
16 0.061328972385702
16 0.072519804267596
16 0.046391571533130
16 0.060263176054546
16 0.052391712611006
16 0.077994648708219
16 0.056343946047299
16 0.112288762690828
16 0.038760306239506
16 0.044633020703797
16 0.052448510692097
16 0.051113132442554
16 0.095119513793251
16 0.049300074707930
16 0.048349221814215
16 0.079173610789224
16 0.062688627307735
16 0.067598773096727
16 0.033450935403094
16 0.044236039100370
16 0.034907622747197
16 0.052265167333113
16 0.034481833507047
16 0.072955902764075
16 0.034749391886330
16 0.036415201830825
16 0.091168862482778
16 0.054918386402869
16 0.060049004506973
16 0.080254401727220
16 0.064966046829683
16 0.113327631561172
16 0.058837872568093
16 0.044861467809773
16 0.091440541600006
16 0.057747843279221
16 0.075193431125277
16 0.032121605749901
16 0.066824462033853
16 0.097345067942246
16 0.047640577674818
16 0.050438633196905
16 0.071985592295479
16 0.072456503477666
16 0.049041906823092
16 0.057442750565892
16 0.070901947371552
16 0.065916309768580
16 0.051624764139169
16 0.036751856076234
16 0.059125954076461
16 0.047511637790180
16 0.056134142453304
16 0.097275294639101
16 0.041710618879591
16 0.083460540237852
16 0.048308377025944
16 0.061284554811140
16 0.044254398382047
16 0.053728511592911
16 0.057679776336457
16 0.064629357342507
16 0.048502618145183
16 0.054269073980121
16 0.082396637324922
16 0.042534911770429
16 0.058708982766853
16 0.043816854773030
16 0.036798143795636
16 0.020507434073969
16 0.036584256215112
16 0.028617737553656
16 0.034174269614413
16 0.031116201535981
16 0.085428681227795
16 0.038553381425490
16 0.039525842711752
16 0.035021750954046
16 0.039359226821788
16 0.076926384869950
16 0.081606209710089
16 0.062407715225509
16 0.066204978243113
16 0.054362746420821
16 0.044931622084478
16 0.051683481869717
16 0.066157828412253
16 0.047302211005811
16 0.053286849402324
16 0.028788520283995
16 0.058623517931498
16 0.120418383899139
16 0.050874813767772
16 0.073836147229810
16 0.093452046474577
16 0.112210616786598
16 0.090296314149102
16 0.125940969542334
16 0.037339200823948
16 0.068958527279911
16 0.039949152184431
16 0.034597505063284
16 0.063716859466536
16 0.035389773463314
16 0.051568845222553
16 0.076532411632061
16 0.045799898337277
16 0.034125211529176
16 0.066437774425175
16 0.095508748961741
16 0.035594622327709
16 0.047293519692409
16 0.052832777538429
16 0.073033580412533
16 0.047779059862163
16 0.051006150715081
16 0.032167173833839
16 0.058239464589391
16 0.062108437491887
16 0.084164563224475
16 0.048385982729456
16 0.046508917342383
16 0.066592626586440
16 0.041263187552085
16 0.060581349064821
16 0.067899163140294
16 0.106000968200703
16 0.026195503441374
16 0.034120138533362
16 0.047946226023178
16 0.043376975424772
16 0.063120107385644
16 0.053492131593569
16 0.057727321559842
16 0.064652180050316
16 0.074178250166255
16 0.032186943242070
16 0.060827278209817
16 0.064402807179510
16 0.048019941681535
16 0.089401108875427
16 0.093993191270274
16 0.043711950364030
16 0.065194354869319
16 0.060772960915989
16 0.037840574903747
16 0.033859076582159
16 0.086286322167139
16 0.066988400349606
16 0.061718929122872
16 0.028146521728965
16 0.040389255249997
16 0.082928131427976
16 0.046849952401499
16 0.038526942320386
16 0.063984999783916
16 0.036869362895126
16 0.029941633557102
16 0.046855112866576
16 0.036869869206893
16 0.069973333983830
16 0.032067021416299
16 0.050391481149017
16 0.046103407506851
16 0.050382356792775
16 0.048812994749726
16 0.064423215847588
16 0.051902177683326
16 0.043086908919283
16 0.063661669659100
16 0.084310310374741
16 0.048962533324197
16 0.117229300051296
16 0.041672426817899
16 0.068662031671228
16 0.080291344092597
16 0.057602596138542
16 0.040574576920206
16 0.053978563900260
16 0.047073496555698
16 0.032583170751123
16 0.075581721656298
16 0.067292935490605
16 0.112975997428406
16 0.064221606068465
16 0.082316149275610
16 0.057954102956435
16 0.059055339931652
16 0.044220963723866
16 0.066069976581297
16 0.028850572184972
16 0.071577514655472
16 0.062675322919614
16 0.106518249491863
16 0.038129387038951
16 0.028881572709018
16 0.075851527758287
16 0.076905425867216
16 0.108449561893106
16 0.063607296626582
16 0.037126523036274
16 0.079393441906244
16 0.078800394227050
16 0.048279145030714
16 0.036221499532759
16 0.063091081761517
16 0.031180307381186
16 0.037256319148014
16 0.057845554482787
16 0.101128602918430
16 0.043786859765957
16 0.076796043587203
16 0.080830080766329
16 0.083434900721319
16 0.038063616312140
16 0.040037737208435
16 0.052869394020294
16 0.069112418924914
16 0.053094914287523
16 0.080972562352038
16 0.056965724048361
16 0.049084467485876
16 0.100568650305938
16 0.103132823809988
16 0.059184889008781
16 0.062700034042901
16 0.054245875481964
16 0.060235741850603
16 0.033024503119242
16 0.055248711461881
16 0.038519427378526
16 0.103918875981250
16 0.047781758140747
16 0.095911677565905
16 0.039920656645149
16 0.076719558711767
16 0.040797016332109
16 0.058668876770872
16 0.066113912652479
16 0.030884904931260
16 0.030205471197662
16 0.024724292684572
16 0.059866773234766
16 0.036065279439263
16 0.092249986227122
16 0.078498074961188
16 0.042676525473605
16 0.060234659387697
16 0.046319492357561
16 0.049928493583633
16 0.067487027482691
16 0.048864209870192
16 0.096739792819731
16 0.091151281464689
16 0.031327269259503
16 0.045523053627638
16 0.040551678530658
16 0.049487231776977
16 0.062387477820771
16 0.057217881060209
16 0.051569292131276
16 0.046756597989604
16 0.073157832924575
16 0.035524996857866
16 0.048884853821799
16 0.055298183334692
16 0.058012117977724
16 0.050871697027665
16 0.029933422116003
16 0.047998499449485
16 0.059256379209620
16 0.044404460082817
16 0.037325363173450
16 0.070207734467256
16 0.047326033396123
16 0.037425795273816
16 0.063136325338698
16 0.081028052273503
16 0.041350784129348
16 0.049399721475175
16 0.040829638551232
16 0.045450459940199
16 0.047294009719634
16 0.040307424740258
16 0.079271569076480
16 0.042046208173705
16 0.083892370654583
16 0.054879126013392
16 0.074009651014490
16 0.052208441989361
16 0.073094193784874
16 0.079762717634704
16 0.072800615728378
16 0.051734578220000
16 0.029154627531597
16 0.067656666660160
16 0.049785980092126
16 0.059949221188655
16 0.046412193199898
16 0.045312573245580
16 0.064659018027061
16 0.066577713930969
16 0.070385111143952
16 0.064014278503587
16 0.063795987655910
16 0.072450048994662
16 0.034761315251007
16 0.043495511147123
16 0.077388140827695
16 0.056580300580972
16 0.066587899623617
16 0.040607577784346
16 0.049551267834821
16 0.073951289271174
16 0.053770281167154
16 0.033506955703613
16 0.082309009164781
16 0.068662163605546
16 0.029110759428123
16 0.043455912168813
16 0.067883273607482
16 0.048521123522093
16 0.049672683674539
16 0.082609865871831
16 0.048159307324591
16 0.060607697240051
16 0.044137201744649
16 0.061520627601951
16 0.053126476436039
16 0.068878035129843
16 0.050226959771757
16 0.082248251669817
16 0.045006836462080
16 0.028865161706244
16 0.037030460129326
16 0.058909707484861
16 0.057882361307786
16 0.063362948500598
16 0.047330717467118
16 0.059317050114744
16 0.087450476570168
16 0.036678254022545
16 0.046809948965840
16 0.038572096013873
16 0.099255466040836
16 0.033731723386010
16 0.062222884138987
16 0.027568408282100
16 0.033122346386570
16 0.037432738630272
16 0.051226289663363
16 0.055215569459514
16 0.054670265871301
16 0.066375863566231
16 0.027429892771015
22 0.300977129493599
22 0.155681808159339
22 0.213993643381754
22 0.167280274219844
22 0.149863305755062
22 0.142605205875717
22 0.202555792703039
22 0.185090762393563
22 0.169036524201323
22 0.210981529520748
22 0.203018384127403
22 0.148879274803495
22 0.164784612040691
22 0.114290434818171
22 0.228034382201338
22 0.318990147816168
22 0.171741572571432
22 0.171998977847473
22 0.101887494697682
22 0.173118041677769
22 0.179534096683652
22 0.183524019318629
22 0.439316799278728
22 0.142771765166785
22 0.277620233858948
22 0.154419006465140
22 0.216410606941333
22 0.201314786472431
22 0.147824438665180
22 0.116419664931771
22 0.138573468968260
22 0.096630011496804
22 0.199045016861620
22 0.215981593765294
22 0.149116690210651
22 0.185893316262256
22 0.283113242735911
22 0.219145372396404
22 0.197749432970336
22 0.274281732049165
22 0.208441344282304
22 0.285493330420505
22 0.255422308802454
22 0.305374301375679
22 0.164243151637288
22 0.120415654695090
22 0.159800551063328
22 0.163327985738975
22 0.207402007862497
22 0.128090989903021
22 0.145877285946872
22 0.172333255966743
22 0.127722789176338
22 0.187335100295043
22 0.168326351223825
22 0.240846151077098
22 0.154581472626026
22 0.124391585993713
22 0.144340525125065
22 0.199513736554781
22 0.219126538492600
22 0.108897972599003
22 0.218133273490307
22 0.119732267140816
22 0.137766676255594
22 0.229796628667897
22 0.242351761410959
22 0.105566353579318
22 0.170415512220119
22 0.114419179122990
22 0.269812579327710
22 0.167556931796186
22 0.303459573943398
22 0.141853521999776
22 0.197688156390656
22 0.260823291327225
22 0.112424708216117
22 0.152407743412236
22 0.317050513345583
22 0.224982886398560
22 0.198261200315810
22 0.114933349392228
22 0.134812686778955
22 0.167446415630997
22 0.179233955482865
22 0.133419371353604
22 0.165937988357830
22 0.171070094209576
22 0.244264748571777
22 0.176616753489968
22 0.179374641799724
22 0.359671795144128
22 0.265272483142387
22 0.127036138317847
22 0.119053458809443
22 0.198708894214096
22 0.196343573334951
22 0.120625510321381
22 0.193119003700914
22 0.182152707747280
22 0.233468630994081
22 0.167380289104940
22 0.226756352957207
22 0.221759713095615
22 0.117240009111384
22 0.173603279246831
22 0.118541801216237
22 0.217392678123630
22 0.142469562660810
22 0.387311046511115
22 0.180407810160847
22 0.262540763376949
22 0.098046101448871
22 0.226492193404049
22 0.117078654428210
22 0.198364030022391
22 0.159079886125402
22 0.117541611534024
22 0.265021324155254
22 0.155613771004411
22 0.290272109202859
22 0.112145612646549
22 0.189430789233252
22 0.125563220090239
22 0.265649254558531
22 0.181605040544729
22 0.148895132715947
22 0.090087928184885
22 0.186560830147706
22 0.200817419554485
22 0.163251243226513
22 0.242798347961720
22 0.179046389657399
22 0.201974092807572
22 0.220574430348182
22 0.192408487921875
22 0.151754672518914
22 0.336320366772338
22 0.096907074866862
22 0.100737773594341
22 0.142101776725332
22 0.194782662622074
22 0.147213706460504
22 0.221611365270725
22 0.192913209266907
22 0.126697371393106
22 0.282438341011477
22 0.327468918480887
22 0.120192323950510
22 0.258115523045391
22 0.219173092931711
22 0.134215478146701
22 0.159222399148494
22 0.342151086655044
22 0.192321228433083
22 0.212064187739131
22 0.289365528060548
22 0.195953274420765
22 0.291704802125320
22 0.202936048127856
22 0.344103066489350
22 0.167110081403574
22 0.168398690939121
22 0.117629041379776
22 0.101919966262741
22 0.183464903612144
22 0.315033765793474
22 0.124340052959770
22 0.359766329288863
22 0.172361576452731
22 0.166871952585686
22 0.107756430760938
22 0.212628130986593
22 0.177280014044102
22 0.104872734116380
22 0.174018752463151
22 0.216697192931103
22 0.141172110922394
22 0.227420172090094
22 0.215929132065813
22 0.267749702235020
22 0.142568159994959
22 0.252597281015952
22 0.196853049250032
22 0.099714210930879
22 0.200849495509047
22 0.258116131136936
22 0.197969042476005
22 0.101806283923553
22 0.265610709671146
22 0.186458418042300
22 0.176772984789122
22 0.098571550391211
22 0.126963694976425
22 0.245389308881540
22 0.260924971899210
22 0.294939667062693
22 0.361552590605351
22 0.158551080716328
22 0.084611398420971
22 0.193744788856196
22 0.142353351075205
22 0.200516820906666
22 0.145521810737796
22 0.221115976453034
22 0.253465702568511
22 0.182880263102102
22 0.288540247300638
22 0.156402518088020
22 0.120493423906696
22 0.146480280928661
22 0.156583709084380
22 0.243534455883326
22 0.198457801979713
22 0.209872674123417
22 0.135286738256680
22 0.280594834389289
22 0.190701899397262
22 0.239484770717660
22 0.312539201094142
22 0.238702584314888
22 0.238957337296457
22 0.206118714327951
22 0.248108686591273
22 0.212288842918174
22 0.101887097110183
22 0.127385971351673
22 0.116344138808081
22 0.248200877565063
22 0.105489527831100
22 0.147566719715357
22 0.379154444324907
22 0.180970439768504
22 0.173711600811321
22 0.145248359554521
22 0.169566762279385
22 0.126224141680944
22 0.204305103354847
22 0.166692438806117
22 0.169070818458037
22 0.165782451871800
22 0.118863026038461
22 0.119608669174189
22 0.130596296489049
22 0.213426446926073
22 0.091748760084533
22 0.133551848628590
22 0.154723078895713
22 0.110524843922793
22 0.247590735698728
22 0.129521310939331
22 0.183492314689069
22 0.176556798831760
22 0.243646362278278
22 0.195858685332287
22 0.117362248778985
22 0.121953993472917
22 0.110147187239193
22 0.423669145241711
22 0.233714372669341
22 0.182125315450095
22 0.202986935452966
22 0.167756899811601
22 0.126704745182732
22 0.169993208714453
22 0.150805348217535
22 0.158096847350199
22 0.142201404571427
22 0.253061272365261
22 0.147679683430787
22 0.124141601409953
22 0.196899704395314
22 0.281489538365486
22 0.147627185299326
22 0.123197713890962
22 0.127036085616878
22 0.179541691245541
22 0.131333828382731
22 0.147546947051219
22 0.219240359347285
22 0.164464373077725
22 0.269591238595365
22 0.138887354016830
22 0.248868042868892
22 0.247058129766165
22 0.151100684135013
22 0.104903879540987
22 0.144587271729790
22 0.126597475289203
22 0.169352711919579
22 0.190387939197573
22 0.236751613854096
22 0.300492049132515
22 0.356376748437007
22 0.124372799237490
22 0.139967270569494
22 0.187501538331835
22 0.326530502307442
22 0.122121706357001
22 0.368780858825833
22 0.155118201498074
22 0.269645318317850
22 0.228895152000355
22 0.181269325399542
22 0.122956535908423
22 0.300859483644031
22 0.141496589950051
22 0.201945869954635
22 0.126896912869408
22 0.316720699642330
22 0.175957586865731
22 0.146695970677910
22 0.174398840346980
22 0.237688850308722
22 0.201730619120387
22 0.238812054320499
22 0.330906629754212
22 0.270132633876944
22 0.095911245850050
22 0.216973555677661
22 0.123078448870591
22 0.098738907131165
22 0.086790150933258
22 0.166944008960452
22 0.138102112941566
22 0.285210343938853
22 0.090455373421860
22 0.155521279306923
22 0.185127408133988
22 0.114751989361090
22 0.201889669673513
22 0.205856707667990
22 0.122699755871483
22 0.152034392319037
22 0.138367217336611
22 0.216689449190069
22 0.136390642887011
22 0.222051449376132
22 0.244557853918704
22 0.146919208683790
22 0.188481927592973
22 0.171497574179463
22 0.115419092059218
22 0.250514170876997
22 0.145050967453836
22 0.221033696214869
22 0.237962269946995
22 0.153734411280729
22 0.285478190302722
22 0.135978359793934
22 0.340844835105974
22 0.092382929974475
22 0.287852580060058
22 0.202335183762156
22 0.098812062291149
22 0.119722885591234
22 0.255634832236028
22 0.145834872842454
22 0.187726141722048
22 0.129008474019711
22 0.127257997232839
22 0.167690298612544
22 0.166017254475105
22 0.218970446253670
22 0.167018142442945
22 0.126946634099497
22 0.133747112564575
22 0.290903330124967
22 0.162764196230767
22 0.189602585426509
22 0.130956571255537
22 0.227631217214727
22 0.249919110238587
22 0.310266315030095
22 0.104500635839741
22 0.164418784145270
22 0.142652546651762
22 0.098045497267399
22 0.248919394974831
22 0.132406502211428
22 0.146894059411042
22 0.165381408727706
22 0.156491852179007
22 0.125198541636279
22 0.175211078385398
22 0.337535440647424
22 0.310090134331365
22 0.270657606333946
22 0.112686292999512
22 0.113001938616208
22 0.109587535131821
22 0.229277440941240
22 0.257607568124773
22 0.186072100631843
22 0.190287235961863
22 0.213433523622665
22 0.253290337537787
22 0.120459357846133
22 0.230530567828857
22 0.259904836590692
22 0.232972151659108
22 0.098242452944060
22 0.145490704508221
22 0.124288538138347
22 0.148497457972915
22 0.153639939610091
22 0.165536851671201
22 0.200566120644142
22 0.193283717211034
22 0.234933116724257
22 0.204273290712244
22 0.145795960955052
22 0.308783709079269
22 0.172536595971963
22 0.243720909986017
22 0.169894783270647
22 0.149165909226197
22 0.151198723753869
22 0.173444747560987
22 0.130508775820169
22 0.144703308405971
22 0.117353559515100
22 0.168485147445958
22 0.201192373926387
22 0.128181165789501
22 0.134403827327448
22 0.095984556643503
22 0.200336520049679
22 0.217803972467792
22 0.208810911193381
22 0.410735696490168
22 0.314450018364086
22 0.179553766048306
22 0.291532375726406
22 0.192449255266439
22 0.194195232469556
22 0.333560873913456
22 0.271350511569088
22 0.214314709928296
22 0.365616635191942
22 0.144715668278777
22 0.174578476238207
22 0.295280213230975
22 0.146481711506711
22 0.097473789884024
22 0.259519997687612
22 0.162063113734038
22 0.124776632086565
22 0.181701307895723
22 0.201507416245460
22 0.092943188259910
22 0.211983119931990
22 0.159199134872405
22 0.216151661502032
22 0.310503701488177
22 0.095854755225445
22 0.137481561510694
22 0.157759703510343
22 0.103540258459599
22 0.204931659624369
22 0.133773550161721
22 0.218028247997277
22 0.141243658916297
22 0.274961962627588
22 0.332871536790692
22 0.238657523765572
22 0.139364850609031
22 0.158295463315020
22 0.225098765427364
22 0.195701243178232
22 0.254956810211830
22 0.223887352022714
22 0.237833964689445
22 0.152935995933317
22 0.253340435933804
22 0.091988382409406
22 0.260852902240185
22 0.162297756478628
22 0.192281751953318
22 0.243225536738125
22 0.231459073028860
22 0.310541150921008
22 0.191159843783324
22 0.246280185000672
22 0.114740792303976
22 0.096293676728462
22 0.129450321681357
22 0.166263263668085
22 0.165372219568453
22 0.483610140453417
22 0.120068228560538
22 0.188307699493312
22 0.086325041546595
22 0.147089931529804
22 0.124019871256561
22 0.325336059687002
22 0.103274534613488
22 0.146165374795327
22 0.172193986621936
22 0.273322802936962
28 0.796519798846981
28 0.335733718061728
28 0.525769463136824
28 0.640325323991024
28 0.272792110238154
28 0.348794416620658
28 0.463709904142482
28 0.168762633187593
28 0.559907783838079
28 0.235893977226067
28 0.351577033604449
28 0.399720816533874
28 0.416434513712720
28 0.698979726451047
28 0.364825519579564
28 0.691076695373435
28 0.452915618680094
28 0.496587540381862
28 0.279294269622527
28 0.592643642150102
28 0.497449407514192
28 0.758705673077286
28 0.537648397598893
28 0.317292944704950
28 0.335055551443650
28 0.358692021901914
28 0.493393988353108
28 0.230786836487911
28 0.619916876931477
28 0.420628559627906
28 0.677195633536633
28 0.350623899479795
28 0.368705025012170
28 0.420497982588170
28 0.597755195563257
28 0.791668834091449
28 0.270070909024740
28 0.599549196813802
28 0.404309574875364
28 0.190036843818155
28 0.282165251128155
28 0.264394969501345
28 0.440212939744787
28 0.327326372657840
28 0.695577348006666
28 0.371671322383830
28 0.414243507551548
28 0.563769345626275
28 0.314444416178784
28 0.330061480756894
28 0.244572672664654
28 0.661503113203665
28 0.363419239324853
28 0.443800014746816
28 0.525637663552112
28 0.638824806548723
28 0.314605757836551
28 0.321380807184958
28 0.230681489672314
28 0.277505277893692
28 0.203138469884741
28 0.659800614992839
28 0.561323717227940
28 0.398624145286003
28 0.616965602276026
28 0.365946736108482
28 0.432794228779606
28 0.480863072900903
28 0.325242464657050
28 0.452834459982913
28 0.853379922722108
28 0.396287424206463
28 0.526606656812075
28 0.654124300722382
28 0.285513920304333
28 0.200470135219589
28 0.395947815347842
28 0.237685976747653
28 0.435484896520376
28 0.409865790653691
28 0.431460899364595
28 0.612869816723383
28 0.514243972886780
28 0.254835077100722
28 0.379062226534026
28 0.448829269278870
28 0.414301785567059
28 0.475543008834447
28 0.492601578453471
28 0.488743569132287
28 0.253576248059131
28 0.409949116009010
28 0.377566836550616
28 0.383934160021572
28 0.388364600597146
28 0.239331837602630
28 0.339156759323902
28 0.489508162289921
28 0.262063561314490
28 0.492812834247514
28 0.519116256356807
28 0.427468305579880
28 0.449715863011141
28 0.254721093534453
28 0.379526981811170
28 0.983331045517093
28 0.330497201556414
28 0.517694110063774
28 0.394129836754522
28 0.291744513471117
28 0.526641843065635
28 0.805591914721578
28 0.430731462074586
28 0.566518088078186
28 0.560529776125634
28 0.470530388775122
28 0.777939383585417
28 0.337659008461722
28 0.474477602945885
28 0.643121495242357
28 0.871559742467880
28 0.650829429363618
28 0.470044375508529
28 0.396091056427851
28 0.317364048324226
28 0.612596365059673
28 0.554461278691610
28 0.306117219762590
28 0.442387870863415
28 0.294387182114778
28 0.409645899016740
28 0.487475286790581
28 0.265155588532938
28 0.243698685718454
28 0.323368793759653
28 0.511669758329289
28 0.374470348637472
28 0.353387050157564
28 0.494282693550202
28 0.787806595777959
28 0.334149954241865
28 0.700637657206828
28 0.261286676084491
28 0.866504804079656
28 0.279900466567467
28 0.435714168826473
28 0.388215924985646
28 0.542053873554428
28 0.268098302124624
28 0.429090377767484
28 0.785971449512492
28 0.655853279119643
28 0.336672877063483
28 0.268748168853469
28 0.346112651455689
28 0.336169541428701
28 0.392775279466263
28 0.357188091848053
28 0.424151110594992
28 0.375934910916467
28 0.470934306579836
28 0.227889263118481
28 0.262334218987379
28 0.505586067780664
28 0.445592033859017
28 0.448082407733587
28 0.516526202620489
28 0.605828740344326
28 0.321549603013866
28 0.399759517453330
28 0.766897126953973
28 0.259920198641587
28 0.602477512746617
28 0.545945792825935
28 0.358195252109931
28 0.258506782939359
28 0.477535692547355
28 0.321358688610757
28 0.318774021684923
28 0.432303528283265
28 0.322525245601569
28 0.218464025196662
28 0.467918307905996
28 0.366545742390973
28 0.554246526215289
28 0.457217152570120
28 0.275206245699872
28 0.619497283313024
28 0.412417482419334
28 0.385959503140382
28 0.621393681933193
28 0.792287425395559
28 0.373609733365283
28 0.556817973195049
28 0.727362233412069
28 0.383385716260408
28 0.443757735410188
28 0.327526043486707
28 0.256947035910963
28 0.376141848654882
28 0.389519949627920
28 0.614969694775908
28 0.486586775223206
28 0.285936504324955
28 0.299812582910332
28 0.283753026417003
28 0.357268013414235
28 0.394157298935845
28 0.195502643844494
28 0.338026525730228
28 0.570786752022133
28 0.344244257962055
28 0.420170276217267
28 0.363208263651408
28 0.311632347782514
28 0.461019132537048
28 0.443327407996009
28 0.337907008855008
28 0.353119787057709
28 0.500360083846480
28 0.352487832315314
28 0.529694873111969
28 0.358006528849149
28 0.436386272131522
28 0.473866079473611
28 0.653680662477147
28 0.750786077566365
28 0.504612738915656
28 0.582916126250402
28 0.206309587623885
28 0.287007011921360
28 0.434996530787935
28 0.782250418806944
28 0.596166257577156
28 0.306615986592669
28 0.294695358895843
28 0.276375385511995
28 0.639692085341146
28 0.500960312508022
28 0.296354163442138
28 0.361885980684196
28 0.303807429592355
28 0.294842766274581
28 0.516657533108798
28 0.442537460794895
28 0.823806572417960
28 0.380128429646749
28 0.482802728420760
28 0.401412042474763
28 0.495353892998473
28 0.441932278253767
28 0.607229212172664
28 0.435591798053722
28 0.576280182999283
28 0.368654879574065
28 0.512490556612295
28 0.472600365670939
28 0.299939114066065
28 0.715360970663312
28 0.394713441539767
28 0.358266836765087
28 0.465911217930390
28 0.418579535328838
28 0.507632382338239
28 0.402467791080497
28 0.702231601001688
28 0.500771999400718
28 0.377341181853545
28 0.501349181757022
28 0.471034493119462
28 0.347755841327428
28 0.788749199864329
28 0.302285131378928
28 0.266342273364939
28 0.454806309800589
28 0.366488829099741
28 0.313488066656149
28 0.632707397704974
28 0.336330234532536
28 0.886302424744533
28 0.302536772175621
28 0.324923828484194
28 0.362437423272766
28 0.319889829191673
28 0.715630466235857
28 0.490201975126769
28 0.305398921852018
28 0.476741473846325
28 0.209144851271784
28 0.391727924600542
28 0.421777627067135
28 0.277197444786485
28 0.739575110847121
28 0.580130471875439
28 0.565004987495673
28 0.715571374177139
28 0.309996211852314
28 0.365123561600673
28 0.449151523083071
28 0.264238772498059
28 0.487117857702504
28 0.252036460872201
28 0.272462650611512
28 0.404043031254118
28 0.397271670898696
28 0.376049393111624
28 0.366368020266041
28 0.273057427300678
28 0.364512644809481
28 0.662306132365947
28 0.594545567559345
28 0.314839734905872
28 0.475870752273405
28 0.460688077937689
28 0.272273611530711
28 0.516263789627239
28 0.550827484190339
28 0.362672569006451
28 0.315417506827534
28 0.538988200021800
28 0.436740565979131
28 0.971103619400313
28 0.512450936837489
28 0.451950426828082
28 0.497542026285906
28 0.784135100996097
28 0.391767367584531
28 0.536694552082726
28 0.933319016547632
28 0.278478564033205
28 0.295724029269757
28 0.285185982289365
28 0.311536591971419
28 0.326582623409750
28 0.506489412478291
28 0.455697995452010
28 0.371881148489205
28 0.478196166940746
28 0.611765005228619
28 0.547477466668407
28 0.359231700088025
28 0.428617882422524
28 0.499622613878537
28 0.493038435056568
28 0.372583553139744
28 0.316587882992009
28 0.375704885583032
28 0.665946632441557
28 0.253479862561301
28 0.469234128829340
28 0.270927241665616
28 0.249439478481350
28 0.451517481539177
28 0.575122340953860
28 0.486856844873178
28 0.223932719974336
28 0.620596446222272
28 0.445707809871249
28 0.232184810938703
28 0.441165099490315
28 0.853228303744330
28 0.557159195713141
28 0.351737590353244
28 0.375708677767029
28 0.893015592170487
28 0.418143529105372
28 0.363845982961658
28 0.401527929069193
28 0.564391281758202
28 0.382417393241550
28 0.306487804911641
28 0.412845716587289
28 0.460725491852278
28 0.332794045471256
28 0.615347156401068
28 0.495593191653836
28 0.678666637042225
28 0.600118477844546
28 0.609643217824681
28 0.252791856216371
28 0.506277196597233
28 0.346219063037862
28 0.390927382336181
28 0.433963308995374
28 0.432760005057725
28 0.400475717470849
28 0.440666552644469
28 0.203210167009939
28 0.449723016766950
28 0.398651340560891
28 0.414310255834099
28 1.064447141118442
28 0.301681004723059
28 0.693848314865348
28 0.669658934482131
28 0.318431516936256
28 0.332765596558126
28 0.196640147295644
28 0.576120862097177
28 0.323977306218040
28 0.442599335933842
28 0.663535795331835
28 0.740652128423147
28 0.366928038997738
28 0.243901599016628
28 0.507449073964053
28 0.518594146286835
28 0.328133370980328
28 0.395100049734491
28 0.340562406363381
28 0.192869478838181
28 0.538500030336184
28 0.478958800177318
28 0.344593190812182
28 0.452006525165936
28 0.457185603532444
28 0.485619892815494
28 0.868283195073020
28 0.504122989930390
28 0.331594503922915
28 0.349876108152150
28 0.194755699583703
28 0.570236191406059
28 0.514318548483013
28 0.382952983254902
28 0.442144742989924
28 0.205921048199740
28 0.227824317783270
28 0.602772157628808
28 0.716408485313527
28 0.577317006480329
28 0.380028667102265
28 0.462084824989545
28 0.606399918134453
28 0.226780159096462
28 0.529965353746388
28 0.449377049476363
28 0.408509924879817
28 0.281733577706675
28 0.425124049754652
28 0.648476126381046
28 0.321416694876678
28 0.662658880953581
28 0.312011315737296
28 0.625168575110869
28 0.663489128107519
28 0.291076310807280
28 0.310912551062722
28 0.361246281326415
28 0.443931431648621
28 0.326075953241014
28 0.406196797212743
28 0.417054611484436
28 0.338236871573048
28 0.261130149769821
28 0.644754800382688
28 0.287198012689524
28 0.236580475937846
28 0.496211320680051
28 0.302938238969440
28 0.298658195225545
28 0.360698012995099
28 0.531534177695861
28 0.281080111723772
28 0.604870014113254
28 0.293486148847571
28 0.297282105770796
28 0.312979910994261
28 1.065678896968350
28 0.641384662306907
28 0.541698814423165
28 0.256731419917228
28 0.440994927825382
28 0.565613987366947
28 0.438166263650897
28 0.438499275338494
28 0.612938260875699
28 0.472078596911034
28 0.417731216723804
28 0.450181167336627
28 0.286687784313076
28 0.357817191014084
28 0.953604668033258
28 0.855916494785585
28 0.567781126715623
28 0.360944100617167
28 0.424868871858624
28 0.484573577165246
28 0.230743741468867
28 0.564846601576971
28 0.336276377891744
28 0.296177873950265
28 0.340685225305894
28 0.424610488235686
28 0.331379191104663
28 0.182435609259662
28 0.299228507679111
28 0.380367115732391
28 0.635271102257236
28 0.254144372190660
34 1.046479590947251
34 0.553191983984898
34 0.802083811879016
34 0.401615490459474
34 1.144332440163509
34 1.394979391056283
34 1.209913831716307
34 0.845006001539516
34 1.088931096225581
34 1.002309644564260
34 2.081843198860246
34 0.638271402614663
34 1.056893859121993
34 0.725112757088177
34 0.605760290848404
34 0.651989262057922
34 0.611302421945148
34 0.473642804815303
34 0.923845402878739
34 0.586998837346305
34 0.543301277110736
34 0.642357324031768
34 0.767393956344337
34 0.496282322189025
34 0.406181844705078
34 0.792447019169935
34 0.852743186933929
34 0.705607521373466
34 1.582497531236915
34 0.731048276706790
34 0.571434724727518
34 0.742894948615174
34 0.942044110428467
34 0.329045266536486
34 0.495580489305215
34 0.682045857152235
34 0.700166075741569
34 1.499700397235075
34 0.710769001871584
34 0.947428474012117
34 0.771663035342540
34 0.681547839161481
34 0.820668429302462
34 0.597140559384738
34 0.498645162052270
34 0.502042652916010
34 0.631688465752337
34 0.889410125624626
34 0.937722017555086
34 1.259492442082822
34 1.269027252854514
34 0.741794475443931
34 0.996324339438273
34 0.894220466193836
34 0.675066874998740
34 0.768494181126080
34 0.580929527230389
34 0.729480867762389
34 0.837819714964336
34 0.418947010743394
34 0.876741731700657
34 1.134812538308800
34 0.713055889635199
34 0.635674993043143
34 0.804734284079981
34 0.747419027903764
34 1.346797694954520
34 1.163864569326611
34 0.691507832117266
34 0.527435750966789
34 0.802947963974278
34 0.993377704352946
34 1.403602101092134
34 0.565717169862729
34 0.857927514608086
34 0.580522017056429
34 1.464625852362555
34 0.598271989014648
34 0.760989229262165
34 1.186099726092104
34 1.006286305098504
34 0.691359391152857
34 0.392415003415373
34 0.713380756693310
34 0.848493344936884
34 0.905573941482123
34 0.531313864846265
34 0.861115557034500
34 0.710902048592552
34 0.727088223134769
34 0.578734165338067
34 1.083019827730606
34 0.872925957579248
34 0.940356268006510
34 0.694766725675836
34 0.983984807620323
34 0.897961436673768
34 0.479531278582761
34 0.763304726671422
34 1.597214013075193
34 1.328668893199993
34 0.913862621813553
34 1.478689411862895
34 1.091892579398258
34 0.907963655259967
34 0.852015002554656
34 0.560857165318084
34 1.163802360530952
34 0.611418922043907
34 0.643811126967800
34 0.634138738245122
34 1.364851046243642
34 0.792059225217523
34 1.050586759183534
34 0.518689802758706
34 0.626818914603042
34 0.765254142181942
34 0.690587319347677
34 0.964191492626041
34 0.917950502988432
34 1.342010729031129
34 0.357812526074659
34 0.598540474155287
34 1.098202340762856
34 1.201840132829954
34 1.181083581249510
34 0.931200375866873
34 0.668790721638834
34 0.734146821674035
34 1.335477957164810
34 0.860149214762203
34 0.629900982413917
34 0.592421337874522
34 0.505929335453755
34 1.098675434858093
34 0.669150957759010
34 0.989312859901781
34 0.934031355341824
34 1.135999737074825
34 0.770259610733399
34 1.747599459812963
34 0.819779171342359
34 0.794460686967709
34 0.602634837507709
34 0.972831848088248
34 1.025551983383061
34 0.583477160188466
34 1.384021680091228
34 1.517732771064563
34 0.888902232226239
34 1.385693300518718
34 0.704552792862648
34 0.625170757515702
34 1.217572862402210
34 0.383192886789552
34 1.193117940162885
34 1.228160289634014
34 0.549427401229580
34 0.460964260229730
34 0.995925371793110
34 0.622305054372321
34 1.010419766236799
34 1.007908731685482
34 0.668438738314714
34 0.805709460479121
34 0.560367554529073
34 0.977913744356446
34 0.930168474618630
34 0.985587372740550
34 0.875164057936327
34 1.127201219718814
34 0.519396397819282
34 0.781320302690941
34 0.805876749910833
34 0.641190557344318
34 0.465424261914181
34 0.480153701193642
34 1.266620647573932
34 0.460180075721444
34 1.039924238373784
34 1.307812800717596
34 1.330707616475375
34 0.514704566910007
34 0.833913081481898
34 0.648822234149986
34 1.267171907744278
34 0.625074580907286
34 0.503110453623207
34 0.700815330179769
34 0.526730985001967
34 1.031019451957172
34 0.821580797194521
34 0.929441820324757
34 0.866798038002970
34 1.003080736845793
34 0.952525916363105
34 0.488957440230662
34 1.134566276508417
34 0.955258337324000
34 0.673854666334526
34 0.508079470052190
34 0.588660303142247
34 1.354409005629813
34 0.587829123522015
34 0.526749037970378
34 0.895558366876860
34 0.741344491750499
34 0.867428640483191
34 1.192763015533870
34 0.922420919826298
34 1.479266135552268
34 0.974220778679770
34 0.641186450153532
34 0.943052647063566
34 0.992726156230625
34 0.553964152962699
34 0.578188834497249
34 1.241202508136555
34 1.140839216769150
34 0.571260861303518
34 0.690235870747065
34 0.833848095620183
34 1.376583563535694
34 1.447525779584070
34 0.864353065008161
34 0.707292847922805
34 0.595566613530356
34 0.623744324418706
34 0.566719249626049
34 0.825501769626521
34 0.780992916878775
34 1.040278692792523
34 0.889478349206688
34 0.979641667852011
34 0.504609666396656
34 0.962442860337399
34 1.066868277424975
34 0.960153032616929
34 1.091289217039320
34 0.488418084995557
34 0.732933670810510
34 0.434131519461420
34 0.339591206032664
34 0.981436512071371
34 0.962114100012497
34 0.723548631560151
34 0.601903456259423
34 1.080452719517372
34 0.523307706462461
34 0.651783432662896
34 1.177087409539986
34 0.748660932516805
34 0.724472249648753
34 0.744009868199084
34 0.695334957555800
34 0.635655754430383
34 0.741087050858032
34 0.472550713572887
34 0.573530396554456
34 0.418331348297366
34 1.030079110421473
34 0.599055741551411
34 0.696302946166143
34 0.690677676677227
34 0.728301681859576
34 0.972105624158101
34 0.826069198456183
34 0.614368589271615
34 1.642131558124012
34 0.945478191778678
34 1.078672507044149
34 0.961086460845616
34 0.447450534744481
34 0.441844514475122
34 0.670963389285915
34 1.114502128232522
34 0.790475844756759
34 1.285340953063748
34 0.629877831055960
34 0.686611670028580
34 0.769837922305205
34 0.550338678596773
34 0.550461310230205
34 0.511346839190463
34 0.904626851275611
34 1.128476998029528
34 0.759355191414215
34 0.742370082091350
34 1.062881089101031
34 0.874506565799974
34 0.741152740805930
34 1.320884744822081
34 0.474188542114356
34 0.715653797676855
34 0.467982076389475
34 0.753238175302693
34 0.878354476468997
34 0.583049638211731
34 1.002785093294309
34 0.974345765460003
34 0.418457528288239
34 0.569662726154634
34 0.805792070311822
34 0.566933005368952
34 0.456269959968825
34 1.421251561763866
34 1.075293727942232
34 1.099375700886391
34 1.929547885622714
34 0.691557888807782
34 1.028506972304843
34 0.890008127634312
34 0.657284889467498
34 0.534555200598248
34 0.752636801685719
34 0.545462743412428
34 0.818063694905175
34 0.501870054586785
34 0.831394076050773
34 0.707674081042932
34 1.524413330337439
34 0.612954137578539
34 0.539891852877353
34 0.940459067732743
34 0.797674655039899
34 0.937160911830070
34 0.735465976298165
34 1.035363362819569
34 1.154842425062010
34 0.543827253306808
34 0.495787129436082
34 0.634034889405404
34 1.021987379084316
34 0.555599769293555
34 1.416044042885460
34 0.660599126419802
34 0.937836007573033
34 0.684050903456970
34 0.958632081548613
34 0.887769457331940
34 0.643043390864211
34 0.956504795488974
34 0.480412275874601
34 0.711873237867424
34 1.024026564562388
34 0.692874048960474
34 0.708331507424310
34 0.666524755272028
34 0.971688260983829
34 0.799056652703996
34 1.317007665149922
34 1.061003759546714
34 0.982106755244097
34 0.486686032076366
34 0.946164914840187
34 0.656971585339884
34 0.444442494690917
34 0.730588675494297
34 0.995015068247330
34 0.633646310636255
34 0.731426602102150
34 0.578962595200515
34 0.513569063959862
34 1.028893125620169
34 0.425508086059019
34 1.594517170856300
34 0.915728439660151
34 0.743762394815920
34 0.553980904382387
34 1.243839290936536
34 0.824554208139008
34 0.729526483527922
34 0.971732936313464
34 1.186984681303898
34 0.876273457481626
34 0.914121106645191
34 0.959336875870023
34 0.661179388217001
34 0.829361327783796
34 1.143946022564985
34 1.103113794171798
34 0.544040675438265
34 0.705459539002650
34 0.627743273184224
34 0.919030916036618
34 1.396899352496203
34 0.494206672504180
34 0.713181300365460
34 0.891182187314102
34 0.559711859215758
34 0.778004546472165
34 0.704112837729060
34 0.652238577845610
34 0.792149049874010
34 1.179970739579794
34 0.877309585309156
34 0.398534395471839
34 0.785675917339748
34 0.546171713916811
34 0.677847069007727
34 0.595205522479777
34 0.954708156725234
34 1.333158458845188
34 0.558119040166523
34 0.575406490208799
34 0.541677698239588
34 0.992111420263978
34 1.440164997501072
34 0.445545761262024
34 0.672856428300705
34 0.391680765358592
34 0.669306131178266
34 0.573219552081706
34 0.643543766982437
34 0.926207965179553
34 0.906262524942324
34 0.582171660657524
34 1.180318586163389
34 0.461547871636335
34 1.005736893827108
34 0.831925449491370
34 0.986687702371169
34 0.380021849223438
34 0.669462161219453
34 1.059042744239825
34 0.679877355996713
34 0.765085585835061
34 0.936317670653489
34 0.935824309685024
34 0.711259233554219
34 1.003250832053384
34 0.796743321541991
34 0.612427152658997
34 0.726623122010661
34 1.369830616524990
34 1.068970733640547
34 1.353849376728752
34 0.573370328515795
34 0.876064077670418
34 0.763596144663678
34 0.958941885393716
34 0.576520789069298
34 1.537720041955492
34 0.512824224208569
34 0.623137487359045
34 0.598221111401388
34 0.701496985886571
34 1.119170326261812
34 1.179935217985754
34 0.455005920665299
34 0.849252499560061
34 0.438529777362350
34 0.430852316822001
34 0.828317334094032
34 0.719128648845033
34 1.347850143022800
34 1.088497007759069
34 1.368572682129314
34 0.639434017174542
34 1.145900838671332
34 0.651472455770209
34 1.061829317705135
34 0.622635343770072
34 0.704802120000796
34 0.824157087729865
34 0.663127351025606
34 1.352263789764543
34 0.544789468614363
34 0.851862610570970
34 1.004746058641503
34 0.686494759702023
34 0.892510261024011
34 0.905122353518259
34 1.080560203962865
34 0.887644677390796
34 0.840957830908988
34 0.417995171529352
34 0.596785135361266
34 0.841037134386824
34 0.606524363050448
34 0.773620026047379
34 0.879750423553093
34 1.182869458820096
34 0.994428776536991
34 1.627291417967465
34 0.869655102060184
34 0.893279252261015
34 0.565819804142285
34 1.035773346500171
34 0.750548509598237
34 0.510215362933738
34 0.771878083132807
34 0.824626558060888
34 0.712842147417458
34 0.834391388328564
34 0.943769214764205
34 0.708870545669276
34 0.896209611737262
34 1.148773380353215
34 1.237567110829537
40 1.868081242144708
40 1.170754996339832
40 1.508803046560351
40 1.195041778524873
40 2.235157735957170
40 0.958173188063279
40 0.942521587471838
40 1.054911724802759
40 1.861394400149745
40 0.815204924101653
40 0.952012774305279
40 2.053001729273960
40 1.009244421674920
40 1.750513019719333
40 1.707755461414715
40 1.858571746917663
40 1.125927389196230
40 1.209680334468208
40 1.623713230211546
40 1.254388990121601
40 2.858495120649849
40 2.541707226561805
40 1.110444372200898
40 1.316236377253873
40 1.069604827424441
40 1.524698793227502
40 1.550221824607394
40 0.797665855973710
40 3.123202840525279
40 0.980025112626773
40 2.749296270165997
40 1.052637599858906
40 0.660291485347788
40 1.730768907694159
40 1.846187491488067
40 1.901423642507934
40 1.162638970897795
40 1.464124634671299
40 1.715356486879569
40 1.297492245750023
40 1.498730031412151
40 1.601076409502843
40 1.515096701589126
40 1.573818117856598
40 2.452769001938142
40 1.108287466055783
40 1.220984452869121
40 1.261881955073280
40 1.579685368544732
40 1.548621001130789
40 1.318275159703103
40 1.212933502069481
40 1.423053765563942
40 1.156370358562624
40 1.179314283374908
40 1.151421446254465
40 1.631704623566346
40 2.093402426428915
40 0.796990380394190
40 1.886490466818032
40 1.259228680089821
40 1.564014294409448
40 1.825556947320355
40 1.018091311827995
40 1.077548020255847
40 1.688150229519501
40 1.201303566192768
40 1.141541032053938
40 0.945268732437612
40 1.845790556759249
40 1.958336342064602
40 1.351309197778297
40 1.586157264021110
40 1.083109888076002
40 0.907107656774265
40 1.233623911975993
40 1.214264959530336
40 1.162379591751000
40 1.421535022597338
40 1.039218586696419
40 1.693941254341803
40 1.400415555940453
40 1.208539822802029
40 1.851156774463814
40 0.753530124637310
40 1.256985119763802
40 0.961830592429322
40 2.063405427271193
40 1.391389696384863
40 1.179273813854726
40 1.108521277690251
40 1.343941668949255
40 1.329447733808866
40 1.250815117753062
40 1.478691213598838
40 1.867431850974562
40 1.589029718886321
40 1.623381458848613
40 1.571707729143913
40 1.191380162321573
40 2.462476126319075
40 1.074573586732498
40 1.710336491639387
40 2.433859350212480
40 1.853091977983375
40 1.267894102377651
40 1.307735958849870
40 1.388443857511646
40 0.900492462878535
40 2.025065969964822
40 1.411077811980496
40 1.125326120362161
40 1.241863499879537
40 3.009991250984720
40 1.857608443778732
40 1.093344288396823
40 1.105008245653513
40 1.845841328675645
40 0.763784231816249
40 1.964201789639288
40 1.485334682340296
40 1.572738401327080
40 1.212300530690037
40 1.289104289048848
40 1.079030857511170
40 1.210283876310045
40 1.725148659451774
40 0.665958774198518
40 0.964872422363223
40 2.272359922756833
40 2.124551807155573
40 1.783776326581302
40 1.851495954108698
40 1.697233556874595
40 1.132533894880275
40 1.284704433958117
40 0.917688697204536
40 1.332932647863460
40 1.971287960834467
40 1.205917588388187
40 1.169415728658256
40 1.795353905046294
40 2.191692494342909
40 1.495675277714168
40 1.622686885049768
40 1.136381099602206
40 1.655929448764101
40 1.584694101532831
40 1.606326884540195
40 1.163952542690359
40 2.075359448454628
40 1.364192350078872
40 1.309601066656262
40 1.979039582271431
40 1.353540429296069
40 1.246098166079273
40 1.884410838959800
40 1.129137670950588
40 1.519628584546380
40 3.085263647269404
40 1.403646100866688
40 0.916734775218382
40 2.930042785676815
40 1.163133820726982
40 1.348362134030580
40 1.829234939953140
40 0.920409912620045
40 0.929177526665011
40 1.419106100647344
40 1.455040380064542
40 1.686952207467264
40 1.676409523353814
40 1.564114919143165
40 0.679968003170424
40 1.707123654039588
40 1.507805125469978
40 2.560318252276430
40 1.598640335530277
40 1.676537370891766
40 0.520954612493554
40 1.639370449900537
40 1.353438783968196
40 2.045266249345725
40 0.960561602531060
40 1.051268145225080
40 1.189244914429000
40 1.631582908034390
40 2.750115099310092
40 1.060484644991995
40 0.840512472484967
40 2.644581333579493
40 1.099932610743512
40 1.934847573362607
40 1.840093694871630
40 2.749650017080958
40 1.630846601397154
40 2.101875879261206
40 0.848850381541009
40 2.452904497269433
40 0.966874336081419
40 0.776895803503416
40 0.828235157794737
40 1.332282872255623
40 1.352633182959279
40 0.992889620952798
40 2.017861792474726
40 1.016983379449593
40 1.383839571215806
40 1.503509876933689
40 1.159534025410622
40 1.786047915384755
40 1.079533058596601
40 0.797073704182177
40 2.039153486827825
40 1.916212676055938
40 2.199342361587124
40 2.174647487084263
40 1.455699879309087
40 1.656822027607303
40 1.343866798483456
40 1.169521516409842
40 1.340711697495472
40 1.572356200444425
40 0.981966518833355
40 1.587146717641587
40 0.951513965574708
40 2.296242377845456
40 0.810450336728465
40 1.267252495873930
40 0.911040986808777
40 1.038436627234827
40 2.413440703291628
40 1.501858794371884
40 0.781771539989466
40 1.190063892957577
40 0.688460147159548
40 1.678486150025117
40 1.364723190345784
40 1.580887373598235
40 1.775681905635799
40 0.976533485981442
40 1.520002042003048
40 2.299742979052358
40 1.155898651132603
40 0.624112912373002
40 1.627287833693517
40 1.357623532006115
40 0.881476867620426
40 2.084158004632734
40 1.585476669288672
40 1.583891978371309
40 1.220075027392248
40 1.350894540943287
40 1.206657811137141
40 0.879376075030260
40 1.359868775541913
40 0.821183014734375
40 2.389440351017877
40 1.456746424261901
40 1.247449564064446
40 1.648952472892056
40 1.690731919649364
40 0.821866317688887
40 0.870876487492552
40 1.840773824470085
40 1.405787660208269
40 1.620838381248698
40 0.966307475842870
40 2.089553081088352
40 0.766413511423705
40 1.469990568784405
40 1.488941206890060
40 1.794551201947968
40 1.068802499203294
40 1.437431416161786
40 1.776500227982848
40 1.105233539279149
40 1.718040740227584
40 2.657055563351085
40 2.071098785554856
40 1.236304086156881
40 1.412662944125019
40 1.129933642914251
40 1.400365440478242
40 1.212354167460050
40 1.968907695124518
40 1.326355120255791
40 0.714850017116396
40 1.118144646095287
40 1.359905553816194
40 1.401163026679273
40 1.071210171587653
40 1.202904531206206
40 2.605085762997885
40 0.920507917083064
40 0.989214859725919
40 1.348952638860558
40 0.941931665579665
40 2.339747104706096
40 1.829564660369154
40 0.997419595733206
40 1.159896005113570
40 2.990419792376857
40 2.002922138798832
40 0.686931242814873
40 1.277788666411128
40 1.136625377376150
40 1.150556811021154
40 1.098420427021177
40 1.230274435745194
40 1.017336952538573
40 1.371177409866998
40 1.321752703301675
40 1.270902016722721
40 1.192893632465655
40 1.218509261187812
40 1.149596919537371
40 0.684189759967243
40 2.071581600613460
40 0.968166320191258
40 1.564861790376116
40 1.435663096496580
40 2.473252683470475
40 0.622731358341783
40 1.153747523789292
40 0.866521308587672
40 1.297646179109465
40 1.804747148389050
40 1.771035680984609
40 0.906041689767900
40 1.526832754019035
40 0.931531893238418
40 0.931145866066785
40 1.918745490580556
40 1.175767017603212
40 1.569981726535947
40 1.950917555315266
40 1.804503503956624
40 2.178597789930600
40 1.841751478352945
40 1.007048778966670
40 1.237321359385845
40 1.513410903150891
40 2.349088330090533
40 1.303910942313552
40 0.813140898754073
40 1.215926487858264
40 1.690820631896209
40 1.431978583412876
40 1.263622341630137
40 1.827398244378990
40 1.504860415485178
40 2.011396458380670
40 0.930148273347880
40 0.765827031084621
40 1.133062718455704
40 1.323604076707630
40 1.544000138961989
40 0.949626657522233
40 1.168864509437482
40 1.720403876926670
40 1.670753247506706
40 1.517370131237987
40 1.226250588550752
40 1.377881927142386
40 2.789478735115186
40 1.584867787094323
40 1.484946528350195
40 1.011897820229862
40 0.908272060623608
40 1.185893020349708
40 1.981578742721192
40 1.378172069232313
40 1.438571171152381
40 1.708578784168963
40 1.639204108645397
40 1.774199180472035
40 1.706095689919280
40 1.497968249747228
40 2.321792129974275
40 1.115562964356542
40 1.386981113883492
40 2.516586243588605
40 1.038081511580876
40 2.243100885045960
40 1.430179625333327
40 1.145192187593476
40 1.342420228097761
40 1.286907590361480
40 0.953317147711873
40 1.183473846239883
40 1.317310592649733
40 1.276280323782829
40 1.505606073284440
40 1.477930849019434
40 1.189964647942899
40 2.134204786599364
40 1.016075267382176
40 1.754115987235568
40 1.588217105426720
40 0.969374976694908
40 1.702920032034234
40 1.435675315562859
40 1.484762829538725
40 1.386977990371694
40 1.159447706366315
40 0.774875992467039
40 2.110549248673882
40 1.331582861042621
40 0.868192615345933
40 1.132504943917635
40 1.010316469446293
40 1.768195431405285
40 1.291618033776603
40 0.657939561177539
40 1.370243508148225
40 1.591487652714801
40 1.735113196031527
40 0.874607937385278
40 2.215401620039864
40 0.966558036499848
40 1.857864074167567
40 2.112254075160823
40 0.630909592066443
40 1.273622694631158
40 2.663748957511444
40 1.477421912501102
40 1.147153592976206
40 2.562986274507560
40 0.732856659443522
40 1.426618293052030
40 0.970080324479256
40 1.131864708717268
40 3.406569564261213
40 1.129314563883142
40 1.791456620918883
40 1.172414593945611
40 1.804204278435620
40 1.252243452979561
40 1.294271535317494
40 2.541520323151665
40 1.733464167747389
40 1.907611814741941
40 1.833507746425436
40 1.480024853508146
40 1.863183305045968
40 1.452283594751080
40 1.534809797624265
40 1.577439524020427
40 2.186917200537764
40 1.352528643469508
40 1.096496820564015
40 0.900115649736102
40 1.023635902102241
40 1.427443292264432
40 1.263440340543339
40 1.461803246980150
40 1.242628425810771
40 0.935461617615045
40 1.189022881366503
40 1.134481044853059
40 1.491504504517187
40 0.792901999480961
40 1.439161628245868
40 1.311995261366286
40 1.312417935105607
40 1.713847355120794
40 1.470007872928452
40 0.808186155149462
40 0.939004990434954
40 1.384074582445631
40 1.415819977978387
40 2.385339054018944
40 2.357310326844710
40 0.783284343679918
40 1.290081657065327
40 2.580048675145900
40 1.201367072328276
40 2.909654996776803
40 0.791008785435253
40 1.156497592036828
40 1.987049505401773
40 1.154926998132042
40 0.896223443948553
40 1.336926807798854
40 1.803496225086368
40 1.029960283944993
40 1.121246997390831
40 2.503161002517725
40 0.829901524500155
40 1.176140406087784
40 1.486740943270261
40 1.283910458719300
40 1.216783961766753
40 1.129715325294399
40 1.398458876651786
40 2.256030507967347
40 1.529904885178862
40 1.160781075101236
40 1.953308901140856
46 1.226582735619577
46 2.139035899118984
46 1.638798501759139
46 1.612236647060729
46 3.141854086095403
46 1.752982586117011
46 3.977112864643400
46 2.848561458677399
46 1.603309708366423
46 1.841860168329226
46 1.415923886426518
46 3.468267462872992
46 3.578162945640135
46 1.554184115715369
46 1.496352911602298
46 1.404840488683442
46 1.310315440072224
46 2.943777932079638
46 1.666237206976060
46 3.976620537413383
46 1.549957380118467
46 2.048221813333900
46 1.562091499291714
46 1.118716260029553
46 2.774197886197395
46 3.282208994030077
46 1.355034605963771
46 1.878588002569352
46 2.157962696256508
46 1.433807494661456
46 2.922081897841065
46 1.959987642671977
46 3.828572398789670
46 2.053655467840731
46 2.492782181708856
46 1.756424745578239
46 2.863997022046737
46 4.556834234062192
46 4.189702742090073
46 1.570181020030092
46 2.090011049608526
46 3.433502861005482
46 1.432863900581755
46 3.086901712403514
46 3.016441716978711
46 1.104127344054680
46 2.039507973353913
46 2.255713356537230
46 1.267315785091205
46 4.263526509202268
46 2.092488333904007
46 3.705648485096409
46 2.162773791664589
46 1.130399436450456
46 2.083678153229376
46 2.434120920663063
46 1.377419550454547
46 1.930102805900917
46 5.821960648776832
46 2.766792596329622
46 1.408956071523458
46 1.517614342635622
46 1.985402382130865
46 2.624574689498959
46 1.344677482450973
46 1.934576334321539
46 1.136469470063473
46 2.229951483870698
46 0.916005954866062
46 2.884296432823261
46 2.337268031410123
46 1.300305877438592
46 4.244215012172086
46 2.154665162584072
46 2.619353662694207
46 1.834630706711662
46 2.010111795908222
46 1.118790055339371
46 2.611682886041800
46 2.081313242969217
46 2.381466058467161
46 1.500000169652349
46 3.579291690357636
46 3.855173518649778
46 2.521459963875979
46 1.196613917396283
46 2.806280292738624
46 2.210115944217260
46 2.387339380039930
46 2.221268386598415
46 2.723868305027654
46 2.429040426505045
46 4.758085224966361
46 2.172317773146635
46 2.122120095271934
46 2.507450360011116
46 1.914516004515562
46 2.355385238669932
46 2.492955710312092
46 2.112299301613087
46 1.685660214262196
46 2.075762775387520
46 1.723411710217355
46 1.476191241177391
46 1.799943144441915
46 3.636572757967732
46 1.545882361194289
46 2.061110544408086
46 1.278209191065892
46 2.615427299470792
46 1.175943375894118
46 2.370006871210203
46 1.913684692798706
46 1.921646446520827
46 1.876274646559196
46 4.238373811627696
46 2.595496559385752
46 1.928991611431574
46 2.762353344147706
46 2.792043764815521
46 3.291734447102286
46 2.172478466426261
46 1.329973614847416
46 1.935195487586529
46 1.692879583293762
46 2.206899322573440
46 1.769979383406411
46 3.856481767336003
46 1.557040739432021
46 2.028423148726931
46 1.197304711248866
46 1.589030443948085
46 2.290398910559524
46 1.492137481854637
46 1.952607057988482
46 2.104423962569939
46 2.447792447462807
46 2.944424295776969
46 2.128351307545633
46 1.660112073772334
46 1.939035460284732
46 2.292950938617864
46 3.521585224446611
46 3.771508601360839
46 1.699307022191284
46 4.924137032788126
46 1.399241640798005
46 4.258989146940626
46 2.346450535547678
46 1.231535095570508
46 3.141257162973911
46 1.210134245489191
46 2.016852808019613
46 1.582506012389275
46 1.076175709318700
46 1.395267517490270
46 2.040581401887375
46 2.723342578923110
46 2.456617152810864
46 2.562302167405361
46 1.394734142962689
46 3.118553094594387
46 2.555668225372841
46 2.716050817765653
46 2.493435772223766
46 2.398779788270338
46 2.466605643781222
46 2.129895934997979
46 1.830139570859848
46 1.495993258922057
46 2.056938926381466
46 2.063324731682552
46 2.580664184171644
46 1.546214658699823
46 2.066795560858792
46 3.136580067565372
46 1.245712582461561
46 1.395675810532076
46 2.199767466209245
46 1.855757123168769
46 1.788698548474137
46 1.640758531767706
46 2.199533106395791
46 4.110841041167204
46 1.691846478064870
46 2.879981932648675
46 1.988763401149937
46 1.847328454937216
46 3.460576971979672
46 1.777258922805113
46 2.118775921777416
46 0.906480220984657
46 1.392433454441051
46 4.256398759957714
46 2.464211039318126
46 3.256430377858878
46 3.952930487405470
46 1.767251142336958
46 2.470778877452280
46 2.342865915313034
46 1.960278996181953
46 2.985066124100323
46 1.157332529955892
46 3.269362190123323
46 2.173899805570881
46 2.319098660396825
46 2.092301034305280
46 1.384040823513819
46 1.698919981178764
46 0.919810265777004
46 1.371830882229115
46 1.609691327168297
46 2.667600593135659
46 2.888140180062201
46 1.393451483882526
46 2.067401660934956
46 2.059919963805111
46 2.523299826553330
46 1.316881151117198
46 2.407841505243265
46 1.430301469505017
46 2.533608963588941
46 1.263628256311358
46 2.553147250682244
46 1.842981616618067
46 1.463839989028533
46 3.012459784625036
46 1.200978587770477
46 1.435402464916530
46 4.572161263667022
46 1.439178831562715
46 2.039138554906403
46 3.742779288302061
46 1.654834213781867
46 2.208816907846664
46 0.903728300844329
46 2.074588389444382
46 4.217820063604690
46 1.146361016033815
46 2.225960150205757
46 2.362102157478968
46 3.565820955292247
46 3.481493478520167
46 3.348517053180333
46 2.398272942773780
46 1.886699458553571
46 3.590996305551023
46 3.363681068113185
46 2.170227508551563
46 1.645579207219517
46 2.509119557141688
46 2.362130385928234
46 1.526425467356100
46 3.406223762011676
46 1.651863837809411
46 2.174705963698181
46 2.773315116691529
46 1.569225328798322
46 2.992294616972035
46 1.389791568194339
46 2.775987032866603
46 2.744033324941768
46 3.251037413467200
46 1.652759158501124
46 1.407171583288715
46 2.118198678095126
46 2.314387514385807
46 2.214786543114911
46 1.894447994645909
46 2.680134989546412
46 2.585647755334368
46 2.529924190244968
46 2.363944929221695
46 2.671629518879399
46 2.314504267425430
46 1.456608265908427
46 3.255020678390204
46 1.579059027463572
46 1.243401697738928
46 2.300524200206316
46 1.498773361134172
46 2.358154701299435
46 3.969906131852943
46 1.700231674907124
46 1.938161528841443
46 1.238713690684888
46 1.526682928731471
46 3.647157269140559
46 1.808346138987202
46 2.938295433181769
46 2.614759201911823
46 1.871353673380170
46 2.837749560889524
46 1.617190413056580
46 3.467315889504756
46 2.409353761457902
46 1.670605895482105
46 3.411980118061016
46 2.172992492257383
46 5.218047127038662
46 2.776119322814380
46 1.590918307638858
46 1.529082895313842
46 2.653463965643031
46 1.825314166671708
46 1.983882208237988
46 4.397500938117645
46 2.557480194965624
46 2.399965203978218
46 2.623266772557757
46 3.016645918952531
46 2.079909844309936
46 1.312031063444816
46 1.381964718777609
46 2.307797025555649
46 1.876022535530323
46 3.197559054919195
46 2.220619741502440
46 2.219013609099376
46 1.861877181665994
46 1.966872711725566
46 0.883638773965962
46 2.415931720447352
46 1.659893766220481
46 1.080273875192032
46 1.985725258470540
46 1.628384372476542
46 2.579009709240080
46 1.507929124150229
46 1.956441599006583
46 3.524628879053542
46 2.515863921332053
46 1.861744329903775
46 1.691607540910889
46 1.650995362086664
46 1.409101232917433
46 3.802956564271958
46 1.748314028332736
46 2.928692528738651
46 1.865315742648777
46 2.008654153266143
46 1.221856042063539
46 1.771100830109187
46 2.150955824461029
46 1.702724715058066
46 2.280337453931668
46 2.766542116346838
46 1.598938486990398
46 3.962714452479365
46 2.855312597387133
46 1.438655674171289
46 3.073802421488597
46 2.535877320632442
46 2.691022720383858
46 2.096464418214047
46 1.943420711111207
46 2.253409603317817
46 3.913017723865914
46 3.577834762541386
46 1.585884069957284
46 2.317013322119258
46 2.835901089470355
46 2.784474992419735
46 2.212039555004669
46 2.631038721399303
46 2.440192315657541
46 2.727841181903417
46 1.677628831732064
46 4.204448944032077
46 3.402625984135260
46 2.268328022541108
46 1.531563269411953
46 2.877992372105757
46 1.616360706958474
46 1.134541610050962
46 1.848929084075972
46 1.570933323541960
46 4.004915357522673
46 1.380248364661941
46 1.488634548725683
46 3.414649461115331
46 1.541067899607278
46 3.554583879498864
46 2.575115782596313
46 1.416438585317982
46 1.439641189328531
46 3.648712924033263
46 1.311901546872332
46 2.134744149536097
46 1.710970957710570
46 2.076408019633436
46 2.258409366168174
46 2.941787507743502
46 2.308603916286018
46 2.003643495938659
46 1.292544483362212
46 1.761402566340057
46 2.024201566308383
46 2.899238524469392
46 1.335766599365369
46 1.580185551279433
46 3.162473653646188
46 1.851956731629705
46 1.612917236578706
46 2.206510258579403
46 1.938147284454183
46 0.861211096204520
46 1.540829895348740
46 1.799478366084236
46 2.265527873997572
46 2.011840296604990
46 2.160702866366589
46 1.977386434447393
46 1.308972358590748
46 1.727554285311100
46 1.228323550499789
46 2.936509685189734
46 2.601436601031579
46 2.038629178586764
46 1.990301185006206
46 1.883090315797679
46 2.183466054473747
46 1.477438323935091
46 1.668980640936329
46 1.785590297735094
46 3.345540315116672
46 1.043775595830536
46 3.479716584727436
46 3.729507192419975
46 1.514219237577379
46 1.502263385052565
46 1.805174880049835
46 4.163792948212426
46 2.589103492730163
46 1.369004362822050
46 2.100597884580572
46 2.035806744162801
46 2.548887091434903
46 2.601474517632271
46 1.578835561444325
46 1.704788280620642
46 2.304289857281915
46 3.161469509787787
46 2.375448723093524
46 3.007441626232069
46 1.673985033134435
46 2.227745137342435
46 3.364135493730942
46 2.274228985277269
46 2.271602111300319
46 1.505464923239269
46 2.360699654434001
46 2.193560317601974
46 1.654455282003090
46 2.662793646732442
46 2.742092622785114
46 3.260446343454232
46 2.168651018626018
46 3.720570681559851
46 2.002749174713552
46 1.714789813527455
46 1.354062315528445
46 3.315891084905181
46 1.585036366598636
46 2.401129040325815
46 1.481924619964109
46 1.939193734808090
46 2.388997530122734
46 1.476895590496294
46 2.407405338610535
46 1.239144534266903
46 1.928682357204949
46 2.613220788499037
46 1.499009918445627
46 3.102991003568774
46 2.266599518087633
46 2.937415488517717
46 5.074184048122490
46 2.291898814899916
46 2.424606766369314
46 2.116811150040406
46 1.375444766267452
46 2.122434981813658
46 2.384283013564857
46 1.712500650013826
46 1.538792922315100
46 2.367050839000858
46 2.492987651335670
46 1.761959416727386
46 1.033911323152640
46 3.271536649941510
46 1.784300336186992
46 1.562213610125935
46 2.937362887139631
46 2.178231695096140
46 1.994733353648791
46 3.094574781367415
46 2.938853543020284
46 1.751662919745185
46 1.886730584511605
