10 0.033380347593027
10 0.019631324338198
10 0.020164978385104
10 0.032874872623826
10 0.033770835035973
10 0.016892558291274
10 0.023588814686164
10 0.036020603814263
10 0.017271859675051
10 0.051023886899779
10 0.027598298706338
10 0.017153428462677
10 0.047652053524658
10 0.020052062920266
10 0.017872338083995
10 0.020015971369360
10 0.025967079939795
10 0.019453914718243
10 0.024086135500469
10 0.039578918771157
10 0.029740756612873
10 0.026962912758908
10 0.021173685292697
10 0.039987129442628
10 0.025223872917787
10 0.054877943257704
10 0.030497538240474
10 0.024903639094655
10 0.017335333141046
10 0.019696956339197
10 0.026317124710157
10 0.023376088045255
10 0.032905974083077
10 0.018880558184207
10 0.048124041880653
10 0.030166470572159
10 0.047405880368753
10 0.028300551307061
10 0.033864793655080
10 0.030731632134891
10 0.031190002920360
10 0.031156105469120
10 0.035580900883558
10 0.040072838942977
10 0.027192725565886
10 0.035230147742778
10 0.025940245805557
10 0.033527574602152
10 0.017289267997971
10 0.016868330761457
10 0.027448808702368
10 0.038019280696092
10 0.024074398132799
10 0.026033345096428
10 0.023038656184489
10 0.023698066660689
10 0.025222200463482
10 0.033138594688831
10 0.022082465734904
10 0.010678280198897
10 0.035787125989312
10 0.022782393470556
10 0.028570359887056
10 0.028333490476718
10 0.028355727488435
10 0.051829650060997
10 0.025269639332742
10 0.019987152520021
10 0.038088884362809
10 0.026292732430606
10 0.019417827956636
10 0.018492696587357
10 0.029636065477074
10 0.017573557471340
10 0.028727513427497
10 0.019371279058136
10 0.013167133154550
10 0.026174801596382
10 0.041347637708690
10 0.029851165844852
10 0.027500770951406
10 0.035442710843733
10 0.027783278544955
10 0.024361821371878
10 0.015388166528772
10 0.018430910887259
10 0.021319502968194
10 0.038591950346679
10 0.017524568445414
10 0.040220684173844
10 0.030482189745613
10 0.020531203520598
10 0.015043011127587
10 0.017988009980680
10 0.032153380715036
10 0.031690835200563
10 0.027027950984585
10 0.014425887251716
10 0.018126153888540
10 0.015345907628260
10 0.025303493683089
10 0.019000845127166
10 0.029668318619966
10 0.054082877669971
10 0.046638951084523
10 0.034252542476995
10 0.041149496808553
10 0.018051096567676
10 0.015329770031095
10 0.045732156541951
10 0.039011251108976
10 0.027347684916369
10 0.022502266470005
10 0.022047096232823
10 0.017949882046501
10 0.022354246100055
10 0.028011360100181
10 0.030161753663846
10 0.024205064131679
10 0.025417383074292
10 0.035605581637436
10 0.012760359380325
10 0.034481931515125
10 0.017387493264136
10 0.015644428132056
10 0.020577278495835
10 0.033908900329232
10 0.029524736242804
10 0.016656201447518
10 0.021653821939897
10 0.026640843584350
10 0.021920297065931
10 0.035176408185794
10 0.018886042658527
10 0.033292527006469
10 0.028765242309513
10 0.033141164694869
10 0.029488227284519
10 0.029563812848195
10 0.025668171927243
10 0.017943590856377
10 0.042387476445179
10 0.027035791688703
10 0.018662198773296
10 0.036589426194968
10 0.034778214611488
10 0.023252746081346
10 0.049945418372268
10 0.013502359323058
10 0.052629219076919
10 0.043591134180495
10 0.023502985701319
10 0.024859078594727
10 0.025834385234456
10 0.034011391368911
10 0.027061397725390
10 0.032897740653739
10 0.028853883310647
10 0.012582800839053
10 0.016186380764395
10 0.024636527057983
10 0.029031935270841
10 0.016942772427429
10 0.026256942942185
10 0.024788493498571
10 0.033786371191958
10 0.030218003298822
10 0.024001395444973
10 0.031375730945125
10 0.023690434209634
10 0.023327477308611
10 0.024573822125907
10 0.029135361953399
10 0.016997060496185
10 0.028115394286750
10 0.024389742274924
10 0.028233618496699
10 0.034302608342524
10 0.019602590100418
10 0.036991823994695
10 0.022307407070827
10 0.021955287231132
10 0.013803623516825
10 0.024111223498900
10 0.024275013686452
10 0.027139759886862
10 0.013607368872950
10 0.037773230569629
10 0.032678270038246
10 0.020978190957943
10 0.019516867538304
10 0.030180079778308
10 0.022730093930939
10 0.030228884496452
10 0.025507573484641
10 0.022679700552212
10 0.029539135572990
10 0.028619468785203
10 0.060063593629766
10 0.027794285128021
10 0.025445503604957
10 0.032781297988167
10 0.048744032385994
10 0.021057028583346
10 0.056987236398280
10 0.029624638451287
10 0.023270708157470
10 0.027324739560500
10 0.024018834673869
10 0.023927582371699
10 0.035023510290749
10 0.026744348297359
10 0.027653294905922
10 0.029080970131861
10 0.013504058004544
10 0.033832095860740
10 0.024987347974027
10 0.046432425260066
10 0.064326791834256
10 0.016408466452448
10 0.018070789669930
10 0.020934218312029
10 0.021846620902091
10 0.035608340371518
10 0.032682519082170
10 0.033472400071538
10 0.027142753068428
10 0.028233825517632
10 0.035856381472783
10 0.021024979138391
10 0.023215947818802
10 0.031074486395887
10 0.017919667987873
10 0.019909070706592
10 0.037617137704011
10 0.029778188048530
10 0.018336656359810
10 0.016323324289734
10 0.043760683650998
10 0.032076602257100
10 0.013983030686430
10 0.035163987415264
10 0.022082574242497
10 0.032814658949289
10 0.021069830461968
10 0.014732306016080
10 0.037331880699980
10 0.035571945196042
10 0.040070654907756
10 0.027385327415799
10 0.016899556216336
10 0.023103275025121
10 0.033113371332923
10 0.038456123875649
10 0.025357281117386
10 0.038157458399349
10 0.037932051923697
10 0.023480556888031
10 0.029699358546526
10 0.016074541287029
10 0.023100250801975
10 0.026643466813910
10 0.011988206606967
10 0.023495915745497
10 0.030792876708711
10 0.030457144864405
10 0.037490526628636
10 0.034380423875168
10 0.039203091823344
10 0.032571644144980
10 0.024700691993836
10 0.029319257487808
10 0.014415680705823
10 0.029295201713055
10 0.017391820120406
10 0.024765914901770
10 0.030621358110204
10 0.023253767108339
10 0.019847884697912
10 0.024853825220098
10 0.024384701788726
10 0.040998799372355
10 0.036508520153511
10 0.037093918837658
10 0.036821064038924
10 0.046516374132678
10 0.016617184802650
10 0.039709977599642
10 0.046352163800372
10 0.016969216582109
10 0.021038516813645
10 0.010333714209062
10 0.019123780399762
10 0.019555342629690
10 0.044338910199990
10 0.028386849681288
10 0.025320975946465
10 0.028375879079482
10 0.014664707750893
10 0.049108475455227
10 0.033698893948636
10 0.020672878076267
10 0.019707369641699
10 0.018888020708327
10 0.026553159740997
10 0.020681182135975
10 0.017372173450215
10 0.029263544284572
10 0.030280462894745
10 0.029493874951458
10 0.031256636317206
10 0.016566579575264
10 0.033736882985702
10 0.022268411325807
10 0.029820438765521
10 0.031909178055252
10 0.039448321443533
10 0.014431778979034
10 0.019516932396975
10 0.038648801848804
10 0.023775881232790
10 0.023749333334240
10 0.030179065342583
10 0.033544447816922
10 0.021193721986880
10 0.039163267068307
10 0.022557703592030
10 0.028269609406699
10 0.015732239894944
10 0.024452469057523
10 0.037205229299274
10 0.015210779846571
10 0.028435380676106
10 0.026435703146269
10 0.032223285419420
10 0.026469928729187
10 0.020624099315116
10 0.014160384496793
10 0.027981477929313
10 0.047221635535507
10 0.032367172436445
10 0.023165322924570
10 0.058458846366048
10 0.036640333407046
10 0.016368758631535
10 0.023635958949342
10 0.030278342399439
10 0.022408897482684
10 0.013527105568190
10 0.023077982427791
10 0.026242385075282
10 0.022842939519660
10 0.021488413422180
10 0.026358008057625
10 0.024269384878191
10 0.042862690766014
10 0.026880156876892
10 0.019959356345782
10 0.028388393367872
10 0.027887247489432
10 0.031997222303164
10 0.018656630982749
10 0.023971120961112
10 0.021453520589906
10 0.035060232452348
10 0.036328288250023
10 0.033793926387750
10 0.030873666293389
10 0.023327136107013
10 0.027492233447271
10 0.015823358756267
10 0.032160450008036
10 0.020023758545021
10 0.021661435941109
10 0.015584354144042
10 0.020634736464440
10 0.027090822158375
10 0.025979383355153
10 0.028404883873658
10 0.013667988219641
10 0.037611042564421
10 0.035207772370921
10 0.035255093058977
10 0.029738229641773
10 0.020851694739146
10 0.020540041074802
10 0.034128170328140
10 0.020314064607297
10 0.014587527912255
10 0.031279463591047
10 0.023018022317891
10 0.022042748016737
10 0.031929485041397
10 0.027295740549216
10 0.035730601907297
10 0.030352218363385
10 0.027226171808776
10 0.035026352653130
10 0.039909311547642
10 0.031745495460897
10 0.019335874140762
10 0.019996667185242
10 0.028825212384711
10 0.033616008560152
10 0.039816291447809
10 0.030029939911105
10 0.029332600119683
10 0.028009087391800
10 0.022085229218689
10 0.033562888792130
10 0.045455032880927
10 0.030021833908358
10 0.013771510820446
10 0.033610249352482
10 0.040864516980596
10 0.016380336725479
10 0.022905540879186
10 0.024360414611838
10 0.049684027826999
10 0.032955973781418
10 0.033143207236807
10 0.025205857592505
10 0.040862939972133
10 0.039148204266311
10 0.020108654089419
10 0.021907636752475
10 0.031392648465961
10 0.016055674925973
10 0.022410536452571
10 0.025691673778246
10 0.021985318546542
10 0.017613481130029
10 0.019305730767878
10 0.015846773176039
10 0.039406672822145
10 0.040206873301179
10 0.031485167462285
10 0.030503705701513
10 0.013831773375852
10 0.016066699806503
10 0.027692055754311
10 0.012842612627471
10 0.033302153688586
10 0.019685246925952
10 0.033133502357950
10 0.031818187242746
10 0.040178347256081
10 0.043081872739908
10 0.025988838040245
10 0.027085601250279
10 0.039661002097785
10 0.013254857328122
10 0.023027150513925
10 0.023535816441710
10 0.026404105891736
10 0.022842196262501
10 0.018041537305697
10 0.020663842182815
10 0.017764223998368
10 0.031063536461532
10 0.017003812636325
10 0.017684293663924
10 0.036142408201649
10 0.037350768374138
10 0.019349130342148
10 0.039166231818722
10 0.021484013211981
10 0.025219846455103
10 0.015006401899438
10 0.018337169067156
10 0.021536807982217
10 0.042240062886470
10 0.029375391623025
10 0.024677270963284
10 0.030812023672641
10 0.019948693695735
10 0.030469636216252
10 0.026238333615356
10 0.019512780048926
10 0.042429625694765
10 0.032136223369746
10 0.026269630715360
10 0.017206300661051
10 0.032860502037719
10 0.018602709548169
10 0.012931615593086
10 0.025073014679048
10 0.026105862632606
10 0.027322042285648
10 0.027830045361998
10 0.017616258486289
10 0.036916004725279
10 0.038126758107600
10 0.023682970394839
10 0.026076984291781
10 0.027479338002476
10 0.023715049690960
10 0.023184817898812
10 0.022898024769383
10 0.017643152457500
16 0.160149277355059
16 0.163695624663870
16 0.189011373323309
16 0.136384611938330
16 0.162420294276571
16 0.131802734861785
16 0.160431544632234
16 0.171207411668737
16 0.190918551002595
16 0.250365402785755
16 0.130142652845708
16 0.145628849783847
16 0.179050890654689
16 0.205568700128144
16 0.312430362222520
16 0.141579671830064
16 0.095923916997383
16 0.203731042459809
16 0.220118122174416
16 0.183507616036410
16 0.129386823330751
16 0.180741613133293
16 0.132107663235664
16 0.149837344607915
16 0.148560515588434
16 0.156441415938516
16 0.187987564477483
16 0.233561603798645
16 0.234268692800183
16 0.098234376096731
16 0.213991859217703
16 0.131531854563368
16 0.318654110699088
16 0.258878899350928
16 0.202455400240653
16 0.201541024316145
16 0.203822473712241
16 0.168451406892664
16 0.169251359873670
16 0.109289698185260
16 0.204246339016999
16 0.241828347860559
16 0.191185151472787
16 0.156721030655784
16 0.171445125172684
16 0.133450294565541
16 0.264164095674315
16 0.169999050234057
16 0.272187843424440
16 0.186831038050814
16 0.136013276157599
16 0.361544973598682
16 0.160319646598543
16 0.128297255324975
16 0.189118253648249
16 0.233961967956803
16 0.096279166152294
16 0.156645162768434
16 0.177258807110238
16 0.165453711142576
16 0.108468192420466
16 0.214675605460000
16 0.173529404345531
16 0.076019829442215
16 0.253175326878017
16 0.113011415743066
16 0.156814940333335
16 0.169314012820297
16 0.322185599735961
16 0.111608150079078
16 0.233628769744151
16 0.213281757646535
16 0.162491189709576
16 0.138313927791334
16 0.259915302993418
16 0.184672850860989
16 0.119132481920941
16 0.332203929876510
16 0.155320835268555
16 0.225150655580445
16 0.203341386032368
16 0.226115664465467
16 0.229805280359914
16 0.160389551234460
16 0.168525654809578
16 0.175340460367516
16 0.174034653486355
16 0.142144872665876
16 0.117324874956223
16 0.134541335580940
16 0.252191314745317
16 0.123211036096660
16 0.145529532401670
16 0.097425991868988
16 0.197420832991759
16 0.119568143099379
16 0.134810607123385
16 0.173435044013251
16 0.160154525196846
16 0.222913039507341
16 0.171377217424087
16 0.138092459762924
16 0.171882790604357
16 0.125638040625353
16 0.221058633658921
16 0.143835579299188
16 0.240281909671542
16 0.107758271252730
16 0.096564266651224
16 0.125418128531631
16 0.201642200924069
16 0.183490284159073
16 0.158649936014273
16 0.151438185697660
16 0.077926706294316
16 0.151368771333537
16 0.247097725010406
16 0.190250155437541
16 0.224179994140254
16 0.113338123081912
16 0.152477605087266
16 0.160949819809776
16 0.287721172037118
16 0.149336897289149
16 0.285886900769849
16 0.126983156748799
16 0.149915549135337
16 0.127792743161141
16 0.156012683013312
16 0.178676693628469
16 0.227888609565554
16 0.159801050154039
16 0.201679330013917
16 0.175369481491305
16 0.290111751356108
16 0.142711451320219
16 0.260633280860093
16 0.139431402730307
16 0.234403203209462
16 0.156687713178488
16 0.149965340534301
16 0.239342686301165
16 0.209852342068685
16 0.178645525813983
16 0.213273882658875
16 0.184871788516781
16 0.310621302375180
16 0.328417346424349
16 0.210576555684381
16 0.176553933661656
16 0.220547400890442
16 0.247636490403993
16 0.147515611291225
16 0.112677399953088
16 0.116702858867347
16 0.143638695946488
16 0.225843463054799
16 0.231042824796364
16 0.092265559240837
16 0.203458256968734
16 0.118554313710900
16 0.158512841051669
16 0.269172738775050
16 0.196835241205250
16 0.170387224811264
16 0.179688677508470
16 0.141075640821171
16 0.090678100208708
16 0.224786639075465
16 0.217043772627019
16 0.120986704646909
16 0.380378940580020
16 0.129125905583809
16 0.235449464472183
16 0.130555140628628
16 0.253483404842642
16 0.166780470836962
16 0.198566068388141
16 0.139102154429770
16 0.310698723080900
16 0.104647307450266
16 0.170980660485929
16 0.148650841092015
16 0.232007358980802
16 0.152868927973904
16 0.169179385303203
16 0.180562695086700
16 0.081874205667554
16 0.117328777349381
16 0.109321063592936
16 0.097590109646454
16 0.176063285381773
16 0.232178556144188
16 0.156182630520040
16 0.202830039480567
16 0.152171300946018
16 0.133529586109779
16 0.277654730485131
16 0.236648199284007
16 0.138413570561439
16 0.164158929865901
16 0.083592354887998
16 0.132228620406642
16 0.145430809838421
16 0.096087963297284
16 0.215231547729757
16 0.155677465378633
16 0.133839726330538
16 0.226657877997737
16 0.263899865446164
16 0.216302863189971
16 0.215885168596366
16 0.109083038198877
16 0.153914263850712
16 0.205966622118327
16 0.115444210299297
16 0.174058499728063
16 0.192159265700297
16 0.164928893579009
16 0.125448467683522
16 0.149632127412911
16 0.166223681285314
16 0.330001762886172
16 0.108191397045609
16 0.183309209804393
16 0.134577443686407
16 0.146842469148928
16 0.207599893104557
16 0.174220261502747
16 0.175169247192365
16 0.149986358604315
16 0.306338652728776
16 0.129091739946334
16 0.209857612648231
16 0.244622496131089
16 0.089821595022990
16 0.137919153534667
16 0.240617929607896
16 0.153269213528539
16 0.199234790443080
16 0.163917640153673
16 0.260178851171655
16 0.174261901195739
16 0.220473944122400
16 0.344591808070363
16 0.164193198381335
16 0.222312215739585
16 0.105383837395961
16 0.212791174180472
16 0.176819175904613
16 0.112308471833945
16 0.204009017756507
16 0.265585723621708
16 0.355259429267525
16 0.193066755747026
16 0.338569774916570
16 0.382799352480245
16 0.220446629319044
16 0.159095866140824
16 0.200513846247730
16 0.130895404389583
16 0.166797581085771
16 0.114072201329781
16 0.243516458393698
16 0.150248550318616
16 0.133510337767818
16 0.150920140001325
16 0.180077776719857
16 0.171611470716563
16 0.220748372761191
16 0.118656520338536
16 0.252428095797246
16 0.211611903987953
16 0.298543121324496
16 0.198700485059330
16 0.198165656338536
16 0.153295302609381
16 0.121205211187269
16 0.225501019877760
16 0.217347054773285
16 0.148240845933318
16 0.242260630556892
16 0.156582449451807
16 0.190297672667312
16 0.141567727745098
16 0.202098840033573
16 0.210972019029653
16 0.179491232101282
16 0.212842471885553
16 0.158982759148125
16 0.191239385269352
16 0.153434827984166
16 0.140277766694032
16 0.151939188948040
16 0.402362092964060
16 0.207472696747679
16 0.197786909751581
16 0.257549169859972
16 0.106961425998934
16 0.076631431294070
16 0.158872564614687
16 0.228232836754488
16 0.173105225132904
16 0.304838938387881
16 0.179990193156012
16 0.193859589921729
16 0.244535545362081
16 0.139569652092385
16 0.144032091111331
16 0.222330861125433
16 0.154700378625151
16 0.117688635945388
16 0.189694822462982
16 0.239506361938911
16 0.131040260048299
16 0.133469824620451
16 0.162902881424132
16 0.166244283179594
16 0.106643680657751
16 0.110173025986714
16 0.212991728357110
16 0.117941773441465
16 0.241596401436779
16 0.209176808551985
16 0.123914199982272
16 0.283222222422692
16 0.294770427331767
16 0.192578515252038
16 0.220899715177750
16 0.200245196995716
16 0.349058280371421
16 0.270539355901191
16 0.193663181938893
16 0.247668127920125
16 0.334677005942021
16 0.151159772017053
16 0.149468004577614
16 0.116120808156104
16 0.161237647949685
16 0.243808268871427
16 0.128199261649488
16 0.120925019130854
16 0.265410565574994
16 0.149597540638306
16 0.228621158557535
16 0.148556311229076
16 0.128973852358905
16 0.261919806824325
16 0.091446085304804
16 0.119529784555246
16 0.136469326867286
16 0.130891214701851
16 0.199845307567315
16 0.175634521682837
16 0.145258470619822
16 0.278583899880101
16 0.135934710455278
16 0.187059253958339
16 0.179675356502390
16 0.115535388974470
16 0.379727460678361
16 0.103369077420253
16 0.159233310004873
16 0.165752897017943
16 0.195714442874871
16 0.098480870317467
16 0.233303218505252
16 0.243876988916399
16 0.276987195776505
16 0.245506356632815
16 0.102300276360382
16 0.164167413914541
16 0.252249642728842
16 0.128680700403831
16 0.280933640059325
16 0.159549381230678
16 0.105916332890933
16 0.118746418036407
16 0.154485529198075
16 0.107173697664175
16 0.164343154513614
16 0.092686291909624
16 0.260864333180562
16 0.116382119657988
16 0.159505921702437
16 0.182505707305855
16 0.138706975388449
16 0.094225556237998
16 0.088205128451061
16 0.105068636681076
16 0.182252256060531
16 0.179015705119466
16 0.326563419839509
16 0.251410458785568
16 0.102491115551325
16 0.081560408806631
16 0.232862325113313
16 0.104343641757561
16 0.368543282306997
16 0.115451014219964
16 0.114978529557704
16 0.242673065371816
16 0.124040481836878
16 0.139722346202781
16 0.178593010677138
16 0.176461373977392
16 0.108521926339195
16 0.184873648230127
16 0.181573497450872
16 0.133630671025934
16 0.137605460658540
16 0.158154024936951
16 0.088817967438067
16 0.108890042472244
16 0.263529149752781
16 0.162773779283914
16 0.345575272810022
16 0.129697435420147
16 0.282543455418192
16 0.182711589772989
16 0.161796084059484
16 0.174610070759790
16 0.226642592598396
16 0.251984684830551
16 0.170352406959095
16 0.308654632564295
16 0.236653862676524
16 0.174308480881951
16 0.275730967290216
16 0.162703066181952
16 0.106969345480572
16 0.176246898989056
16 0.094221762858392
16 0.148240275510799
16 0.129965130774721
16 0.172364220670115
16 0.190443825027040
16 0.260226228558080
16 0.124979241557578
16 0.311157020675077
16 0.132089542307066
16 0.145637639003445
16 0.124055109412449
16 0.155051763115960
16 0.238208982015586
16 0.180889772212886
16 0.177535702553002
16 0.219036954173645
16 0.256157755683987
16 0.105180915617155
16 0.156082565954452
16 0.267401166332272
16 0.138686946766790
16 0.181480545953052
16 0.141950896365298
16 0.259753020830337
16 0.216055295017673
16 0.141969347894677
16 0.143005791589863
16 0.179340711781184
16 0.138336987250310
16 0.149429682141314
16 0.273653270188135
16 0.176579242292834
16 0.096332204041141
16 0.105848666694369
16 0.131037432146400
16 0.121457871636107
16 0.252018258827441
16 0.272565911184930
16 0.112977922116534
16 0.327343252220030
16 0.105716782133170
16 0.182165656416474
16 0.233170833933399
16 0.206415427248354
16 0.151057696273852
16 0.135014565530349
16 0.299383799422480
16 0.185225868643587
16 0.347088357080983
16 0.252429749547046
16 0.210451633747874
16 0.089925712266506
16 0.143099099813939
16 0.099910666741089
16 0.103049471777704
16 0.252427729710655
16 0.231503380818904
16 0.249395278402758
16 0.223332970242810
16 0.200056950080480
16 0.125001205679450
16 0.122146874956232
16 0.209327355912606
16 0.178867754853646
16 0.236601505842553
16 0.107778620032939
16 0.158937434712586
16 0.184880505732443
22 0.668972821152377
22 0.545637176275321
22 0.501491656181222
22 0.645451000025619
22 0.326883308679186
22 1.365511479118696
22 0.627221350437868
22 0.635399069599789
22 0.830487558872008
22 0.548943193877412
22 0.983704652487606
22 0.507249615945137
22 0.409989030933917
22 0.905217786522788
22 0.444828666746965
22 0.540225887625387
22 1.270129103200441
22 0.481149486575561
22 0.449167282251198
22 1.249442422723750
22 0.988793979277200
22 0.778257644896569
22 0.639820122791190
22 0.865930795375577
22 0.952841441203221
22 0.536496843758199
22 0.440596272732588
22 0.696186860103243
22 0.701372846053765
22 1.112130548445309
22 0.474371727033086
22 0.464297106839737
22 0.627060415598862
22 0.552036984107426
22 0.581059514309899
22 1.062197737392047
22 0.365752387628903
22 0.566238226130380
22 0.686098772020935
22 0.596670510552701
22 0.369803977120713
22 0.778723578135035
22 0.973376964539903
22 0.916509579119465
22 0.522563360618548
22 1.097617335681552
22 0.477476957072600
22 0.576459152724702
22 0.559848438788151
22 0.670518600661589
22 0.788553634051990
22 0.358258600473656
22 1.009772648253238
22 0.608148430843424
22 0.787884034599203
22 0.479228052452275
22 0.568319849128833
22 0.771328933060561
22 0.424025195493039
22 0.706036788312348
22 0.607368769139506
22 0.505842752992594
22 0.766503041223302
22 0.763864903333447
22 0.378006768298904
22 0.935217305778869
22 0.570858671499354
22 0.417379714517798
22 0.458850685723893
22 1.036585546818943
22 0.609322592800640
22 0.715547105142905
22 0.889318053743444
22 0.742588418211971
22 0.523803039404111
22 1.361161243157453
22 0.517613806480207
22 0.496553114937846
22 0.472569387699110
22 0.458590374422676
22 0.921143322366994
22 1.040125694791505
22 0.404365585839783
22 0.661623131213943
22 0.666935308016703
22 1.127613100671220
22 0.744997901550127
22 0.864509758526574
22 0.466552282472201
22 0.545283297537889
22 0.394732537037584
22 0.625532639583630
22 0.445123438379066
22 0.468499031606958
22 0.742438793900035
22 1.102812265499104
22 0.534247253669458
22 0.621311110629248
22 0.671422269754808
22 0.559156318426789
22 0.626422374980174
22 0.551505549480404
22 0.579584981631020
22 0.505310003463083
22 0.754460252817581
22 0.863377150829697
22 0.775765033709581
22 0.902072416362103
22 0.820672344522191
22 0.866346129709747
22 0.568049370588267
22 0.574468489022763
22 0.824402013637896
22 1.070017894439868
22 0.611688454214923
22 0.909868089295239
22 1.024051935613599
22 0.964801617448202
22 0.867073985281177
22 0.524547903989363
22 0.649786784422745
22 0.627839201081030
22 1.113362796910003
22 0.975338463997193
22 0.672198776989158
22 0.769797489642715
22 0.638843143114654
22 0.449038869430494
22 0.327963306531735
22 0.524931767574301
22 0.470089135389665
22 0.644755985882585
22 0.720618946789422
22 0.785333271380716
22 0.774660725924352
22 0.925967029860909
22 0.442699878085644
22 0.836967899665406
22 0.932715806787073
22 1.022733755517843
22 0.471764774306455
22 0.908418570790298
22 0.604564262621998
22 0.710798921168986
22 0.394579434349446
22 0.463676101308429
22 1.070522029013671
22 0.568773326292161
22 1.200958351250354
22 0.681427296139076
22 0.342063433464939
22 0.379716490263226
22 0.809478672905001
22 1.028487461390128
22 0.536254449536846
22 0.851803766908927
22 0.386006419878028
22 0.784515309746185
22 0.400407306226030
22 0.617335626968898
22 0.707000058948823
22 0.796606228751581
22 0.781305056436506
22 0.579753080725896
22 0.614988483237646
22 0.956807386270634
22 0.677784917621176
22 0.896808014808574
22 0.911552708500959
22 0.412854892269280
22 0.385001199778308
22 0.611285134973051
22 1.172258835204590
22 0.987937130487473
22 0.881402694941967
22 0.554116592939469
22 0.665722953458991
22 0.552182177137569
22 0.731318363874401
22 0.589890385689077
22 0.688961373776029
22 0.576946771532239
22 0.618816829136479
22 0.889631483099521
22 0.481849691683787
22 0.457471084190681
22 0.538315494385434
22 0.551220093327477
22 0.786835389369657
22 0.711710800495993
22 0.615449177204482
22 0.443041828851223
22 0.684094350743528
22 0.695421146756460
22 0.384566100997110
22 0.967790999891831
22 0.733886196346478
22 0.487870666938518
22 0.684796367338997
22 0.730111155154727
22 0.796356585144986
22 0.518080150418809
22 0.469018649913421
22 0.926812050586432
22 0.426058368866633
22 0.559432792403555
22 0.845945206599905
22 0.921786545187957
22 0.630583809972225
22 1.058975492320380
22 0.677638475586809
22 0.571587943636793
22 0.680196804054080
22 0.715020413940001
22 0.470779443234468
22 0.694219080646763
22 0.724077499509878
22 0.801587293112033
22 0.404480705148019
22 0.428790665433368
22 0.464746140746868
22 0.478234046265531
22 0.470333637108725
22 0.767655568135207
22 0.422894552523327
22 0.709102953681751
22 1.072233215371004
22 0.550571444050477
22 1.131536865433944
22 0.586942019287802
22 0.843645836734518
22 1.086384460937457
22 0.392631070550848
22 0.573956769832551
22 0.843936678192363
22 1.059403487276787
22 0.661946989621512
22 0.468048662068021
22 0.791081714177129
22 0.656998012143684
22 0.444285613077277
22 0.818198486386780
22 0.439436729110465
22 0.632595925206303
22 0.496321003830385
22 0.494403753278970
22 0.839222312283052
22 0.468642797868074
22 0.710088091379743
22 0.736632049167938
22 0.512172598031538
22 0.797432472072645
22 0.726816893355595
22 0.453985660754608
22 0.662566849210707
22 1.011037954511371
22 0.445182911635100
22 0.859775035018461
22 0.349207378224770
22 0.480760319885364
22 0.561494245735015
22 0.682809198460565
22 0.745233794373947
22 0.633040734921616
22 0.520078793536572
22 0.479966763465566
22 0.275982730005119
22 0.469456869552783
22 0.850746087834518
22 0.863740129958924
22 0.355906623716485
22 0.358233859889764
22 0.537857157244480
22 0.663144971576942
22 0.699622435832730
22 0.882074244511883
22 0.639434387418346
22 0.326171391019579
22 0.813090401070834
22 0.721137505519553
22 0.769464791201391
22 0.382100310503229
22 0.533826165866011
22 0.957985043075312
22 0.675320733178707
22 0.609055496061160
22 0.366695653484955
22 0.363742642354500
22 0.661069035269511
22 0.616732376459231
22 0.399268389166878
22 0.840849906768196
22 0.999181742782763
22 0.656845346258066
22 0.730731812071350
22 0.908010975804895
22 0.610329219309307
22 0.489883346147230
22 0.326950161510912
22 0.415691331320962
22 0.662804331128357
22 0.780579887077695
22 0.682027075575771
22 0.870143926358853
22 0.518297107064997
22 0.756970984228464
22 1.106016931573540
22 0.551352544854422
22 0.306110264810104
22 0.832401184293039
22 0.485799602435967
22 0.740020160353916
22 0.459545630510440
22 0.450842499013832
22 1.123009547422983
22 0.681877383021784
22 0.614813252450165
22 0.449675085935824
22 0.671065379672913
22 0.721610624697591
22 0.505061706944325
22 0.610434288308687
22 0.452619598408850
22 0.439371576608932
22 0.527414122424823
22 0.691476413494005
22 0.495569631728103
22 0.649384603531869
22 1.145216331129831
22 0.847520207542087
22 0.727627673991496
22 0.532308898002086
22 0.872870966538534
22 0.835578612518701
22 0.301586923799769
22 0.588912345457229
22 0.508105390175743
22 0.405306803113235
22 0.859183904689091
22 0.632845338640553
22 1.523290170847344
22 1.001114774732939
22 0.459569519878596
22 0.650044669747867
22 0.397529504767198
22 0.589775462823630
22 0.688925920548609
22 0.772201678821953
22 1.651597571805022
22 0.777546858685160
22 0.622871903747520
22 0.477567516988808
22 0.505822644616028
22 0.972564838272783
22 0.587028536764781
22 0.489746310749490
22 0.702750073649382
22 0.682947652898456
22 0.653926604342611
22 0.392673114904748
22 0.595652275261321
22 0.628157161059748
22 0.300148538865172
22 1.512795566013462
22 0.693911574373588
22 0.538149201215613
22 0.672137961567273
22 0.600701633377745
22 0.405948817443040
22 0.671781870485650
22 0.963352016578056
22 0.798599058597248
22 0.522766122621892
22 0.650934961466389
22 0.453898115858421
22 0.645228461340429
22 1.026307270031858
22 0.561996302342262
22 0.970670218757655
22 0.531539468716037
22 0.534280841476592
22 0.680003624163664
22 0.437478812421612
22 0.620747754113070
22 1.281823976077759
22 1.243956531541377
22 0.687474962938495
22 0.637939728843441
22 0.446860877221523
22 0.956752179031209
22 0.504175218697092
22 0.786796000482991
22 0.475077732352837
22 0.537074769738709
22 1.008830233093039
22 0.893925617695318
22 0.899439679867641
22 0.402591771979814
22 0.583155767692877
22 1.050883284896024
22 0.705892925179849
22 0.765174449756090
22 0.407185969667306
22 0.298843132752870
22 0.592495454705465
22 0.341967129012515
22 0.644735382039772
22 0.772486715484391
22 1.457326747542559
22 0.889678464114091
22 1.125739733730894
22 0.527743619663358
22 0.543593168593481
22 0.437025315512668
22 0.475229433989539
22 1.167913938958572
22 0.438956300236895
22 0.345935829880154
22 0.304727585861102
22 0.514071009084685
22 0.812534856702411
22 0.531057887921206
22 0.572054819146823
22 0.446194231349411
22 0.897012577922230
22 0.781928983033680
22 1.549342530761174
22 0.581695074455641
22 0.491600077892297
22 0.509134210760939
22 0.717876177967720
22 0.372209983126311
22 0.553908277844070
22 0.659734066223191
22 0.895088705438207
22 0.489019251246975
22 0.471575959824470
22 0.966280040665642
22 0.669583514222782
22 0.322377648227464
22 0.725001150329529
22 0.734793876425286
22 0.638963287489750
22 1.146985548753169
22 0.519978142722874
22 0.727580153547609
22 0.752469973253779
22 0.740790794781915
22 0.476794716551760
22 1.387946920438741
22 0.702910255812967
22 0.485877312230032
22 0.503426390133299
22 0.570942329417678
22 0.310559905942775
22 0.744870063762817
22 0.367367959078029
22 0.354461155562201
22 1.092663561063422
22 0.908949839632574
22 0.783914514609362
22 0.596204825426677
22 0.657337209338694
22 0.607741384677638
22 0.593520134539555
22 1.415676533976826
22 0.573789178075505
22 0.653039761105139
22 1.124528707404903
22 0.461706502579241
22 0.573710617943190
22 0.489564467126077
22 0.790575095979309
22 0.714746563491383
22 0.507906755695053
22 0.636781537512907
22 0.451459331812232
22 0.593386448868288
22 0.855583219208255
22 0.818473335493334
22 0.532834485263050
22 0.535278935888435
22 0.526232232733272
22 1.016156835045705
22 0.818732065457632
22 0.502242840570923
22 0.436412696286657
22 0.559568277533232
22 0.409366493661403
22 0.543539998435568
22 0.595961196675843
22 0.399627124109184
22 1.002680264371851
22 0.684428719570675
22 0.376898407844299
22 0.971849354594122
22 0.476895339301643
22 1.038224491416186
22 0.653660879673492
22 0.625883152591622
28 2.116728400607719
28 2.674970722530976
28 1.724330730004001
28 0.893738772890936
28 2.127083155427937
28 1.635448905887817
28 1.723864277634996
28 1.594569527210036
28 1.373399850231673
28 1.233093473705508
28 2.810059142143707
28 1.888353633006646
28 1.969795027247666
28 1.156044630281197
28 1.462456380279675
28 1.489330496907986
28 2.759224032910484
28 2.383531358080575
28 1.196016552743906
28 1.594626390740705
28 3.063961956014117
28 2.227628816739048
28 2.351965695148902
28 2.085576975906079
28 3.445889503971101
28 2.780904105108347
28 2.302617402458091
28 1.274058034878099
28 2.177013921303027
28 1.906478764343188
28 1.863914290168130
28 1.577264534240509
28 2.026959373117664
28 1.918019795135623
28 2.349098299872700
28 1.072945212980416
28 3.184440407456941
28 2.028413875517453
28 1.595990113886593
28 1.011090495839260
28 2.740661230268125
28 2.070486472704768
28 2.108516526062687
28 1.423787336387849
28 1.215811098672929
28 1.771360428815433
28 1.512943654958311
28 1.035130017836435
28 2.479635561459294
28 1.086998301582656
28 3.011690737828303
28 1.491983908321271
28 1.687251751338462
28 1.505707761860654
28 1.296176563380961
28 1.745650872293994
28 1.143804211948478
28 1.450820785552858
28 1.555618395013075
28 1.957842959825529
28 1.790393450245467
28 1.285294178523023
28 2.204299262996853
28 2.308500356816464
28 1.896839994018640
28 1.344141481170315
28 2.505257751656854
28 1.524359195230982
28 2.346350316603544
28 1.101737364124719
28 2.855362258471355
28 1.696059693794371
28 2.422929739384800
28 3.802186783295334
28 2.660215419172237
28 1.565162825209169
28 2.108965193760800
28 1.147870921585303
28 3.102180204166205
28 2.276889494724236
28 1.336736610944837
28 4.160537525543789
28 2.578320857348985
28 2.402992628212818
28 1.393203891518357
28 2.613955132371036
28 1.483860600884933
28 2.844371681358229
28 1.004507125039565
28 1.778395085440191
28 1.789034678553873
28 2.088138546899298
28 2.073575728460959
28 1.461020074039705
28 1.753218854182048
28 2.303092082709237
28 1.174067738870531
28 1.315186345242258
28 1.540769821752150
28 1.428702001289968
28 1.643496913341925
28 2.546454005204699
28 1.948085469362940
28 1.707604377367676
28 1.693351711057324
28 1.139104397338984
28 2.529648590749717
28 1.215859873512847
28 1.590345819485830
28 1.602743151858498
28 1.208606611069356
28 1.426192893144341
28 1.534529821408366
28 1.968936345973837
28 1.570441322230157
28 1.407037642386777
28 1.902100878600745
28 2.757803679594327
28 2.735988131076496
28 1.590725553077163
28 1.553640544575567
28 2.220545841582688
28 0.895674047545236
28 2.179454244205138
28 2.170958387891847
28 1.762312355288700
28 0.860016463912155
28 1.251355317684678
28 1.546159279630518
28 2.677558736940064
28 1.138928429280713
28 1.556680634749019
28 1.869297758784760
28 1.174582529758416
28 1.228104255793078
28 1.494107796855357
28 2.199604759518192
28 1.774272177369016
28 2.171625780960236
28 2.300031436129465
28 3.042523821264737
28 2.545160140080284
28 1.429420969771935
28 1.825846445948204
28 1.123216738137889
28 2.238009529046897
28 2.240975482987242
28 1.447613275924640
28 1.356352204727961
28 1.378127381804112
28 0.870338766939533
28 1.061776109073816
28 1.275674492156857
28 1.246077448141954
28 1.083050784162844
28 1.712507031001172
28 1.466195204888479
28 1.175574212921004
28 1.995587674045894
28 2.835262388650821
28 0.854911799630978
28 1.049942973486378
28 2.875797397695087
28 0.904007187076308
28 1.920095331423661
28 1.112224574067832
28 1.582950242627355
28 1.227607374079769
28 1.501562281701919
28 1.648695961731618
28 2.294241155175208
28 1.726542938131209
28 1.225419483067104
28 1.620666317882772
28 1.240196522066732
28 2.601838352541255
28 2.023425277874734
28 1.644500108120008
28 1.520231136651576
28 2.137806282829942
28 1.589411350319295
28 0.990339196032986
28 2.402972114001126
28 1.421127725603561
28 1.304895862525218
28 1.879028606198393
28 2.462437822891405
28 1.998871924430228
28 1.510101436366925
28 1.259109450876849
28 1.072264283597539
28 1.856326428880246
28 1.884864582633378
28 1.919794351319576
28 1.486927867207287
28 2.461595197704726
28 1.183830814507204
28 1.439203368866086
28 1.429828317539615
28 1.479583116143700
28 1.133764100499441
28 2.370162396640833
28 1.510318390585421
28 1.645167115900702
28 3.235105412747362
28 1.752042028474138
28 3.303351994680787
28 1.596161761068128
28 2.461322143591147
28 1.738287934129685
28 1.586362051196987
28 1.416803011771691
28 2.707306108469836
28 0.879511242672362
28 2.102371104162531
28 2.527079202209106
28 1.299565698428521
28 1.887933917326126
28 2.503831050478098
28 1.309763206460610
28 1.356427090851792
28 1.830783125365827
28 0.864498333355057
28 1.797113707677205
28 2.245290283139369
28 1.810024742879592
28 1.417192795919837
28 2.368124562951333
28 1.187247099611079
28 1.367917355833379
28 1.371354005846741
28 1.133107558478006
28 1.063873073036263
28 1.708132054002782
28 1.501258659411821
28 1.701759634011037
28 1.729033135075366
28 1.408337661961101
28 1.331190081174189
28 0.681006193182769
28 2.305469396450970
28 3.438801742062207
28 2.794432150423966
28 0.751977039557984
28 1.474136004997989
28 3.700109424409931
28 1.778086448425920
28 1.099891135095162
28 2.819355694629447
28 1.891601803747678
28 2.207617327748077
28 0.892935997241027
28 1.961679900488453
28 1.407455056840772
28 1.851632565390843
28 1.903987673458417
28 1.718819961139441
28 1.234101839528066
28 2.194265916784202
28 1.037112528075432
28 2.482044370620351
28 1.453777946391467
28 1.332077071449739
28 1.810162090465326
28 2.512887560738008
28 2.621387245534173
28 1.162930266314745
28 1.784972326877297
28 1.946903500341315
28 1.516119476437067
28 1.940699190313333
28 1.263949564634015
28 1.289224807903324
28 1.964342578130649
28 1.426426145131868
28 1.096906875574707
28 1.757656512872558
28 1.711870964569891
28 1.779713197529202
28 1.919874964862067
28 1.998932551872715
28 1.274911699143809
28 1.596342396799898
28 1.523862849913221
28 2.444796091766252
28 1.712706648197870
28 2.072223657844184
28 2.518142169279861
28 1.506457719065385
28 2.529283141463475
28 1.610842514441689
28 2.628297262921896
28 1.870295789510820
28 2.614165168925958
28 1.681865948593291
28 2.144083028358845
28 1.548600221758567
28 1.809592372729910
28 3.048521985638987
28 1.672379051562444
28 1.292599052019210
28 1.855882658683027
28 1.588920971402885
28 1.940595396885653
28 1.396379072067431
28 1.967618899227584
28 2.209105958631111
28 1.262142273693200
28 0.870775345308719
28 1.232175026940756
28 1.402166400211034
28 2.559435346560975
28 1.289032875648381
28 2.126057095061308
28 1.376703836519130
28 2.176373799975294
28 2.202661625055001
28 2.237130051405179
28 1.132401145662545
28 1.586036805124603
28 1.420823812315406
28 2.513045483362720
28 1.566486488045065
28 1.692449558533704
28 4.100883159907746
28 1.461986491689414
28 2.028449090091000
28 1.832743714295137
28 2.680440982829349
28 2.548317880504477
28 1.732101312429839
28 1.875192530681786
28 1.940309660943890
28 1.266233891229833
28 2.330500765419202
28 0.896019877694164
28 2.505928673796846
28 1.538265120995547
28 1.886670518881632
28 1.459112681508124
28 2.224687916260562
28 1.107679770340755
28 1.211186654362373
28 1.822333050116065
28 1.683300838639776
28 1.607325874494210
28 1.226990082563132
28 1.599458150553723
28 1.792938841056246
28 1.594950126649743
28 1.335781451447541
28 1.321828650304053
28 1.501296278861686
28 2.397507739873486
28 1.527282702414303
28 1.577136422611643
28 1.094261092299084
28 1.382908012171118
28 2.279413029027940
28 2.361964848766097
28 1.609039829705313
28 1.734957772978349
28 1.623799379043271
28 2.383443599461455
28 1.489231227198731
28 2.755144469656068
28 1.523120951470839
28 1.948279031425041
28 2.620757336327780
28 1.848703727450870
28 1.794161473539266
28 1.382900281288753
28 1.389915438021482
28 1.194338854518895
28 2.903750005459969
28 2.657743683290271
28 1.507953492701546
28 1.453638834895086
28 1.485036470709203
28 1.154026638434423
28 1.482368376028739
28 2.885537648375384
28 2.778653539563866
28 1.740716709251672
28 1.718452730560917
28 1.174560578768229
28 1.278959688672217
28 0.958488176605641
28 1.304166463018738
28 1.295579292994427
28 1.230885239007071
28 1.209019220479413
28 1.513925028487047
28 2.136171110173423
28 1.819746615258906
28 1.107242950883212
28 1.936902214686777
28 1.272799738027872
28 2.007852426214321
28 1.312541474983790
28 2.046795642747938
28 1.687944628385990
28 1.272550740297620
28 2.808483511838717
28 1.195769431904943
28 0.846420905194751
28 1.178711807405591
28 1.270502044656850
28 1.639215634694889
28 1.676525492483986
28 2.007522594675530
28 2.857437192411824
28 1.919477511276841
28 1.016008983190914
28 2.228676618310709
28 1.179060188503672
28 1.519619408396699
28 3.238853923921560
28 1.853079978881658
28 2.801847437413716
28 2.123972181051581
28 1.228858274529469
28 1.118461801450844
28 1.398869788464835
28 1.105970709998474
28 1.207122739329911
28 1.997390738958900
28 1.999247038642201
28 1.398415671398092
28 1.310695316958766
28 1.262803567156859
28 1.956418901461876
28 0.886415231109599
28 2.444713652559274
28 2.211413200125619
28 2.051924884090469
28 2.317210022560419
28 1.096631345535829
28 0.976085784832326
28 1.742735922233348
28 1.765088865329028
28 1.274022350046915
28 1.614863913487712
28 0.889776175521477
28 2.665250744627430
28 2.802546063277572
28 0.985131326973535
28 1.905356528027715
28 1.623682057199795
28 1.689324154437749
28 2.163848884245840
28 1.175310266042712
28 1.216915368513334
28 1.346179998976469
28 1.234802083324578
28 1.207304043785703
28 2.044263557816953
28 1.436771285762891
28 1.368561984207541
28 2.336457453315386
28 1.865450903483207
28 1.909846327666807
28 1.626622846596288
28 2.562145977127256
28 2.620393364252954
28 1.351510599128299
28 2.715729138287596
28 1.506914153935401
28 2.678405836562093
28 2.291045553803376
28 1.966353875993128
28 1.704248968923135
28 1.144323127980421
28 2.315407342911014
28 3.353066499532130
28 1.157817788003594
28 2.504621925893264
28 1.436487931857081
28 1.648736734275247
28 2.472010101372697
28 1.823639976942336
28 0.773604789256944
28 2.019313499296496
28 1.419091367137397
28 1.361320217901348
28 1.313495494963243
28 1.156593877000203
28 2.263971281733804
28 1.035461904002248
28 2.703117902566087
28 1.400430021789922
28 2.946879760715058
28 1.602645575192525
28 1.831925405932287
28 1.327385715194890
28 1.781232226938635
28 1.660696264802331
28 1.429470799519896
28 1.033798245011429
28 1.813673075949543
34 2.892359837622645
34 4.043796675247371
34 6.275975874434380
34 6.015179031872453
34 7.837321774035295
34 4.288913535254228
34 8.076851310228776
34 5.298621278930675
34 4.654766670442625
34 3.707274885047191
34 2.683217270132642
34 3.471012801192079
34 5.625484665938147
34 4.743819926134806
34 3.919170027607582
34 4.949227108742746
34 2.721808016850918
34 2.146468551901711
34 3.712316154852262
34 5.848565775785404
34 4.939045252760032
34 4.704370272613700
34 7.034829223212822
34 3.173919506999423
34 3.835918405395308
34 6.073904310068663
34 3.493763003877095
34 4.055876891208619
34 4.453067419683620
34 2.658913612598170
34 5.995926037419711
34 3.682736811923428
34 2.537234003702404
34 2.111533396676231
34 5.269391604257948
34 3.281885600281223
34 3.267200238151832
34 2.517769996770616
34 1.971588928099331
34 3.138903129517413
34 2.887346156473901
34 4.095320174774265
34 3.164409314637200
34 3.646437784395689
34 4.678840652952130
34 3.999286654970808
34 5.292749436388213
34 5.510605632815256
34 3.786650840073206
34 2.833212779096466
34 2.380026398636410
34 6.335992385754946
34 2.533253105656176
34 6.819923352924832
34 3.756982752674081
34 4.574620105815787
34 4.268948849500240
34 3.248289617482795
34 2.409893892483858
34 5.308443067627440
34 3.732379927813137
34 3.436631742224653
34 3.333426201407032
34 2.757266230689016
34 7.393908803136203
34 2.344555803678702
34 2.887592445695995
34 4.739862558593225
34 3.753624420688199
34 2.982246032803298
34 2.575649751971318
34 3.836229504507488
34 3.846421141365762
34 4.713144656269478
34 3.549780162065410
34 6.269693482255231
34 2.812269112599679
34 2.480571169548008
34 5.808426241537285
34 2.410547492319788
34 3.285214555021899
34 2.505329689184259
34 2.816010658778084
34 2.824405914802592
34 3.134252942534504
34 4.658650672118924
34 3.427005256670975
34 3.460903823037961
34 5.059209395886831
34 5.359911879461555
34 3.209817027047078
34 1.753034961403574
34 3.940966294664449
34 6.050238938779350
34 5.260940784265197
34 5.280780039885357
34 3.933042004029616
34 5.369833249302128
34 2.738376949410563
34 3.787504234749986
34 4.792756764214267
34 2.351299735114075
34 2.561406786165906
34 3.406418975807879
34 4.021105499999364
34 4.150496933046052
34 2.510609235553944
34 4.169122248470027
34 2.064913015381561
34 5.023885376185297
34 5.600431705764075
34 3.471264978176429
34 2.829866576392079
34 4.725853211383940
34 7.499278043286225
34 3.957391593054550
34 5.100151893886264
34 4.173161321843486
34 4.062122154191012
34 5.036603472843524
34 3.331086726975819
34 2.435623421633474
34 4.342828443930425
34 4.411435041079640
34 3.853608280725743
34 4.699955866159169
34 5.043067356876401
34 3.080679765156328
34 3.237310911200184
34 3.883823761374968
34 3.719344454505069
34 4.295239428589176
34 4.300625393750889
34 3.556358881642335
34 3.455972738724532
34 2.118478313577446
34 4.004674717588519
34 4.464891843735343
34 3.862831566548925
34 7.021455635924368
34 4.711833689348251
34 3.464095338009748
34 4.055724410987134
34 4.623418787672933
34 2.529003450394627
34 3.826601207852683
34 3.467040098299417
34 3.117128519800111
34 3.515556908180594
34 4.149534674857344
34 5.767193937368350
34 3.120191050481334
34 2.905254871464392
34 5.931171892910136
34 3.085208051681986
34 5.268649885838363
34 3.575575129428699
34 2.756434990016492
34 2.593308238974466
34 5.597224793928918
34 2.658546955965693
34 4.382482686284531
34 2.277206021735923
34 5.201366715787089
34 3.181542279961606
34 4.989244092421132
34 4.750646256401497
34 3.121685558466207
34 5.068898679636368
34 3.487657410452655
34 3.493347431300412
34 4.751858397082134
34 4.039075053321106
34 5.095969916559163
34 4.144784317918338
34 3.876599264553956
34 5.364625627767142
34 4.867904787815968
34 3.534865885268692
34 5.200998185320412
34 4.608791945630951
34 3.650206420995548
34 4.943800314107182
34 7.700806660340621
34 4.707551260397738
34 5.476115818506695
34 4.268918991727432
34 5.125716798317812
34 6.040233197949819
34 2.988235505784504
34 4.107481499679313
34 2.757792323757066
34 4.198644243207495
34 4.354158265439493
34 6.011965513986883
34 4.902845014379572
34 3.788420092107307
34 4.895108048204198
34 3.993456458361149
34 5.022663284530307
34 2.777024408204457
34 2.842786030562306
34 2.635961046087758
34 3.581966680082717
34 3.509636273689536
34 3.105854522684258
34 4.825574965526855
34 2.705292468780468
34 4.907770458638958
34 3.596086163484584
34 2.903110530277617
34 3.780676808839247
34 2.892889330188790
34 3.352940665507343
34 3.378078488275138
34 2.933319350939081
34 4.567891713083997
34 7.439830806176013
34 2.984027651421012
34 3.753658415076583
34 5.404279589047999
34 4.684658927638512
34 8.768945955996653
34 2.655546733541995
34 3.470796163186775
34 3.379229036298184
34 5.074102022475431
34 4.307355061169784
34 3.032376514909059
34 5.397670901246166
34 4.970999480562751
34 2.876795633394629
34 4.778966243377299
34 2.893403167744562
34 2.187034309900000
34 3.372553027750753
34 5.536820631381570
34 3.019447579456938
34 3.692087996422912
34 2.983755026488773
34 4.868399798187964
34 4.583169859225798
34 6.552658954623616
34 3.563434377209565
34 4.664328978783414
34 2.597013948550069
34 3.309010245284615
34 4.203772089709760
34 3.228797540177520
34 2.658849941503823
34 5.877083621016320
34 2.305376233869566
34 4.775493627796087
34 5.731851768753438
34 2.782412419914251
34 3.613992469562288
34 2.711521738836636
34 2.878094873436115
34 4.696101664165226
34 5.223868139264404
34 4.216938484816010
34 3.864611557245617
34 2.580336604291410
34 5.587922085354996
34 2.958698432887878
34 3.765140536676096
34 3.228541252702719
34 4.272848401908254
34 4.803977050567613
34 3.104529827397513
34 4.193148099662123
34 6.360145031940353
34 5.763213101051912
34 5.629180015978385
34 2.195101690984548
34 5.066698295352870
34 7.601495849769194
34 5.140782369262312
34 7.406365173295702
34 2.447744766277050
34 3.278864803648044
34 3.057279967102240
34 2.090767678641554
34 5.990381933470457
34 2.623574970588994
34 3.856623909216954
34 2.640152080811838
34 6.783827792379487
34 4.767093993602253
34 2.914266188596064
34 5.316917533793668
34 6.269683555093859
34 4.967872587814861
34 2.603417774859862
34 2.751001005202887
34 2.706321880848769
34 2.356278832471973
34 3.835278350959656
34 6.784513487261600
34 2.966334515763502
34 2.658818408638624
34 5.860384864797857
34 3.856095100097810
34 4.014054573199357
34 3.216817806074350
34 2.831368621167249
34 5.099396049638771
34 4.303739067908783
34 4.105997917557340
34 4.144916620068070
34 6.192193176757009
34 3.737566034341715
34 5.884037013630723
34 3.380742221609180
34 6.287430027905801
34 2.437874715512275
34 6.432590893877731
34 2.401648444459813
34 3.196081365685899
34 3.888569599466302
34 5.355748833095468
34 3.725179122173233
34 4.277531140595017
34 3.115370991191406
34 3.366152973623476
34 3.079803295351398
34 5.215040006991759
34 2.581975788943398
34 4.428444142397064
34 2.997983230067430
34 4.208535001071164
34 4.451519653919699
34 3.152453775267096
34 5.358477534296438
34 4.085225241027481
34 4.197665052807812
34 5.296515572823322
34 2.680348353755952
34 5.861171033278589
34 4.794883549948509
34 5.126314024577257
34 3.138274017294031
34 3.694640449296119
34 3.463944389683382
34 2.859956456291652
34 5.528231335278329
34 6.447621714174272
34 2.903857096506563
34 4.456659130767199
34 6.690709400843553
34 3.774025366903386
34 3.704627209045467
34 5.593796703630026
34 2.477487879466965
34 3.076091474498123
34 5.104076437494841
34 2.723204194545263
34 3.541750739790932
34 2.830348042724412
34 2.757509234784749
34 2.353027027499032
34 5.716296328558520
34 4.504341764009726
34 5.233565008067385
34 2.586822120270227
34 3.415646761606192
34 3.927790668550669
34 4.644650335937818
34 4.236827548956930
34 7.038256971788321
34 3.802469339621235
34 4.421826218086299
34 4.414813113949084
34 2.458871940044851
34 2.781765108251835
34 4.393831341389893
34 5.364372995035513
34 7.175295313038098
34 4.644963758752032
34 3.104640049655961
34 4.433973829975207
34 2.589866163819983
34 2.882092996256211
34 3.148381230449127
34 4.077373315952249
34 3.565762250886408
34 4.728662297148405
34 3.028835063619843
34 2.889187802746062
34 3.383085609995643
34 7.506977208125342
34 4.294122013775613
34 4.144863949481757
34 6.442079153506253
34 3.905205695759824
34 6.336439207142128
34 3.810102635786371
34 5.219862689705115
34 4.219710523424766
34 5.861422042573223
34 2.473924500872638
34 3.306384848023107
34 5.411350803856616
34 2.831098955502354
34 2.905465257968607
34 4.921146244108947
34 3.756105129132603
34 3.673839020309782
34 5.387571390255216
34 3.129066610349998
34 6.514553775879186
34 5.486491229731604
34 3.156905665746115
34 3.317310823777047
34 4.159674958403358
34 3.964737252269956
34 4.786676444180381
34 2.723242333538024
34 3.171972945129570
34 3.217149536722549
34 4.505626345939194
34 3.537821760135673
34 2.280144756450250
34 3.006725889948293
34 2.250385983157870
34 3.047113553384265
34 2.660284501887029
34 2.318201836525191
34 2.965815435406206
34 2.775909193320778
34 4.108816670330002
34 6.623137362259535
34 3.365532911514961
34 2.033866532712723
34 2.585504014787663
34 4.642322308433073
34 3.736075869466115
34 2.472058412507955
34 3.175891266337509
34 2.616238652306207
34 2.272768626404381
34 3.947601158422977
34 3.556314528570801
34 4.911189848000446
34 4.599090541872619
34 2.410297203548111
34 4.977942264558776
34 5.343166996249662
34 3.924739191661045
34 5.209241146947445
34 4.055124793226252
34 5.458656343301762
34 2.802752500536838
34 8.642047119802069
34 3.851406066835033
34 3.834462157729710
34 1.739076054170773
34 3.095313854149777
34 5.616237826746578
34 6.920248199281575
34 3.408753436316980
34 3.828438584498806
34 6.628103074845900
34 4.225219331537540
34 4.650918882190100
34 3.441307419811887
34 3.517637849604361
34 3.416681118710708
34 3.485592053177515
34 2.864726813766239
34 3.142032727605385
34 5.493177911851689
34 4.393668654899453
34 4.129863754923607
34 3.025557433059375
34 3.346793062372948
34 3.785650715685713
34 3.902938760389515
34 3.269568783409349
34 3.664009638686322
34 6.718398012230465
34 4.930131226308780
34 3.684442063949509
34 4.730432121114431
34 2.670065504012688
34 3.303922087928652
34 4.372007042457661
34 3.027603914051764
34 2.308706334775052
34 5.248846861511216
34 2.780706988245019
34 6.497924342538049
34 3.743582664750884
34 3.089223475768091
34 4.546260270679146
34 3.902632788671082
34 3.935592892862513
34 1.765579023466380
34 3.760279538132066
34 5.868695544245260
40 12.551793884097213
40 4.150746683454495
40 12.190548423647414
40 8.054740478804376
40 5.650806942734387
40 10.304737384705003
40 6.422717201645549
40 6.302999725889356
40 5.480440613270000
40 6.743479246821971
40 6.464884531916240
40 8.716635973560201
40 6.450845895252748
40 7.474301767805738
40 6.934122533280185
40 10.576138845268463
40 11.329262757957196
40 7.648529415300244
40 7.352684454364179
40 5.444533985926601
40 4.313456664292403
40 9.628414409198037
40 5.766691814502426
40 5.002849786168201
40 9.898498985854754
40 7.807570984619000
40 11.436912561710463
40 6.961653636553512
40 8.427065876074126
40 6.564631470063190
40 7.256489127876725
40 6.548214163922279
40 3.722399839723334
40 6.015520322308623
40 4.802841882067701
40 11.921817287533019
40 10.312637709710357
40 5.145105424512588
40 10.001417643495376
40 8.371652835076706
40 7.374159329645503
40 7.901758601909405
40 6.978534707035696
40 8.838627017451232
40 7.466841596428610
40 11.617064323897916
40 5.942014418640037
40 6.639587420662068
40 10.003421845040542
40 10.831239607230481
40 6.933421995021995
40 11.849825499240175
40 10.165528391488198
40 7.558458315657228
40 5.639814103622674
40 5.871002646769851
40 4.633616286466747
40 4.339917739239207
40 4.797889404947480
40 11.326957824597319
40 11.271576331289793
40 5.903803414245187
40 12.640885202907764
40 8.436436000507165
40 4.706896274700789
40 8.346607625175865
40 4.820348123529309
40 5.213498748278910
40 8.082465169173647
40 5.558443759638057
40 5.839278508585833
40 7.692162526691515
40 4.622414604284719
40 5.356463787651819
40 9.052028808596921
40 3.421339351068470
40 7.914385863766829
40 8.184994475124148
40 6.683514862636210
40 12.469374922988349
40 7.484654633669383
40 6.672828463534000
40 10.809786143262597
40 6.762768421215616
40 10.999037515733857
40 6.881200953056961
40 7.094508671038595
40 4.248257422087351
40 6.787806361333894
40 8.103271402786650
40 5.348294611746530
40 7.951921364821462
40 10.021490235478648
40 5.590731661368197
40 10.789483982394721
40 6.940288790357471
40 6.699162485333261
40 10.592217670355987
40 9.996979337305504
40 6.852590027461771
40 8.575859408832198
40 12.818558541347308
40 5.792802015584911
40 7.572080038104058
40 8.741888100687349
40 11.651885185619868
40 9.464687961124728
40 5.548952387729001
40 6.351035881250851
40 8.593110546131765
40 12.408937061296413
40 7.085984531358406
40 7.487848522965526
40 3.507919191656033
40 14.296341650852090
40 5.679442664491562
40 6.147872225572330
40 8.653779986406802
40 9.043992150124286
40 11.545772993405157
40 11.101748435307826
40 4.919500034604482
40 9.171509259728532
40 6.618373529128331
40 7.332088579043705
40 13.054646094261205
40 5.464372283523523
40 11.660400810489342
40 7.186724147175724
40 6.029717487777170
40 7.239017840913577
40 9.020400880866802
40 5.219248938063612
40 9.048407122208630
40 6.166731050139315
40 3.087278615688874
40 6.953645671793382
40 8.819648228947061
40 8.375561046239564
40 11.262527989992051
40 10.010076758977904
40 7.724167768913281
40 6.250367499919204
40 6.195954119138708
40 5.221107005691731
40 12.946858429241207
40 8.563517853361951
40 8.588771173674839
40 8.511798338041606
40 9.969372873329435
40 6.355580611931599
40 9.494849382637938
40 6.093318386887345
40 11.355881898242968
40 7.051958386448323
40 5.744656142177096
40 7.334187209627020
40 9.939219400823184
40 5.835910292200774
40 8.379686069764606
40 7.471967894767097
40 4.454932408197202
40 8.936538320942908
40 7.630151001048343
40 12.483327141547296
40 17.275523527158548
40 7.677884988724300
40 11.062429876431290
40 7.539067909275897
40 6.775226987769535
40 4.260557593390576
40 11.441430762106933
40 8.150674077195680
40 6.810869778846994
40 9.181614514810189
40 5.467853536550168
40 12.586761014614929
40 12.891533482214522
40 9.265681070934001
40 13.276587304172047
40 3.876309799814207
40 11.981938243319966
40 4.591338577852106
40 8.985855097528837
40 9.832166241213260
40 9.038106078411941
40 8.227874473528102
40 3.790530576001692
40 5.998614002990607
40 9.348454334573299
40 6.387224148687794
40 5.816268904256903
40 10.417338148533203
40 7.195130244292347
40 7.059547359772704
40 5.517041394878563
40 16.756099537487842
40 8.754474611789938
40 5.624618938387625
40 6.592821010738718
40 8.812130401409878
40 9.428544390625266
40 6.820854002923648
40 4.926181285613575
40 15.396428428878012
40 6.293527955403585
40 8.667696099378524
40 3.867587523072926
40 10.759442904866505
40 6.852174722529128
40 6.751301148133441
40 6.812061487038630
40 4.976770356367907
40 7.747496651040400
40 8.397072205406205
40 4.076802229213994
40 8.443606534646682
40 10.275661930735531
40 12.331602584947930
40 5.687291465615639
40 5.859121610544333
40 6.420808910796778
40 7.577611014421255
40 7.854875807908964
40 4.854979344952728
40 14.511013551434445
40 5.799582548684771
40 8.608355489817406
40 8.151137268555747
40 4.158353477673176
40 12.815336729298203
40 8.032410907336610
40 7.470456729042169
40 10.142978386487675
40 8.763531750483180
40 5.281017469196867
40 9.508020123843425
40 6.231505042463162
40 7.394728254476716
40 5.014312963898034
40 9.020878718907609
40 12.590630961901846
40 17.990116713874336
40 7.893433310318364
40 10.404793590742159
40 5.243746228090972
40 11.335993274354792
40 10.798129779371635
40 6.840152116730982
40 5.640953738447967
40 4.825986804184723
40 7.400867724331135
40 8.121306027503657
40 6.088415242555074
40 4.330866246941040
40 12.991988900298068
40 6.732544008161813
40 8.192599561092027
40 5.128833335283267
40 5.744682439096739
40 8.286395355136850
40 7.353953683092842
40 7.360323824807487
40 8.880643538115224
40 8.368678340133055
40 10.883894838382030
40 8.017379687215486
40 8.504427349691753
40 4.977721995295294
40 12.071385880382174
40 8.234632126999845
40 10.078616538405209
40 15.186602159140898
40 5.370426617080183
40 10.179896976775014
40 6.784914509791337
40 5.524023803766321
40 6.917808480427321
40 7.011293822145848
40 6.756235989899803
40 7.095832364689008
40 6.055583388223187
40 3.881107082497246
40 5.597422659481230
40 8.301578743371250
40 5.890402305131813
40 8.135949269679152
40 4.907671889641337
40 9.435752366881742
40 8.324016853238174
40 9.093416738526548
40 12.957379899599776
40 10.333988940884195
40 4.224249559085020
40 6.426993440698020
40 6.681846217619127
40 6.416042248953965
40 8.275583892823215
40 6.059855679688212
40 9.938871741662492
40 8.525068265544103
40 6.934448873852808
40 4.109513061616635
40 6.321343653714720
40 6.233101551282756
40 7.620772046523022
40 6.146913315595373
40 9.353488633420989
40 4.520373578143392
40 6.504981000107778
40 6.275576950487704
40 9.471036839422561
40 8.567065180823253
40 9.284512788006012
40 5.931767139052535
40 7.563030183891732
40 9.701575546078617
40 5.882109083801501
40 15.727954941554804
40 11.417760074673190
40 15.152427309406747
40 10.776962555284026
40 6.915569205590264
40 6.615923420501085
40 7.035669848448352
40 7.248714598700015
40 15.033176552700843
40 9.165243937682725
40 5.421504627421339
40 7.734078118081026
40 7.653794454389276
40 16.325491041156429
40 13.750148324681751
40 7.411608354928800
40 4.506773786069736
40 6.577097684907589
40 7.548606977660041
40 5.870767137343463
40 9.573661984555955
40 7.663082090845811
40 7.448496262603187
40 6.216252329620687
40 5.878041932872057
40 6.194552742472187
40 8.366934580915061
40 7.041223569810407
40 6.438078279995793
40 10.121273669786783
40 6.092851273617644
40 11.399814631391507
40 5.565615630677376
40 6.447435994275041
40 4.994930062256016
40 10.162401631662394
40 15.177126045893699
40 4.319764541303064
40 6.854189938972274
40 10.822117256445269
40 11.334422656827487
40 9.112680816057836
40 7.088468311178397
40 9.282968987072667
40 7.826695843041344
40 11.051529274379721
40 4.890120822858819
40 9.847591882766752
40 7.779526590669553
40 5.480045936822608
40 9.812753030923998
40 10.539763027279049
40 9.213906301481133
40 7.558925687537899
40 5.491229949235681
40 3.841065309697319
40 7.073442343553602
40 7.897104593371241
40 6.995405295471348
40 6.869697504988033
40 6.133129674554306
40 6.246242280270631
40 7.295119244267182
40 8.753575816477532
40 4.148353779571491
40 4.713772385349493
40 5.252307405889633
40 4.809531828781498
40 11.295678573785676
40 9.936265204046304
40 11.716147859883318
40 9.989045727515078
40 7.662380865524652
40 6.391368833863771
40 10.154420092276553
40 5.956106884956156
40 6.561960794518419
40 5.931019366080878
40 4.958618305081441
40 9.550826976288077
40 13.601758978982140
40 12.799836181356842
40 7.771645391479725
40 6.412968097908017
40 4.655172552780535
40 4.782427210544927
40 8.192432683175186
40 9.107664490848570
40 4.734854649891098
40 10.348993955745568
40 5.855590689775752
40 7.795003440238835
40 7.947792426065172
40 17.011463178605538
40 10.729777848218475
40 7.805354988276799
40 7.488640530519366
40 10.709280983016392
40 6.798519260525472
40 9.791756257494718
40 6.415164183368912
40 6.835677912057871
40 10.236496247606404
40 7.979313770531059
40 7.243142552940840
40 4.131156382109467
40 7.254342502426779
40 5.669719084482184
40 6.484610581501302
40 4.970957289285705
40 6.261227849122628
40 8.497152403139220
40 8.486327201006041
40 9.504264170158931
40 10.780967964825598
40 6.294698462953754
40 7.022842700653966
40 11.001647233904922
40 10.797645613529708
40 12.545164247020367
40 9.206739357876259
40 10.226349655278547
40 5.373146056990905
40 4.309543847891025
40 7.115089515717159
40 9.134852261507143
40 8.069097818086036
40 9.375739043533370
40 5.994408792891148
40 4.395929447113891
40 11.162296406568423
40 5.358391944930840
40 7.366990259542396
40 5.203451245126836
40 8.989154380662592
40 7.759554114364635
40 7.968463494965295
40 11.168059337143696
40 4.486967229192487
40 8.260354762228461
40 4.771576525044544
40 9.070102454494185
40 5.334391686364393
40 12.989662327187906
40 5.689757425710277
40 6.752793487689085
40 8.183698956081910
40 7.890216311604494
40 5.187789696268725
40 10.802363389063837
40 10.634414746268966
40 9.212051120690621
40 11.128105722525277
40 8.720444679909942
40 7.850944405464638
40 10.122588048947611
40 4.104176305591377
40 7.221362791782756
40 6.044947657511798
40 8.248940168785911
40 14.531526511254830
40 7.353462283492753
40 6.142791583427112
40 8.870340024780448
40 6.575447326507612
40 10.655358629439208
40 10.154776466373850
40 11.082945432884504
40 10.991967501057891
40 6.943517524469794
40 8.065907419117258
40 9.283558125781994
40 9.770873661225670
40 12.691986756048308
40 10.117171664385783
40 17.567282320407074
40 14.157398701328290
40 6.244479742855468
40 13.700379085718975
40 8.384802659547502
40 9.667578013780144
40 4.022723403360001
46 6.840935722827517
46 15.398967907818209
46 13.879232925718249
46 14.160914988076499
46 11.722606747841919
46 7.557279228779481
46 10.021824806870146
46 11.297965392897847
46 11.998256411895165
46 10.610510090750433
46 17.158502670917184
46 18.012119459876409
46 17.361487542339198
46 16.074242725154498
46 11.711726148544546
46 17.582319531898111
46 16.105815771850992
46 7.689268329824628
46 11.770475908283345
46 18.100739178819580
46 20.952376449894373
46 14.275696370290319
46 14.435987886090246
46 12.986719778402245
46 10.260285739343971
46 13.711659298199152
46 19.961699940384605
46 19.729418710304039
46 18.861020593888917
46 17.666984883293239
46 16.824663522611910
46 22.204748497621154
46 7.518170126435643
46 16.009280278223120
46 18.238095677391158
46 22.058829105799060
46 10.406312443639846
46 14.462523083419274
46 10.667752628905509
46 15.891599453301637
46 9.275521705652462
46 12.303056880015715
46 13.272401861552552
46 14.136486060446963
46 9.121691003320786
46 16.740189066897042
46 12.632141208051539
46 10.906187307461590
46 20.911702884207145
46 8.556032814779691
46 19.853978127209619
46 7.963219275093241
46 17.074328437863635
46 13.767497354628542
46 16.799134780282856
46 9.160204413601164
46 19.396254875439986
46 9.199352187878439
46 11.802721217127779
46 14.039987559689866
46 9.174536754116431
46 16.196593456142104
46 21.789207880935784
46 9.461487624731834
46 13.781148620038415
46 6.778496186905248
46 16.318601350525206
46 11.994829322153221
46 9.859271296574182
46 23.319178812268479
46 15.910563690645258
46 11.661708672885613
46 13.419874036806975
46 15.445236136781856
46 22.846639485027836
46 7.829737987808640
46 18.749561516772296
46 10.886629326538099
46 11.753519451909373
46 20.294827604136728
46 9.729137285686450
46 16.335032800436586
46 10.728408044518476
46 20.102919164939941
46 10.461986583821414
46 12.686599356786292
46 14.580348899641230
46 10.201945176084529
46 19.163451394043964
46 11.657928694815030
46 15.564359219936733
46 7.132515408343203
46 9.891270725328400
46 19.190353650119061
46 18.007182529201089
46 15.294329917484218
46 12.521655644094734
46 6.539404679874151
46 17.083605853660078
46 21.519400576351902
46 11.070621352963803
46 12.149198751426272
46 18.065587074567215
46 23.883672923779468
46 11.977179544759348
46 13.876686025550068
46 13.790896678719356
46 25.631225692595159
46 7.947047725070261
46 11.845771862770711
46 13.840064102948903
46 11.424580702206637
46 14.883156331443953
46 9.505348468726186
46 9.173483912212070
46 13.311252807817318
46 14.017982562910097
46 13.385463454875890
46 14.159346989879339
46 18.572963673398704
46 7.861718494730229
46 10.593909209118952
46 17.575066648036177
46 16.363379144352027
46 23.066521685736411
46 12.676008431655198
46 11.259509590470186
46 20.728309220842746
46 16.716889685805079
46 22.841090635833694
46 13.451524418249916
46 17.400569958585294
46 9.967039147040321
46 16.058692030821316
46 10.383769241212233
46 11.885852345210576
46 23.611007916981588
46 15.183296751824383
46 16.623994475170530
46 14.285122429219729
46 13.814075486864317
46 10.574415609926877
46 14.910400939593575
46 17.759435571419147
46 16.546278387377932
46 21.806219800034107
46 24.872752459964275
46 8.560533353474867
46 8.621593017205548
46 8.297257136147282
46 12.779239481325902
46 10.777814589672943
46 12.450462488675425
46 9.843846290718666
46 8.331977851835331
46 21.060812775423980
46 11.840738831254503
46 12.915255953983944
46 10.495757011538124
46 10.773935189272429
46 10.285897200639749
46 10.099763237910333
46 15.127972165793119
46 13.572381249802174
46 14.483467902581559
46 11.440824178667288
46 19.043767018967124
46 14.634942153973427
46 21.637898969832719
46 9.056395130800439
46 10.167842631533539
46 9.478386270173099
46 8.653332102083533
46 19.298224517575076
46 14.595701107065587
46 17.140031481780195
46 9.394645480174230
46 13.404759346576759
46 11.296837802163303
46 19.745640388325334
46 13.988771655848357
46 20.515574832759857
46 9.499643687324882
46 12.152151608559146
46 10.339810153695479
46 19.644946880462953
46 12.134397047461841
46 9.514302784901325
46 14.455101247187791
46 23.851965504965442
46 18.054088079820374
46 11.245767461270056
46 12.565649960359346
46 22.824208527260623
46 10.664668205274484
46 9.114918476901767
46 16.032463224098347
46 13.321403767097237
46 14.289859725132075
46 17.184518277046632
46 19.106207069881684
46 13.518990462247544
46 21.087384538855336
46 13.145958397287679
46 16.869078269139319
46 14.193037007486225
46 16.973864363359173
46 13.647945964073052
46 17.578382665921993
46 12.593552578094986
46 10.818385219288256
46 17.954585351172785
46 10.714746711437700
46 12.220466848391228
46 15.124710302863370
46 17.797954117859657
46 16.874057382338098
46 12.810580929164651
46 17.525827004179796
46 14.900054496902133
46 18.080932858526722
46 14.922592530494981
46 10.838201147576216
46 22.938836123452724
46 12.303419984772038
46 27.618667043942118
46 10.064763917061445
46 8.528440818563638
46 18.680236316569271
46 15.818240790596199
46 14.380867573286949
46 10.850065626282539
46 12.760796627491972
46 13.812550795357785
46 19.487647127340779
46 16.736851758044313
46 12.577906104170037
46 13.979112569567498
46 16.158268845825027
46 14.177235563432706
46 16.774025380331171
46 17.992625776914437
46 6.400414928259558
46 9.870034748820165
46 14.870602854399930
46 8.068570136768543
46 13.469445162736637
46 17.611806513397710
46 14.817018980161322
46 16.951290789010422
46 8.924955478881564
46 16.863089898839615
46 16.198706568259102
46 10.860046200187924
46 12.383443082186691
46 14.990385717913576
46 10.604764532161287
46 11.191255365911649
46 12.657174038263411
46 11.377469261762045
46 22.085667697975023
46 14.243837015555735
46 14.306673737535931
46 19.316687463581932
46 8.044753467359328
46 14.344844280628120
46 12.084256011096965
46 7.186489144597052
46 12.652367482998525
46 11.359245709716035
46 13.180618196004581
46 11.826548633237557
46 5.965532993206972
46 11.030099841246122
46 12.668367011056660
46 10.388666373711299
46 10.495672913133548
46 6.897032914004662
46 10.332973058241819
46 26.708076725047530
46 13.052070938160632
46 17.845300378593421
46 14.466050204364759
46 12.553757756928910
46 22.143476910538702
46 20.681088872826145
46 12.248636505626671
46 10.532103538121300
46 14.573735867668175
46 10.584821558043595
46 15.583830828128967
46 11.063647361911212
46 11.480428416815464
46 14.847729725761454
46 24.095528270233928
46 8.708497269982088
46 14.960610595966632
46 17.029291075185441
46 13.827586792582920
46 9.356074816658442
46 12.733586072886823
46 24.081937590739102
46 8.513288470114926
46 12.830468924312035
46 14.213649532406864
46 21.529406883197780
46 13.806846184417886
46 16.596017776350465
46 12.916621215534029
46 11.636213521658650
46 10.596471209040388
46 11.281430100802524
46 18.990090072353397
46 15.568004822289501
46 9.834173422228176
46 10.037456275126857
46 12.839661131587828
46 16.457136918241421
46 12.507614981575475
46 18.197551216203088
46 11.274079050732368
46 16.580012339865522
46 17.019742387495615
46 22.457565496005415
46 20.456794974904881
46 13.606245610526347
46 10.266908758889887
46 11.182273278322485
46 13.031008770971370
46 27.505745251275190
46 11.727180229927669
46 18.153258033765372
46 12.941846394247822
46 17.853352411290807
46 13.729282739815336
46 13.152684756459610
46 17.958370660101217
46 7.721676457115654
46 12.653181599694378
46 17.886190736921026
46 9.167234109189028
46 23.710437875073890
46 10.719735292323632
46 17.362643077779058
46 17.344710010511108
46 13.685796076556986
46 19.179381746418645
46 27.770480552253179
46 12.166157680074908
46 22.444659051857130
46 13.477870047095735
46 12.841723676437381
46 12.008930786486751
46 13.244815473140584
46 21.723651869724602
46 11.410210222174314
46 14.067471373744347
46 12.871500503962039
46 8.180277011397717
46 13.307747029776214
46 21.414172530975399
46 10.188781922779789
46 12.973963649470289
46 10.112443797001850
46 16.420435478946484
46 18.230674989135217
46 12.940288124922803
46 16.240418866690398
46 14.521234483472174
46 22.433291946319283
46 12.229830848594268
46 13.057085625997235
46 13.308857774915776
46 28.443298576927408
46 12.463624323823716
46 18.689724165312469
46 17.572846715595400
46 22.775077082749103
46 10.184394952534763
46 11.953249234951642
46 8.278751488168570
46 9.295481975620364
46 17.247902474091564
46 22.121681331418188
46 18.740307666725453
46 12.112864245753686
46 14.870645355036535
46 12.692609306997113
46 21.101030122004754
46 17.724587755929619
46 11.001542990044767
46 22.791892126409877
46 22.489332271100221
46 20.173981070325453
46 14.165292928879772
46 20.754765453167458
46 16.677268065862641
46 11.468148115935433
46 13.817813344123220
46 11.410691347892012
46 9.357478138068521
46 11.504842283270440
46 18.757152214132919
46 16.458387510870974
46 16.969697174480814
46 11.671565791816754
46 16.884132518854194
46 14.444506103726367
46 14.018642551431284
46 8.730254448946193
46 21.953837545496960
46 18.040367933127484
46 14.899643232400248
46 15.949556085259625
46 10.257398718323333
46 14.493848607884576
46 13.462517199429263
46 22.478640786461376
46 13.894880334837316
46 15.369031103538896
46 10.938263281511270
46 12.559233758325298
46 22.178566519856361
46 12.514849017790734
46 13.983646484595221
46 17.340921510892795
46 16.086196986531945
46 16.017112349100088
46 21.955590110575564
46 22.625197395951943
46 19.931878739549767
46 9.432072778016455
46 17.977977126840056
46 19.926671991260360
46 17.233988200037096
46 11.949611068328505
46 9.683185908846632
46 19.561963349347227
46 10.797218077933650
46 12.225775170906308
46 9.843909222904859
46 14.944732673169081
46 7.559168531130471
46 22.421678900798881
46 11.822796901290690
46 12.868188853865146
46 11.028313620695684
46 22.445438814235196
46 9.416286377675078
46 10.785695378039152
46 14.742822089417254
46 12.825472684769917
46 9.284016405620108
46 13.008985634541698
46 15.482483087340370
46 14.361503966506493
46 13.865670487558003
46 17.009963123687690
46 20.082426235247780
46 24.570211335296332
46 14.894006906477202
46 18.743962228503790
46 12.613618712274292
46 10.653693769329134
46 23.376330196689015
46 22.517724688416898
46 12.951383668731909
46 14.586493554569786
46 11.067837048305488
46 12.968938502328644
46 15.759594163109419
46 9.165053134112799
46 12.882355893879986
46 14.161510376322507
46 16.873522190220854
46 23.877712898072389
46 18.815563212823569
46 13.618646473006566
46 9.290852823410535
46 12.215339324388745
46 12.054422315947701
46 15.917961558437273
46 8.217841028342542
46 10.222149433822588
46 12.335608759322694
46 14.339515110893228
46 12.543319537333378
46 15.522096868411843
46 11.678885211037830
46 14.535639430877108
46 13.782785171739318
46 20.063857755625463
46 23.756409096442809
46 12.711134415802348
46 15.867594399886048
46 17.653184538893882
46 14.979787048275963
46 10.270413997188889
46 19.825211033981606
46 10.685445043431526
