10 0.007979870388711
10 0.009932460701764
10 0.012736962909580
10 0.009107515911761
10 0.004883869353827
10 0.009255566316174
10 0.007538582735350
10 0.008389979281985
10 0.007888966266186
10 0.015953212662665
10 0.011769153883557
10 0.013616394244085
10 0.008022380608300
10 0.005689878629537
10 0.010593304562266
10 0.006356841330268
10 0.005957591143278
10 0.010915856718911
10 0.008113586422338
10 0.008417627742070
10 0.008233252528624
10 0.007620552791167
10 0.007923078740816
10 0.004817663776334
10 0.006826725700530
10 0.014373366666932
10 0.013609150924470
10 0.007809110963857
10 0.007250723283664
10 0.005822639498376
10 0.009359351498546
10 0.008849178208809
10 0.004761765249853
10 0.004796612497251
10 0.008813150239517
10 0.013491520140228
10 0.010430048921077
10 0.009091420243729
10 0.014125822253000
10 0.005523493261566
10 0.009222898594351
10 0.012977222383110
10 0.007149372230355
10 0.011348880943234
10 0.010246144174926
10 0.018630415164369
10 0.008686058632848
10 0.006075843721368
10 0.012365184353080
10 0.020255176540423
10 0.009413929600440
10 0.012565481153207
10 0.006518374004198
10 0.007904480636263
10 0.010686733969721
10 0.006716840114752
10 0.012105160638706
10 0.015755370323070
10 0.006628648701662
10 0.008572961989773
10 0.010530866228255
10 0.008199880234555
10 0.009207486730288
10 0.009662899147586
10 0.011424348874347
10 0.007101372259352
10 0.010026612216761
10 0.007552566984343
10 0.008501952129825
10 0.010383740680475
10 0.007830367360092
10 0.011093245649683
10 0.006853209618482
10 0.008045273295349
10 0.007802092017241
10 0.014908492239315
10 0.007020460664877
10 0.008291987711663
10 0.014935927250781
10 0.008944525519993
10 0.007019199763376
10 0.005172628630195
10 0.012866548432092
10 0.007240010272514
10 0.006237867770321
10 0.009547525872822
10 0.005601385987760
10 0.012879624516092
10 0.013084465146892
10 0.008122824244868
10 0.014876998859291
10 0.004775523435743
10 0.007019263479745
10 0.007991557785532
10 0.005273980540615
10 0.016113570821848
10 0.004451192619885
10 0.009721095272366
10 0.006471949870862
10 0.011309736031572
10 0.012139698110320
10 0.007721014531125
10 0.014672448249772
10 0.008013238783954
10 0.007956868344927
10 0.005979089877575
10 0.007320657652093
10 0.009447098588961
10 0.008450749379141
10 0.008127107302698
10 0.006267164730859
10 0.007076235502533
10 0.014464696573023
10 0.008341778387185
10 0.008046291530014
10 0.009187446905313
10 0.008455178443655
10 0.009536616037642
10 0.016557204933354
10 0.005994089027746
10 0.005508191785293
10 0.006338352231079
10 0.007905788106690
10 0.012279354236217
10 0.016631792474843
10 0.010258588709314
10 0.006186238408163
10 0.008767679743512
10 0.008506463638061
10 0.009878306856898
10 0.006809996568060
10 0.008653167520995
10 0.008735715536798
10 0.009448796045943
10 0.006639256132244
10 0.010198215176725
10 0.007452709210871
10 0.006711253478340
10 0.005402192206956
10 0.009585152958696
10 0.011969439885989
10 0.010110751539101
10 0.008284698926083
10 0.007801012147922
10 0.011271484626511
10 0.011168492769921
10 0.005682685081922
10 0.012917267787811
10 0.009772149203056
10 0.013562190691777
10 0.005339600914834
10 0.006587334278318
10 0.008394903311655
10 0.009305554463658
10 0.006934422748739
10 0.009379000055622
10 0.012913772081691
10 0.015827522648215
10 0.008891431247076
10 0.010995643966935
10 0.010014580166373
10 0.010041895095085
10 0.011597515968318
10 0.009496854009900
10 0.008999544335429
10 0.009219170582126
10 0.013618873867334
10 0.021489613503374
10 0.005469829825612
10 0.009018819210349
10 0.014448117257146
10 0.007941206865080
10 0.008517404168261
10 0.004654319183203
10 0.006855308175832
10 0.006513643404154
10 0.010477086166246
10 0.006462446343602
10 0.006864092317999
10 0.006407612443087
10 0.009126468216657
10 0.009140328945466
10 0.005790851092011
10 0.006089423367630
10 0.005460844359825
10 0.013712743821946
10 0.011441501386505
10 0.011282109495495
10 0.008629041827548
10 0.005843857607874
10 0.006321360759071
10 0.014620717273315
10 0.010637899581082
10 0.005718104395380
10 0.013847823520694
10 0.012043512155730
10 0.008806537181266
10 0.010025615723286
10 0.007509809752711
10 0.008527684632566
10 0.011924575786774
10 0.010600844253084
10 0.006877277509563
10 0.009269571617763
10 0.006737044538511
10 0.008547313850604
10 0.008071784234036
10 0.008159954319268
10 0.008644502434052
10 0.010561054286131
10 0.009194713038477
10 0.008577485718428
10 0.007204103302939
10 0.009493622552456
10 0.007713660650477
10 0.013340585096685
10 0.010659312586180
10 0.009758293417919
10 0.004712890063229
10 0.010531802821638
10 0.006552767429269
10 0.011075421253596
10 0.012611591119983
10 0.008289823866651
10 0.006670244824670
10 0.009218069457684
10 0.005821947735727
10 0.006215728066162
10 0.008966987142710
10 0.008391520458698
10 0.006157278315584
10 0.011989537351792
10 0.011123085240833
10 0.007874371134018
10 0.006434967467326
10 0.004142375338164
10 0.013301779863612
10 0.007256285640872
10 0.004196723659282
10 0.010827154666999
10 0.005984411803967
10 0.004976409632529
10 0.009776794038148
10 0.009316515495839
10 0.019602624850392
10 0.008758208227644
10 0.007150769040969
10 0.009032588781367
10 0.016202998367999
10 0.004818736442708
10 0.009537829612680
10 0.016748240428314
10 0.009318351442967
10 0.006558004529908
10 0.011474272113604
10 0.005215104752765
10 0.013453812099105
10 0.008086733489509
10 0.009124095411628
10 0.005387792773119
10 0.017258576082150
10 0.007681003882982
10 0.010512652975447
10 0.011610549885038
10 0.007417794872587
10 0.008619842294273
10 0.019763385639752
10 0.014220953477808
10 0.005003362910151
10 0.008907537113940
10 0.015233323517777
10 0.005565024051192
10 0.019903070340929
10 0.019431082039288
10 0.015175339210498
10 0.012124250452242
10 0.011445625065898
10 0.007083724524765
10 0.010636323011842
10 0.009398284651439
10 0.005535767771687
10 0.009951864162065
10 0.008602907365583
10 0.010572450767789
10 0.004936114703847
10 0.009034307388324
10 0.018436049614680
10 0.010264139526577
10 0.007932367463235
10 0.005127220305325
10 0.008136423641795
10 0.010246616027748
10 0.014508706902599
10 0.008232471086170
10 0.009951671352820
10 0.009420865272734
10 0.013198356543054
10 0.012279553236815
10 0.008871604065893
10 0.008607935914929
10 0.006659960910469
10 0.009417548069399
10 0.007503655111452
10 0.006904554660916
10 0.016891720347288
10 0.006613313496227
10 0.009136587642386
10 0.008483667191511
10 0.012941798122876
10 0.006126125997445
10 0.005358346898017
10 0.008573140942681
10 0.013175311856380
10 0.006229639043577
10 0.010082795650353
10 0.008719607735394
10 0.011719870878196
10 0.010025861522107
10 0.008990609661673
10 0.011423702655725
10 0.006007994795436
10 0.013205738352574
10 0.008404628007681
10 0.013791698444603
10 0.004877244115733
10 0.010859691127688
10 0.006643287564792
10 0.010763445230023
10 0.022349489104923
10 0.005643435366794
10 0.010947374873273
10 0.008757260566451
10 0.006983073611352
10 0.010958103689181
10 0.009823789626486
10 0.007550243672002
10 0.010946193654348
10 0.008408680099345
10 0.009215261098636
10 0.014643757186497
10 0.010072632105831
10 0.008986001531356
10 0.008704123335348
10 0.006306156469315
10 0.007225936118948
10 0.014973053595259
10 0.004583102849886
10 0.005166461499776
10 0.007054841446555
10 0.008389950003069
10 0.006571961375064
10 0.007674199113379
10 0.009249603441850
10 0.007391693716301
10 0.010865494815528
10 0.010104930039238
10 0.013303590178256
10 0.012250840470775
10 0.010261543905659
10 0.010524642284854
10 0.017364217622149
10 0.003666600446204
10 0.007924180091003
10 0.006648991634386
10 0.010492359889524
10 0.008298738005836
10 0.008552848976111
10 0.014468008536917
10 0.012935255237632
10 0.010384191588055
10 0.009496481427489
10 0.009286236712500
10 0.013520454012989
10 0.007284714472148
10 0.006957742477047
10 0.008008440202018
10 0.010348810427132
10 0.007123066483940
10 0.011028826042849
10 0.006996045135981
10 0.010833249953567
10 0.010766955821753
10 0.006112586330044
10 0.010887794426604
10 0.015019134336640
10 0.008241295464063
10 0.011000425965496
10 0.011637817837236
10 0.006891769456458
10 0.005765473657508
10 0.007665339490810
10 0.009803089985499
10 0.011144653824327
10 0.010661665596167
10 0.004797661499145
10 0.012649911821841
10 0.013312240273784
10 0.007767776916911
10 0.005718832374174
10 0.005809541519868
10 0.006913244452427
10 0.005194726809923
10 0.006812977611485
10 0.015746566051332
10 0.008948498452384
10 0.011472612334346
10 0.006261645779594
10 0.009722306498384
10 0.011434181911175
10 0.011305525211949
10 0.012124441667751
10 0.010905083995688
10 0.007528381635373
10 0.007065297954997
10 0.010618396823071
10 0.010788167811080
10 0.006037400686605
10 0.007875236901424
10 0.010822171125153
10 0.008696027801021
10 0.021618504795355
10 0.017475268295022
10 0.013948413096889
10 0.021174891825341
10 0.006021265419318
10 0.007188132177866
10 0.007804405295189
10 0.009128426820689
10 0.009672112923453
10 0.012577403746719
10 0.009211035985743
10 0.005435803498991
10 0.006708644856892
10 0.008482230252124
10 0.017653151096671
10 0.017564087324354
10 0.007347863724667
10 0.014580966063468
10 0.012314084127733
10 0.003561274058670
10 0.012427242487620
10 0.009862877713788
10 0.011986549030171
10 0.007849710383971
10 0.009355479713583
10 0.005358031469980
10 0.009414411900006
10 0.011717276307945
10 0.012426094880209
10 0.006771223145267
10 0.008596701562853
10 0.006602217102094
10 0.010225522198932
10 0.009001001556255
10 0.010704852127821
10 0.010869802903738
10 0.010211314868642
10 0.002946335362832
10 0.005058664310714
10 0.010966935084061
10 0.011441685332660
10 0.007910316543321
10 0.007908015140964
10 0.005657452588032
10 0.008416641350535
10 0.010561491168477
10 0.011521953050812
10 0.007555861705036
10 0.012182788233569
10 0.008337962760612
10 0.011116133835585
10 0.010112341050151
10 0.009404318313734
10 0.006873750920753
10 0.010003668319808
10 0.012527508873394
10 0.005302436842085
10 0.011692394286148
10 0.010071495864160
10 0.006446801811646
10 0.013371677940565
10 0.008549625862400
10 0.007201801959229
10 0.006909851278349
10 0.009726149569846
10 0.006703709779654
10 0.011480244388709
10 0.006567901085267
10 0.007585909429748
10 0.010603628261135
10 0.005477594994579
10 0.011965339531578
10 0.008869570501771
10 0.004257366845730
10 0.010085873247257
10 0.010019492894022
10 0.008481729646808
10 0.006587612857420
10 0.008307026609381
10 0.014331262169681
16 0.047935660176414
16 0.061966640702434
16 0.062465678569970
16 0.039166418419331
16 0.059596998736863
16 0.071090027113341
16 0.079016576693565
16 0.065940400295956
16 0.052930589448648
16 0.033665858483034
16 0.039825297575142
16 0.107701162861857
16 0.072544977025572
16 0.129182595082011
16 0.075735954886653
16 0.056859124186561
16 0.077977653870073
16 0.054847727649772
16 0.086377250640209
16 0.060224087760656
16 0.028447612800559
16 0.127463479746843
16 0.083091626519712
16 0.078196004966681
16 0.046195215165787
16 0.049572641963806
16 0.044915697364083
16 0.031651144629600
16 0.082594485319546
16 0.045635674463429
16 0.077242663725558
16 0.034853305411498
16 0.033634568568592
16 0.051982673534904
16 0.068226211631632
16 0.046327172536062
16 0.045591234892136
16 0.053470288668742
16 0.054692694826036
16 0.031417275044893
16 0.067677368299748
16 0.087772379203326
16 0.051067486409731
16 0.040035269073901
16 0.029099276051436
16 0.054950990839190
16 0.066398752127201
16 0.086976150397279
16 0.051745839804591
16 0.046548478975779
16 0.051678173090787
16 0.053508112153802
16 0.049083009867298
16 0.031601646529277
16 0.097823353805144
16 0.043587573036540
16 0.030843512169845
16 0.048557585674520
16 0.065799538706444
16 0.057381467228093
16 0.082313274753011
16 0.059229936572290
16 0.040061074265833
16 0.044495454007805
16 0.041491276552657
16 0.038852987629386
16 0.060814302655608
16 0.064542059799025
16 0.047911408093804
16 0.048166618590599
16 0.087145957605686
16 0.038666096556965
16 0.064195206578608
16 0.056732665840926
16 0.061786213468365
16 0.100261026507337
16 0.043538934262690
16 0.070349418301668
16 0.063505221280281
16 0.077872889573407
16 0.029881508409620
16 0.074052277058903
16 0.030829566929615
16 0.061044934586801
16 0.071615497517444
16 0.048453082659976
16 0.065445592511805
16 0.061145214171524
16 0.059501084625054
16 0.038147348443827
16 0.042061561338497
16 0.032960645542118
16 0.029576185129315
16 0.073589236606245
16 0.074558804352305
16 0.035190139993161
16 0.069121965838372
16 0.036025188793463
16 0.090861333715806
16 0.072637660268500
16 0.031250989280414
16 0.074392598741495
16 0.037401926475708
16 0.026682948438523
16 0.046326706722572
16 0.043335735725884
16 0.073414976292022
16 0.059822350542896
16 0.051772399132006
16 0.052124891678528
16 0.043015943030510
16 0.064622490894682
16 0.034539902870470
16 0.037454246633816
16 0.056952056679775
16 0.077717919561164
16 0.071675318445151
16 0.044569114183367
16 0.043776288658926
16 0.070463737962276
16 0.043430916243064
16 0.040488643480446
16 0.038204454004466
16 0.043549388311888
16 0.042045929427062
16 0.050235182368903
16 0.052988944445131
16 0.037935087796404
16 0.057688066725340
16 0.063406213724279
16 0.046470665726521
16 0.122825977835722
16 0.048528380737962
16 0.054472467063570
16 0.036896087357562
16 0.088876454824033
16 0.040757583498863
16 0.041417932608777
16 0.077985432259618
16 0.055465259041147
16 0.053437045806166
16 0.063582838432354
16 0.020571510308799
16 0.060229145180991
16 0.068234325159147
16 0.080994175185148
16 0.051790208261804
16 0.062646498444952
16 0.117040469199557
16 0.059071391977158
16 0.090011122144423
16 0.062186975510472
16 0.100832741846585
16 0.039460766588516
16 0.061372020021048
16 0.077650101892952
16 0.083863784013970
16 0.043610349474037
16 0.066742777794424
16 0.067184869785943
16 0.058470939843779
16 0.063017778822316
16 0.072706163007114
16 0.039279168378552
16 0.073960174326232
16 0.034685978187009
16 0.070931249161280
16 0.080309732978667
16 0.029305105224550
16 0.047215480228335
16 0.059862137183678
16 0.034778912798323
16 0.066209275977870
16 0.097787609109120
16 0.046017085477161
16 0.046470486106028
16 0.092783872329186
16 0.052890317310218
16 0.053720125744266
16 0.105495518390057
16 0.038116328439064
16 0.047265589103822
16 0.060492966940322
16 0.055835784365662
16 0.091261644989863
16 0.035120503912768
16 0.040820436429067
16 0.096627205089590
16 0.040346361216086
16 0.047454393163034
16 0.044622766714762
16 0.037607413543023
16 0.047119077783289
16 0.070402944328823
16 0.027926094807720
16 0.036318900466122
16 0.046028670890794
16 0.048409886052500
16 0.037296050977243
16 0.082385440494491
16 0.051429229025320
16 0.052570414320777
16 0.068352182554841
16 0.084138797550297
16 0.042618153252242
16 0.070730129294296
16 0.030367386699607
16 0.058285437792005
16 0.080157075846918
16 0.045602020950349
16 0.068254362913092
16 0.060308883147053
16 0.033642544771095
16 0.081757869746473
16 0.058320053206763
16 0.052533591246624
16 0.033468334226552
16 0.047717555942337
16 0.081131239686871
16 0.031911201388612
16 0.039416616914332
16 0.093433438383048
16 0.057370441874985
16 0.057964522918115
16 0.055969152701340
16 0.073086458550674
16 0.038044038395300
16 0.036281629107568
16 0.052610471485445
16 0.077994984228429
16 0.042182000499483
16 0.026913171292238
16 0.063892224176511
16 0.041788699336444
16 0.058229488712267
16 0.038028675787611
16 0.052568049189477
16 0.048011470873906
16 0.055533430642029
16 0.063847454325097
16 0.067991770199578
16 0.077584997488647
16 0.062218993972516
16 0.046278760458847
16 0.058683969847011
16 0.073111663207235
16 0.041953247707465
16 0.056195983458478
16 0.052113087493742
16 0.032405432918703
16 0.036308536838025
16 0.050905565736170
16 0.060763516364242
16 0.052003549485127
16 0.028129817215425
16 0.048244638655801
16 0.054138008604059
16 0.050068787281661
16 0.059634346115065
16 0.047075918517088
16 0.055997564109807
16 0.062755442496245
16 0.047932753593958
16 0.058715298421606
16 0.045861438819529
16 0.053931153338314
16 0.065941780988785
16 0.053591116411668
16 0.042639892868234
16 0.099912411892195
16 0.092139007808558
16 0.048106880604918
16 0.083831951437983
16 0.080423551002430
16 0.025678601089034
16 0.054898528687175
16 0.047244300495118
16 0.058254976273687
16 0.039778699367093
16 0.056927578750287
16 0.117840509754664
16 0.062639939794497
16 0.039209662582976
16 0.080887795497081
16 0.161628795106090
16 0.050347300558742
16 0.035165277949901
16 0.027753199995824
16 0.050828909355580
16 0.047819664522174
16 0.052363150863821
16 0.094944736687839
16 0.057998057995727
16 0.039160061821064
16 0.023800108112313
16 0.063985759433980
16 0.059401213811209
16 0.053682275022369
16 0.046653585961446
16 0.031198870125371
16 0.058058783085719
16 0.056073529772130
16 0.105430303112990
16 0.045111313187093
16 0.044070100142369
16 0.043243944483863
16 0.065189795272729
16 0.059196268822633
16 0.040442979290389
16 0.075569705328853
16 0.061106868025894
16 0.066447767753537
16 0.052826192941892
16 0.044029123604913
16 0.028888127231450
16 0.062982348888263
16 0.045711112050684
16 0.091763203850666
16 0.065584334523772
16 0.060206553676011
16 0.052421249943628
16 0.061698527284511
16 0.035729967719225
16 0.089147488904184
16 0.057574361304319
16 0.056406647781701
16 0.059418774203678
16 0.057958031503360
16 0.057733037171913
16 0.038367712492235
16 0.046933868033605
16 0.040307929799892
16 0.039442903664084
16 0.032153710673575
16 0.058174490375819
16 0.093427874385721
16 0.053077249103486
16 0.039994347569927
16 0.033552885811888
16 0.071392527476175
16 0.033438685447101
16 0.044933063793498
16 0.041426780241613
16 0.055805628274524
16 0.045863982311448
16 0.056502850811249
16 0.053054315537875
16 0.069092486378187
16 0.058633878223813
16 0.057975940420014
16 0.064216613164717
16 0.049524364634951
16 0.062019755261295
16 0.074046289928543
16 0.051722316097996
16 0.103294478467768
16 0.084191740806338
16 0.035945455736370
16 0.037330313657427
16 0.047979919582206
16 0.026175092432027
16 0.064972956249681
16 0.040537822013207
16 0.065923963731201
16 0.052752335658530
16 0.056872297966573
16 0.071358958313835
16 0.089416035077900
16 0.060244130267181
16 0.057893795260543
16 0.129220148511940
16 0.060111579683621
16 0.043913890765137
16 0.058903770018577
16 0.049497617645400
16 0.056289805313364
16 0.047289695527791
16 0.048529553237565
16 0.049812389343902
16 0.027304595045632
16 0.033353905378992
16 0.049550841578047
16 0.026387306349392
16 0.065429067800389
16 0.046163970709119
16 0.072338954621480
16 0.032470899030201
16 0.053868005696064
16 0.064135556322989
16 0.098282904464960
16 0.054546401808438
16 0.075246735007122
16 0.042773302112910
16 0.058918926871807
16 0.086204095646520
16 0.083834097411008
16 0.049690858315155
16 0.067333445273571
16 0.044866919960505
16 0.078604334504839
16 0.084621939262307
16 0.051396230091979
16 0.050463340001512
16 0.057573176235668
16 0.131067281007544
16 0.061831923206198
16 0.046629618491886
16 0.058170096523991
16 0.046969245921380
16 0.079104618431493
16 0.047049083870265
16 0.063785631969171
16 0.052965810554842
16 0.074099816187440
16 0.097712319874115
16 0.059845615085633
16 0.068122794129227
16 0.031986952388392
16 0.059480251541179
16 0.100632949756035
16 0.070544090556821
16 0.076251974017525
16 0.059456757872777
16 0.050909191403483
16 0.044167331043446
16 0.044783943363440
16 0.054220126374412
16 0.025729624055271
16 0.036375377904118
16 0.076497955634767
16 0.046595500156540
16 0.055463214352989
16 0.089076187125433
16 0.066385309783814
16 0.050796601946781
16 0.030642728517994
16 0.046921793509150
16 0.034051671038575
16 0.067865460774619
16 0.082113199639281
16 0.030334289967229
16 0.099293865517538
16 0.061499754034881
16 0.146689323481428
16 0.050336726432848
16 0.053172590278364
16 0.040477658915209
16 0.065131611125525
16 0.038651340582451
16 0.074723103555829
16 0.096088760579513
16 0.045151438237479
16 0.040918553558648
16 0.037104710680347
16 0.069735709634295
16 0.038108933689775
16 0.032967225947639
16 0.085001004928274
16 0.048713242837354
16 0.063617151361582
16 0.044934922131575
16 0.043612450744234
16 0.023932579845833
16 0.032346223389690
16 0.070055232405941
16 0.036208730457556
16 0.032821452129479
16 0.059146845385490
16 0.039914191431765
16 0.045250363317957
16 0.057990771165564
16 0.081891557802394
16 0.039800914675705
16 0.049988326210070
16 0.088839564529152
16 0.069767214069596
16 0.055691505063999
16 0.057525133195346
16 0.048601435414561
16 0.038994566788760
16 0.073532538775496
16 0.079152802022449
16 0.049283005573589
16 0.058421193297700
16 0.057161807513305
16 0.061425061083295
16 0.056803274499380
16 0.075128162475993
16 0.065925927914552
16 0.040762138420271
16 0.053325221361381
16 0.049545946229094
16 0.031067273455099
16 0.045901081554925
16 0.043835918674721
16 0.119620225182142
16 0.026065719985297
16 0.052750741268111
16 0.059569454697218
16 0.087458917234378
22 0.212282862646223
22 0.183140608517736
22 0.196243304297596
22 0.227653148558391
22 0.155933552916486
22 0.131424140366187
22 0.132165397314853
22 0.188953026608662
22 0.179725452060594
22 0.208197545683165
22 0.189427710999695
22 0.165089590879494
22 0.164413113337508
22 0.074874723605143
22 0.204956857604369
22 0.147758262524491
22 0.233593422733796
22 0.227479896100634
22 0.279151323238599
22 0.220516392286657
22 0.217992164380695
22 0.144124538093608
22 0.182760124390960
22 0.150201101420193
22 0.208562478834633
22 0.235494539173606
22 0.302827219789552
22 0.291221248329343
22 0.291772052456003
22 0.137555258585409
22 0.180458200127950
22 0.131190018455239
22 0.217648566489151
22 0.107963061788405
22 0.179664345230447
22 0.227383542280610
22 0.228248414271887
22 0.287883622313286
22 0.340540010731170
22 0.116674772046718
22 0.173631810438664
22 0.183487552147622
22 0.229581394943061
22 0.143753085184865
22 0.186235398331971
22 0.098719948389344
22 0.187827259990103
22 0.257204044186557
22 0.231373164968335
22 0.147510738869258
22 0.165599252982576
22 0.352413541986135
22 0.106913824633181
22 0.167630833214873
22 0.186247690498988
22 0.124123825527299
22 0.194901631792456
22 0.114053294205250
22 0.242366032351881
22 0.155172501362532
22 0.185128815964181
22 0.254864194467286
22 0.168099279928530
22 0.192736506911404
22 0.128407931690278
22 0.261957346240928
22 0.261770439504865
22 0.235401561297392
22 0.154360193660666
22 0.283633985761496
22 0.281640996737789
22 0.101878036238360
22 0.134977044670113
22 0.152037129043575
22 0.143375819762599
22 0.154758881538841
22 0.099306575317850
22 0.170820835583618
22 0.258087645592962
22 0.106107204678511
22 0.096838271963711
22 0.416121547317410
22 0.218593846222348
22 0.200987630904734
22 0.182169940558464
22 0.246359837060366
22 0.271517860794423
22 0.243064133954108
22 0.241759118168169
22 0.130297083101178
22 0.157972315835687
22 0.161714626871369
22 0.170586988639436
22 0.249399315881243
22 0.238572340836882
22 0.155170769368963
22 0.128566613819866
22 0.243615276219037
22 0.285544807016558
22 0.167435785178678
22 0.278644418038789
22 0.154817063157757
22 0.113092502850925
22 0.185607047092921
22 0.152540768471267
22 0.309296975682665
22 0.307928595410483
22 0.168102568973730
22 0.171927867575685
22 0.185558086862771
22 0.234061517153013
22 0.174149765274839
22 0.211828574471546
22 0.192763437770441
22 0.220166937436671
22 0.193070057018867
22 0.167648937320048
22 0.102826975756607
22 0.166835347997673
22 0.148063813016163
22 0.257016893937498
22 0.252184176079046
22 0.165091631766499
22 0.153079931786682
22 0.191554810236975
22 0.163042884937858
22 0.184569037224668
22 0.199651714137852
22 0.148348993973858
22 0.230220813288045
22 0.173540641910665
22 0.126627954146727
22 0.184370431835227
22 0.130133444070069
22 0.124054026905665
22 0.199403488295189
22 0.242244517202678
22 0.158715933538681
22 0.181197858607097
22 0.178993138882546
22 0.198782797651873
22 0.154684048208572
22 0.177985050286143
22 0.087285596061626
22 0.260658512592983
22 0.166191840901084
22 0.182577252836003
22 0.291201107272832
22 0.183037664492480
22 0.130514978339719
22 0.277230680887420
22 0.214617965470873
22 0.310645490981311
22 0.271693916939733
22 0.211730494575047
22 0.263502410964006
22 0.117906547697581
22 0.174419114177490
22 0.144698742072876
22 0.168759740542191
22 0.118359457433914
22 0.160225538813669
22 0.198478654607309
22 0.192478692348253
22 0.156779659340372
22 0.162532091370349
22 0.170000817381965
22 0.110378467916334
22 0.221466632748541
22 0.256905654460550
22 0.124402340839965
22 0.141119294769664
22 0.180118670309049
22 0.157682952128479
22 0.165294164390446
22 0.211261207778504
22 0.145509181985298
22 0.244559277577986
22 0.116759973374951
22 0.202658989586319
22 0.245735333305851
22 0.130367859371991
22 0.264620596032415
22 0.170833043764573
22 0.146101757512179
22 0.182976213222033
22 0.182971777508430
22 0.198079523147662
22 0.283276582366806
22 0.181837807536056
22 0.160633029065826
22 0.347317757209396
22 0.119392633043560
22 0.111565295091283
22 0.237016490366444
22 0.304754644885746
22 0.200869245762777
22 0.174245008192282
22 0.078211149413746
22 0.122842887289634
22 0.242048038480998
22 0.157221203730491
22 0.227516555285471
22 0.197964194320102
22 0.168504587331184
22 0.134300639710885
22 0.181630638336039
22 0.089816625342768
22 0.195201461135086
22 0.147414562686323
22 0.243447559101727
22 0.321974225141347
22 0.181888501868120
22 0.247435865451394
22 0.125536856199512
22 0.093483779243161
22 0.094708687208212
22 0.200594897595264
22 0.355794227889022
22 0.186764065357994
22 0.229031210617585
22 0.148533802654656
22 0.150647330824028
22 0.128677883449635
22 0.399962928683320
22 0.223243457182174
22 0.193493129462648
22 0.178695395014501
22 0.175405840477974
22 0.210663008312793
22 0.187994274932526
22 0.151936399963895
22 0.099863704446606
22 0.232532555179863
22 0.199562984160742
22 0.276991767224450
22 0.133550164717337
22 0.176129232911038
22 0.256208237907903
22 0.298323330880165
22 0.089237071419768
22 0.191741601341896
22 0.283986508000930
22 0.275596213484822
22 0.208399506904486
22 0.211359306680629
22 0.179022918743674
22 0.139399451445649
22 0.317495515722592
22 0.159153429937746
22 0.102863991558960
22 0.133728719999910
22 0.146570735722588
22 0.116853133385193
22 0.203728495964715
22 0.080939210462141
22 0.173481258705066
22 0.093487634588540
22 0.324420567444341
22 0.152308536893141
22 0.156973424068793
22 0.235890111157280
22 0.236139106771509
22 0.242107163921864
22 0.141584335654403
22 0.158032605539628
22 0.204610364081097
22 0.295086061582357
22 0.227515188845920
22 0.120359515195857
22 0.153965191445225
22 0.123560844425653
22 0.213345101572515
22 0.181462841824219
22 0.174954411165037
22 0.151294198609756
22 0.082485536849935
22 0.139064569109090
22 0.213154586395004
22 0.182621401758498
22 0.178808249925900
22 0.289811812325694
22 0.151654777558001
22 0.249445519522872
22 0.158833422125283
22 0.183334809180180
22 0.170536061924982
22 0.127692672655008
22 0.150632501247148
22 0.263459153125293
22 0.326412296865056
22 0.182583752960996
22 0.196084660031055
22 0.174413872647544
22 0.146417787899681
22 0.175862277447315
22 0.228517162831062
22 0.195637629208008
22 0.253583457419057
22 0.224181678953188
22 0.296797763672621
22 0.144100475305189
22 0.230678235621403
22 0.160070480865563
22 0.113130273175144
22 0.183386499362322
22 0.184758680715351
22 0.105776800077838
22 0.087105833588229
22 0.173474648079938
22 0.124130725937496
22 0.221817931944026
22 0.280376734895279
22 0.267723415213580
22 0.156755135717715
22 0.308820115624996
22 0.204108716600724
22 0.172990917053098
22 0.135248028293224
22 0.172633767488316
22 0.217073596522682
22 0.142431514054616
22 0.123312746719199
22 0.282936595615000
22 0.122873304619464
22 0.228160894398187
22 0.242549155529717
22 0.159943075422040
22 0.138702258702448
22 0.111267945415935
22 0.147793076399776
22 0.367776417742262
22 0.106448708123001
22 0.151275347161493
22 0.099705440460756
22 0.295472548200718
22 0.216654630016397
22 0.117835918173962
22 0.138501320279460
22 0.166005493846360
22 0.342968037712736
22 0.143192545006968
22 0.236285351715436
22 0.177382943863962
22 0.185700357501519
22 0.275780707531247
22 0.210806738456065
22 0.186845760938344
22 0.114835018616603
22 0.365774670358181
22 0.117043629131424
22 0.135957668885823
22 0.182120494694932
22 0.206408957836361
22 0.192634407796160
22 0.152360628749289
22 0.205523709091015
22 0.152025652682402
22 0.127651378575183
22 0.218142308743617
22 0.227404347867401
22 0.255345870067107
22 0.212204939205083
22 0.100437834199207
22 0.177423935630888
22 0.283766867744351
22 0.130699357483026
22 0.244952466176167
22 0.122120458686438
22 0.182738414558125
22 0.197097971778915
22 0.154885741018801
22 0.127673490699449
22 0.224523699148683
22 0.273918241059556
22 0.207011190231582
22 0.236219913642277
22 0.186182587044267
22 0.120517971930184
22 0.199996040460358
22 0.262250853642968
22 0.134792195717369
22 0.170744333901530
22 0.167650552660983
22 0.156530460024795
22 0.163814234403007
22 0.147952753881276
22 0.152653763516488
22 0.149135901136144
22 0.219918441055202
22 0.252392573816228
22 0.184665591064125
22 0.190119670708916
22 0.139662512747939
22 0.204786038299420
22 0.218812061186603
22 0.216136725792558
22 0.181433560040184
22 0.222116852739186
22 0.315977768579907
22 0.145208731011005
22 0.310257262595088
22 0.154009437437195
22 0.421163089858764
22 0.178805261993375
22 0.119149297458680
22 0.191041330576931
22 0.212483883804407
22 0.152542191564934
22 0.106017002358488
22 0.253648544896189
22 0.145980111888148
22 0.202274836932345
22 0.192324603018489
22 0.258628374500030
22 0.137380289002246
22 0.188273220542318
22 0.107590818845288
22 0.203650500725017
22 0.138529625764785
22 0.267435553343109
22 0.238606606393378
22 0.111966636543971
22 0.207139706633746
22 0.248402786272326
22 0.355620828646781
22 0.219366682685265
22 0.171766409635964
22 0.128595847371125
22 0.167253219851378
22 0.293609190709828
22 0.106888486886529
22 0.190571534636541
22 0.144238409428623
22 0.206589954341172
22 0.231190227252983
22 0.379532823078977
22 0.227256548304958
22 0.195926330760769
22 0.268647124879548
22 0.165988711096519
22 0.165327571673005
22 0.142117058293766
22 0.146992971952192
22 0.215130034563076
22 0.219581417897460
22 0.172444357321303
22 0.212362934509234
22 0.180670132815069
22 0.266967457971083
22 0.250709986412592
22 0.099384340041002
22 0.226749810012347
22 0.122474923914448
22 0.147026874221666
22 0.108392680614350
22 0.163971763054005
22 0.220891566427297
22 0.204394183183433
22 0.309627555020674
22 0.212332593325586
22 0.196037136638020
22 0.140633027140871
22 0.120937017860163
22 0.174452707607092
22 0.226101036756197
22 0.266843091304719
22 0.349494658024283
22 0.145365403485984
22 0.126472706394471
22 0.253083264932985
22 0.272008616086915
22 0.250090261261240
22 0.120066878615264
22 0.186684961273027
22 0.138116457518247
22 0.187403961445167
22 0.202989243338549
22 0.168358638123849
22 0.217218284155236
22 0.212799808666885
22 0.195915837254591
22 0.106983155380147
22 0.215897804325420
22 0.290079972629332
22 0.247644452859649
22 0.163995551877135
22 0.182150025480105
22 0.251000930307696
22 0.191124207448128
22 0.150207467010391
22 0.131795218513222
22 0.186306373068831
22 0.191434419036288
22 0.200300594658845
22 0.196136414252074
22 0.181364360457513
22 0.204740172907966
22 0.186881302127393
22 0.136903451050755
28 0.257476727758057
28 0.226690508572833
28 0.375729285951440
28 0.426446361500144
28 0.287399344752023
28 0.418399959825640
28 0.318041712909780
28 0.440984843162324
28 0.212877104569761
28 0.813311306815218
28 0.579533383994320
28 0.552653031106095
28 0.260703568986174
28 0.350247313903657
28 0.448470523527088
28 0.326056023559656
28 0.438965821741344
28 0.270595560092633
28 0.418342279949545
28 0.710019781321091
28 0.392103644180533
28 0.440974398432691
28 0.304169107260110
28 0.383507099453491
28 0.294127118917318
28 0.430473000592103
28 0.570707146632796
28 0.481879818124311
28 0.303906238174694
28 0.455043187394920
28 0.328024536005805
28 0.425734137072870
28 0.380418604039495
28 0.557932575764404
28 0.299983155201645
28 0.450637053394177
28 0.301799410095076
28 0.574112554838777
28 0.345047261803290
28 0.425670385504504
28 0.461254093064781
28 0.245190721271572
28 0.420925857734175
28 0.418612373721981
28 0.427691459985294
28 0.395666613304308
28 0.332919188738266
28 0.702790938615409
28 0.593610157986991
28 0.439596744559466
28 0.234561635048280
28 0.500992087038703
28 0.461789057018863
28 0.472874220017186
28 0.488218089584211
28 0.576484605042022
28 0.280875545914220
28 0.337413208673728
28 0.495317543366754
28 0.355955971195837
28 0.800764934031867
28 0.256712278434779
28 0.460385948762011
28 0.698959563155946
28 0.605271248269410
28 0.469571890188552
28 0.328141638116310
28 0.577943187531984
28 0.305314140781722
28 0.530062669224572
28 0.593707970150517
28 0.399677016270040
28 0.572504409882336
28 0.333596283882294
28 0.516584050605797
28 0.499285540937545
28 0.256330627941087
28 0.479838307036079
28 0.437912480393302
28 0.436087389408119
28 0.472684185434156
28 0.672303037885900
28 0.762746569037738
28 0.457672022053544
28 0.220102588722943
28 0.665724660221560
28 0.324583777116488
28 1.008528976833588
28 0.648698843250938
28 0.521715582429921
28 0.405715552944109
28 0.247111998427798
28 0.701634782148632
28 0.569458844126754
28 0.342157301757384
28 0.325446192328565
28 0.355017922376403
28 0.518356114102990
28 0.365722285736255
28 0.761117524793350
28 0.263951667377606
28 0.443986512905147
28 0.544821352992603
28 0.405505297327021
28 0.393045268942776
28 0.584759291649383
28 0.748861562570489
28 0.813418921590888
28 0.368642374538697
28 0.274120723977014
28 0.291407785188342
28 0.291546980551664
28 0.866003420776545
28 0.435597897761798
28 0.374235805834666
28 0.431239095901443
28 0.420947848651929
28 0.355346551822953
28 0.503298668216945
28 0.347227263839718
28 0.418187675080029
28 0.325911861159864
28 0.530038448766100
28 0.568255101509987
28 0.515815532239781
28 0.311037266500643
28 0.717833296805333
28 0.464130524038987
28 0.278825971590599
28 0.445077354838098
28 0.607159793624172
28 0.517397229054080
28 0.366202529461654
28 0.368901529681116
28 0.430011696508868
28 0.918654515642029
28 0.822831753417013
28 0.552180718021628
28 0.446971759391916
28 0.230900176555076
28 0.398097303916122
28 0.203537227880902
28 0.412849424453049
28 0.635343127832248
28 0.413608225765399
28 0.767058849396151
28 0.455271711256840
28 0.543663276269904
28 0.654727545852417
28 0.518090540927136
28 0.416609539848692
28 0.202248105638013
28 0.300260441412900
28 0.219091026091489
28 0.235754058818486
28 0.435615989283944
28 0.520007126219422
28 0.376438692228785
28 0.273031209755418
28 0.193940905046195
28 0.430217796088809
28 0.716427917056945
28 0.461622115220103
28 0.417382885534482
28 0.290140395377019
28 0.354982707481245
28 0.699947991030889
28 0.480373029568093
28 0.265269153756230
28 0.487717428406229
28 0.338895634689076
28 0.595264276962837
28 0.345776250374018
28 0.413828247962210
28 0.364001025255949
28 0.379648541684378
28 0.423982593552860
28 0.661878124197457
28 0.281568875320063
28 0.358055834423059
28 0.533113923218930
28 0.582763680999570
28 0.517011336688849
28 0.510659873928538
28 0.498268263791956
28 0.479725841124219
28 0.436543098862563
28 0.403864441910683
28 0.635720672341348
28 0.476860574481326
28 0.631126230170346
28 0.520827419250890
28 0.457259750297769
28 0.433735099984534
28 0.310000819764634
28 0.533662208346300
28 0.601529256687610
28 0.458943754784891
28 0.212023235117395
28 0.554884280607186
28 0.386515785095304
28 0.427815723524751
28 0.383851450389953
28 0.460752187714595
28 0.493552337801612
28 0.750549936727018
28 0.480365497209283
28 0.871260790764398
28 0.548159807855931
28 0.422523566749659
28 0.276919029549940
28 0.211736484096029
28 0.485641021937893
28 0.359542047876716
28 0.587491991681869
28 0.360224175885675
28 0.794255617287992
28 0.290998993212484
28 0.310411734575065
28 0.333321933466658
28 0.585733453159786
28 0.259398397962031
28 0.590491402443777
28 0.383143922355709
28 0.172658779114180
28 0.377308268558011
28 0.369606030462117
28 0.328652094353159
28 0.374924629300304
28 0.600083574733338
28 0.623528761557583
28 0.233652104270376
28 0.235377291215022
28 0.298552318793019
28 0.473719563932140
28 0.856808710973458
28 0.502439092027685
28 0.401343550010457
28 0.391751873364929
28 0.295058677119405
28 0.330060485034601
28 0.297146740864073
28 0.392049406276526
28 0.396192577727324
28 0.416367553435758
28 0.357519133553369
28 0.428717148474026
28 0.332544318938089
28 0.429519133047224
28 0.616644689653652
28 0.430206459440322
28 0.376036263620725
28 0.347643743880151
28 0.280983031287310
28 0.422563971925057
28 0.352805712859651
28 0.468048675054743
28 0.335228610884999
28 0.318728955090849
28 0.349429104620641
28 0.863652367430447
28 0.324203475584393
28 0.358544994958588
28 0.405671156393378
28 0.268897982550313
28 0.347172113841354
28 0.588994123653670
28 0.867806816959701
28 0.391246628455004
28 0.495472419573727
28 0.338725183160556
28 0.371028100496460
28 0.349691850812063
28 0.778177107724649
28 0.709369700624806
28 0.353360940583513
28 0.282799953709612
28 0.752715941472663
28 0.669361978208961
28 0.578514987631726
28 0.251179656606261
28 0.347632112003630
28 0.244616758926294
28 0.370477060328080
28 0.330147041964311
28 0.623170101284815
28 0.387422592326314
28 0.734210140011175
28 0.320075303545842
28 0.556504435523582
28 0.361547917786443
28 0.416845925681936
28 0.582129370757148
28 0.229821631503271
28 0.215678551014591
28 0.307806043029981
28 0.562281309979654
28 0.425193900886049
28 0.378059148108409
28 0.355080702022344
28 0.274611981401600
28 0.485231086814997
28 0.271699383063512
28 0.409145898853428
28 0.439196916046145
28 0.342338643935594
28 0.296688262534522
28 0.272622303967546
28 0.321498029703061
28 0.707951855340040
28 0.753002540994760
28 0.653699792686014
28 0.419539599567506
28 0.522017469203947
28 0.467580598086884
28 0.533633199529755
28 0.314236227825314
28 0.764221153570292
28 0.353012436351240
28 0.348837518897450
28 0.396306081443546
28 0.814710019314213
28 0.324496741131188
28 0.987564824948666
28 0.421226163645297
28 0.912077292941041
28 0.590484469883485
28 0.441714499423105
28 0.366016848688664
28 0.326804621483367
28 0.360580308600800
28 0.545628835447187
28 0.532273929235563
28 0.238503053974383
28 0.342602385404000
28 0.505094141388897
28 0.412860441296805
28 0.522118746005624
28 0.671086957970285
28 0.443111171894181
28 0.392044394329764
28 0.591673920659107
28 0.467719200708523
28 0.669539216970868
28 0.448129683285037
28 0.440780787625740
28 0.343599104979704
28 0.423776318275068
28 0.365381295116626
28 0.390871311550044
28 0.522212750029372
28 0.298670234517400
28 0.263372629046883
28 0.512281790116539
28 0.440918965880762
28 0.324026942566830
28 0.282519814612388
28 0.257225907140189
28 0.410575061616434
28 0.351419290067185
28 0.461218234404919
28 0.240909045618959
28 0.425585250525134
28 0.446705273159886
28 0.578985962303675
28 0.339841503217880
28 0.634105527816899
28 0.480182062664306
28 0.495094364854511
28 0.284372164436467
28 0.312279082633896
28 0.447252510061808
28 0.389649232703133
28 0.271360209453363
28 0.459394486392461
28 0.318695256358090
28 0.315252893997418
28 0.621510445593043
28 0.555124001015102
28 0.380695443614830
28 0.237752251812916
28 0.602648079635798
28 0.739117119611952
28 0.521944989677007
28 0.443901147944160
28 0.360715367029536
28 0.950075038724234
28 0.565619056092958
28 0.382721163059798
28 0.704285596364996
28 0.261367879726118
28 0.586531859944630
28 0.339434646530096
28 0.323960272835536
28 0.454604317912897
28 0.440196555921697
28 0.333582320987829
28 0.794934394440417
28 0.272067350007805
28 0.462102189978333
28 0.984048935634955
28 0.670007240536685
28 0.388808404053313
28 0.335630853142048
28 0.390058206084976
28 0.575893224062465
28 0.488492418689659
28 0.467077573256728
28 0.775090633323390
28 0.547144637353867
28 0.431739846628645
28 0.614619171645261
28 0.530397212885974
28 0.254126120564921
28 0.631631244220759
28 0.304452031954717
28 0.418921557908533
28 0.762344402621830
28 0.237760424181603
28 0.473818354215296
28 0.319007667682861
28 0.287098278547783
28 0.501346823997984
28 0.478639790129807
28 0.891277853474591
28 0.367411102861221
28 0.339601406147418
28 0.607811520503053
28 0.739091149857872
28 0.333167389451162
28 0.372760436941693
28 0.259786433229445
28 0.284259336195266
28 0.479389414101129
28 0.447240892584840
28 0.351872332053690
28 0.370114073751957
28 0.198208839400401
28 0.421674911869979
28 0.255115520107579
28 0.457781589024250
28 0.844246263739080
28 0.481707587103225
28 0.405733967903060
28 0.307158281208542
28 0.269410065442195
28 0.256532289129783
28 0.676038103683688
28 0.376730539514059
28 0.471540398010128
28 0.428042038976216
28 0.752218520646583
28 0.451885597919978
28 0.374300161903376
28 0.475284519386258
28 0.551235627667962
28 0.336813966314621
28 0.298135173060696
28 0.413002632802037
28 0.433111759937640
28 0.546774229603892
28 0.467323773379890
28 0.551710201166881
28 0.558168782224778
28 0.283261555088979
28 0.352317111616093
28 0.499232757904193
28 0.330336166477156
28 0.297460237433878
28 0.838568179662534
28 0.383360113786433
28 0.356622051622935
28 0.658582644369129
28 0.401577501906867
28 0.391431216544855
28 0.440948474097353
28 0.324249983813234
28 0.296638315299163
28 0.391863579906161
28 0.391135596707883
28 0.532560125387137
28 0.354061494301655
28 0.324505574851391
28 0.274116941678519
28 0.194258942848204
28 0.308134301371218
28 1.053229994963282
28 0.455918117780072
28 0.570737167008768
28 0.596038572225019
28 0.443724228343386
28 0.281810210274700
28 0.313297274876658
28 0.497408761526357
28 0.446202113674786
28 0.342867561760806
28 0.385735269695697
28 0.335474966028831
28 0.372891648566589
28 0.435777964928678
34 0.735585440770103
34 0.728217733538861
34 0.833087697464061
34 1.599022786896706
34 0.900680383380427
34 1.063973058020363
34 0.648557905377607
34 0.513044751056134
34 0.456471450739572
34 0.758957036976992
34 0.836719477618120
34 0.573827445048979
34 0.785656243605832
34 0.876471139792385
34 0.478159055158911
34 0.429295546382637
34 1.013094345137311
34 1.014779728137726
34 0.602791336664372
34 0.860600822571745
34 0.680011489796917
34 0.939590611486023
34 1.450415130638725
34 0.684977281661226
34 1.248455186696949
34 1.053758249349189
34 0.893082048876766
34 0.898783886178909
34 0.937231190059059
34 1.082894394544502
34 0.810277152327521
34 1.064895538356419
34 0.612779720716174
34 1.048940022693964
34 1.567911105019084
34 0.795881679379681
34 0.765744806248054
34 1.038554792072641
34 1.032265810776744
34 1.381294785359788
34 1.241872672250041
34 0.577263629526669
34 1.598916960411964
34 1.107594918918103
34 0.671094598002056
34 0.930518029661876
34 0.560916399919531
34 1.075034652069024
34 0.616721356521444
34 0.860254027659405
34 1.112595516162319
34 1.145542831215909
34 0.690106261670363
34 0.896597467290888
34 1.428752276895912
34 0.565463266001167
34 0.950512531045339
34 0.915424438726092
34 1.291958073049535
34 0.627808917309801
34 1.818892910457106
34 0.755752691462101
34 0.747450296204884
34 0.690052702747129
34 0.850902025670593
34 0.490499376468304
34 0.565302384609006
34 0.693855933622079
34 0.940898828114578
34 0.466524250139209
34 0.741311111159333
34 0.401722769176783
34 0.775153155756606
34 0.931686981918846
34 0.436401988829569
34 0.745574407483407
34 1.587609535599428
34 0.525232313960990
34 1.073510137958753
34 0.578520549714904
34 1.332894677468386
34 1.097664057231399
34 1.438918624892830
34 0.943312228315182
34 1.141775720981410
34 0.827400898976558
34 0.700658327943151
34 1.338106416219037
34 0.657385546515023
34 0.897228786251254
34 0.894575158417730
34 0.686430376721563
34 0.954951025057280
34 0.740950750348912
34 1.011176470804700
34 1.240125905740027
34 0.872197474525922
34 0.816475671184451
34 1.008676275880098
34 1.004088706125200
34 0.619839971857151
34 0.961478604610585
34 0.600033632575850
34 0.408898743501190
34 1.230961648190071
34 0.795073204514814
34 1.303927470778465
34 0.520029372109458
34 1.111191424501568
34 1.047534515085750
34 0.950171498472713
34 0.943170172626810
34 0.667407404183201
34 0.702086186106345
34 0.720650205270545
34 0.586996153412567
34 1.485646347636846
34 0.382899350129711
34 1.061366395572833
34 1.028621420323371
34 0.576218759813561
34 1.270588526820556
34 1.073070169887588
34 0.619230870026609
34 0.758232512383326
34 1.167612848998163
34 0.942286324414055
34 0.594313259654640
34 1.365091751271510
34 1.714782780169657
34 0.833450905081781
34 1.467221020049127
34 0.790995985496504
34 0.870386704280457
34 0.829203956772546
34 1.362460249861603
34 1.038339043928363
34 0.515793677219101
34 0.662187629303364
34 0.484612403998485
34 0.875785558957067
34 1.003727710331614
34 0.787828300442638
34 0.688766837200782
34 0.906308821327103
34 0.597407715085145
34 0.485728898232610
34 0.658774267444084
34 1.129823826220874
34 1.024048295367536
34 0.529813729901636
34 1.132729640712448
34 0.496263304949649
34 0.945545873605569
34 0.957878765870444
34 0.785708692304230
34 0.530513664719171
34 1.380362121152786
34 0.840784775796303
34 1.070782980538642
34 0.484351281839942
34 0.784902599556000
34 0.898074206923321
34 0.672855400954631
34 0.786844371023093
34 1.243067293651298
34 0.526960583264112
34 1.176592056398464
34 1.402622239375986
34 0.810689518749361
34 0.800442310786744
34 0.570301308219125
34 0.709128818502366
34 0.692909425525051
34 0.553104871082466
34 0.749847522956136
34 0.393743899436528
34 1.309280177189217
34 0.853103277399539
34 1.250002539621070
34 0.953921567190304
34 0.869624600183463
34 1.276125970438552
34 0.704583739247135
34 0.786274231549556
34 0.708379163565792
34 1.172989466712014
34 0.852252690088191
34 0.965966167681129
34 0.521365357096148
34 0.631303213548997
34 0.658678719568767
34 1.132236836612284
34 0.543046148413701
34 0.569139133417184
34 0.941777220201183
34 2.215166315385764
34 0.947396331411994
34 0.545298746526943
34 0.396026139894463
34 0.877634950356022
34 1.196262216744443
34 0.847068248122913
34 0.753225588915816
34 0.796989685213578
34 0.866885250091775
34 1.015821612253147
34 0.776673574053804
34 0.766506419747158
34 0.901856507530549
34 0.526172579746649
34 1.787264357303568
34 0.620220472674299
34 0.803063426537366
34 0.687070864893049
34 0.835089845559299
34 0.716815386699691
34 0.366326249985036
34 0.564775711331268
34 0.774775377228443
34 0.706551940469404
34 1.200376111470670
34 0.594610302122933
34 0.766471300797438
34 0.823356651520069
34 0.563547123141791
34 1.453101319250973
34 0.767066069097198
34 0.404221070563632
34 0.894051407299401
34 0.408749269435789
34 0.594203900985122
34 0.784150476755788
34 1.175004853635599
34 0.438486033613981
34 0.901635776881632
34 0.376914827089333
34 0.618849253281387
34 1.005864911386924
34 0.568010006633075
34 0.646192131368533
34 0.628427302177417
34 1.234436932678230
34 0.752065250557480
34 0.726144035019034
34 0.767916509981371
34 0.760641874007097
34 1.060269631874409
34 1.145803758290933
34 1.369248456973854
34 0.582858854441749
34 0.575357771668298
34 0.740616680024369
34 0.947721086953213
34 1.841951985678508
34 0.785669861253809
34 1.052026130771919
34 0.845363794336145
34 0.580824964737108
34 0.751667932235502
34 1.661270994227859
34 0.698818669593133
34 0.811587014791449
34 0.599067250795207
34 0.426357070874103
34 0.956987016619379
34 1.374499378246179
34 0.898700955824584
34 0.725601016827821
34 0.869151781674950
34 0.760780757901617
34 0.688706588102382
34 0.811943452584667
34 0.814619257490063
34 1.235203531641650
34 0.732969407560007
34 0.688324814419835
34 0.600198012282674
34 0.872271699332321
34 0.787498306318265
34 1.236840907224172
34 0.894280469573502
34 0.773624342928624
34 0.634800212437175
34 1.064656373735037
34 0.549624204916095
34 0.836205307498813
34 0.984196335744340
34 1.051003654373122
34 1.089107922441746
34 1.319969437728813
34 0.555722628610456
34 1.112643546398252
34 0.954426366024821
34 0.624896137327758
34 0.626744773604663
34 0.877804485557314
34 0.843632043896902
34 1.031135053887041
34 0.810294436986669
34 0.990437727765312
34 1.043699211091696
34 0.647043978158400
34 1.097115807331313
34 0.559665389191262
34 0.790149311334078
34 0.544375165818777
34 0.614814241165795
34 1.359805285698225
34 0.920033930444053
34 0.818197912941406
34 0.547505694105705
34 0.526530703931122
34 0.740098559236301
34 0.874638266950007
34 0.763129361238535
34 1.921554484169725
34 1.079374272912411
34 0.779201340536845
34 0.764356528794762
34 0.567604193272380
34 0.706828483619350
34 1.032110363175940
34 0.532407178518458
34 1.441897246468033
34 0.941622166105401
34 0.993479665284914
34 0.511677706470075
34 0.969225936090736
34 0.931449346302874
34 0.669070144677869
34 0.807624175359894
34 0.969898164542758
34 0.777279799389513
34 1.211827967145336
34 0.931267727418762
34 0.616018938936503
34 0.518335745324785
34 0.747772353954623
34 1.045412699573680
34 0.726842644985564
34 0.992259030544200
34 1.640231396792845
34 0.741511134591628
34 1.055138944912185
34 0.511662941228267
34 0.487305874280658
34 0.822691178723968
34 0.893639133712973
34 0.400474981457959
34 0.794882970393830
34 0.693309752156501
34 0.500435181901699
34 0.836051558466115
34 0.651905178976915
34 0.682240506392162
34 0.723888904449703
34 0.835271778411135
34 0.795988303052396
34 1.282435384296620
34 0.668724348198048
34 0.373104939790326
34 0.549550880898653
34 0.689199868497541
34 0.595491341081572
34 1.098161399019333
34 1.025798919448475
34 0.804688144968380
34 0.453295552579933
34 1.348739058903696
34 1.167460920781474
34 1.503355240002605
34 0.752456995902791
34 1.138487059421400
34 1.075971477477595
34 0.631709599686238
34 0.587359043162733
34 0.660743092917566
34 0.686851915762292
34 0.430159580638020
34 0.667777690857683
34 0.985699793908868
34 0.990991256080824
34 0.679483707198291
34 0.960468632606534
34 0.982033120515395
34 0.884753680102537
34 1.170805313644251
34 0.744382485782842
34 0.653417627951403
34 1.059228672734354
34 1.036009295539270
34 0.786162621170589
34 0.889235734412553
34 0.998256036083558
34 0.699110155045775
34 1.654059756048174
34 1.373472655165707
34 0.596064612417045
34 0.743361350363640
34 0.722146371948718
34 0.488891186528287
34 0.682540873338290
34 1.250616341765632
34 1.373363095571740
34 0.556972137920516
34 0.723250521177416
34 0.645571151900477
34 0.774768925253112
34 0.929435652582409
34 0.691211344262062
34 0.440745659339405
34 0.533671207824829
34 1.502473830683899
34 0.440758727187112
34 0.519477207466098
34 1.808604278148997
34 0.502623151554632
34 1.146099006541818
34 0.677157296397636
34 0.694664752274518
34 0.847639020856821
34 0.768973552448471
34 0.601550119107135
34 0.779679234638634
34 0.524736509577790
34 1.181017150429810
34 0.837904944530446
34 0.644856611321656
34 0.921330527106728
34 0.723594801655332
34 0.587955630079281
34 0.787442979983930
34 0.878773935528417
34 0.791610267762862
34 0.747375191825686
34 0.697585189826092
34 0.711214658338210
34 0.642702180333126
34 0.918376351983127
34 1.331804436833774
34 1.059148504304143
34 0.646949598272171
34 0.685274223553040
34 0.622905008330858
34 0.878981555148644
34 0.844698360486509
34 0.644420437504724
34 1.083751769307438
34 0.888187155140607
34 0.676643936737308
34 0.848170731190729
34 0.515869761459675
34 0.874920727938920
34 1.634331962226504
34 0.402635967114367
34 0.682318905532469
34 0.422729834759546
34 0.829176214915543
34 0.507155342844137
34 0.526874087139577
34 0.579135818393533
34 0.769420735778875
34 0.642864282587959
34 1.030676808375973
34 0.880847756822071
34 1.251816466075789
34 0.920479926748284
34 0.764018519785527
34 0.610363947926365
34 0.568124073748145
34 0.665066281629987
34 1.261152860309362
34 1.501925137612098
34 0.691762644469390
34 1.201731833118006
34 1.019253635762115
34 1.184886096886879
34 0.859008976729174
34 0.819578846338306
34 1.171515835607818
34 0.701568283385540
34 0.774053663737241
34 0.617955705063572
34 1.390271203770673
34 0.854951187805002
34 1.448651370904500
34 0.595166049311958
34 0.962635986951965
34 0.875497642211760
34 0.806896616805739
34 1.111052548183116
34 0.474509616152467
34 0.572193038106117
34 0.536826162539751
34 0.720226044902253
34 0.968992969276417
34 0.944089849951206
34 1.195664201164538
34 0.615580227483575
40 1.329233990320889
40 1.484187492367695
40 1.200166385566645
40 1.183362448247225
40 1.533633121175651
40 1.250797079660583
40 1.162495889529822
40 1.033008590011191
40 1.008125348017443
40 1.059751371853057
40 1.657884609924871
40 1.765946613748547
40 1.805464369859574
40 1.485874232677059
40 1.253450083976629
40 1.012467660271467
40 1.224497114801861
40 1.485672105420480
40 1.143990126799398
40 2.403976381907243
40 1.331435869987832
40 1.565076590745649
40 2.107168685458133
40 2.478625618055409
40 1.228172496745591
40 1.775106799068755
40 2.186332879636629
40 1.349665697901281
40 1.777961671571762
40 1.507933816121302
40 1.124784808202449
40 1.966638736404644
40 2.034398866155956
40 0.896091844232279
40 1.279369843675212
40 1.980248665700559
40 1.448256973447547
40 1.058972489033704
40 1.139496225591659
40 1.537519498519773
40 1.063316084827482
40 0.925358036844282
40 1.134219263815664
40 3.391778849486892
40 1.564960867151175
40 1.014669325175504
40 1.566926836148520
40 1.083795357368530
40 0.887981528685046
40 0.984749776584774
40 1.182093974221420
40 0.866384023705403
40 1.728562246265550
40 2.335687676238542
40 1.094515820894622
40 1.904757942724306
40 0.975181843207926
40 1.163429166569317
40 1.388031473766733
40 1.032506939954050
40 1.293910322620151
40 1.127080125432885
40 1.674095759826455
40 0.968530232547398
40 1.718356460324456
40 1.308649754154411
40 1.436175077670507
40 0.860247916484038
40 2.665113847351785
40 1.583885080192220
40 1.042564068622021
40 1.129254293569456
40 1.741905939378852
40 0.810853874477283
40 1.192044133050253
40 1.250637388336811
40 1.040664924273537
40 2.224622939171985
40 1.662617664248756
40 1.205805151939675
40 0.992108095035146
40 1.495113540939218
40 1.438120764602898
40 2.773076428868325
40 1.640656187913203
40 1.200198268128448
40 1.337362239621616
40 1.022450353651103
40 1.381854976134955
40 1.951930211160899
40 1.047298167593635
40 1.987604891422466
40 2.368343755586375
40 0.782196821886030
40 1.595134858817921
40 0.748105720744164
40 1.821949484422694
40 1.733538581712704
40 2.986886197118272
40 1.390496479196553
40 1.207290214345560
40 1.911404813956014
40 1.015418250614175
40 2.211056356092211
40 1.342336501749420
40 1.154751595493717
40 1.460016133043057
40 1.426798139390870
40 1.150798303534467
40 1.289321713107791
40 1.540912265660412
40 1.640267136096914
40 1.458308820916903
40 1.610795902069457
40 1.103798766192844
40 1.080171529024872
40 1.466653495981360
40 1.186911022823262
40 1.178524406270981
40 1.040144286882706
40 1.907126757455429
40 1.539083872210146
40 1.967360279512077
40 1.503742303399436
40 1.202761004637249
40 1.023334971766515
40 2.144723309768045
40 1.444678913479937
40 1.560490916621132
40 1.066025113216609
40 1.492527356173863
40 1.935028524905619
40 1.236291853177805
40 0.820310176043240
40 1.878552823472226
40 1.422204166758547
40 2.142821984199303
40 1.292237129659824
40 1.675352852816877
40 1.134933903059485
40 1.151671152590108
40 1.310878146218874
40 1.056366840481409
40 1.852060488019962
40 1.085817892810057
40 1.549828567683099
40 2.553875369120371
40 1.233024633211854
40 2.490999133487197
40 0.639587253909139
40 1.911634747042418
40 1.341894735314931
40 2.046871709520834
40 2.035405013659744
40 1.318793336486454
40 2.153577456867414
40 1.219168096819862
40 1.539218110650085
40 2.085473540545431
40 1.097370201497717
40 1.977977121726632
40 0.781342586456470
40 1.328320980843987
40 1.350350313685190
40 1.676846914900512
40 2.041268812833685
40 2.535405046434240
40 1.203566417136800
40 1.770281724645050
40 1.581498252123464
40 1.975160360119345
40 0.827223934650361
40 2.693027246641650
40 1.021507327745802
40 1.040683192388503
40 1.825850381645446
40 1.396438329900244
40 1.897177309977714
40 1.462346667451431
40 0.799143443592879
40 0.849721789291602
40 1.353471554053991
40 1.177077044996818
40 1.001537207716339
40 0.976534140029027
40 1.474603166320763
40 0.995766785121244
40 0.590542509503630
40 0.810410008101181
40 2.105020070569042
40 1.753284755365472
40 2.334203635161522
40 1.280505166167653
40 1.509409522181381
40 2.036972492877432
40 1.171443932609707
40 1.287874461777294
40 1.013286637660318
40 0.849966727250298
40 1.092386607506869
40 0.810941382935704
40 1.164078267327564
40 2.018916178021623
40 0.906710456816194
40 1.134872427955180
40 1.229098331639525
40 1.542751595116876
40 1.331320715896677
40 1.521920647833262
40 1.231998499245210
40 1.800701433294591
40 2.368410046409865
40 1.242974692822877
40 1.986291745616651
40 0.826176722944474
40 2.501055069940479
40 1.071205317378912
40 1.449775290317779
40 2.120613556620247
40 1.893215181329651
40 2.251243714205200
40 1.231106674867079
40 1.223699441332039
40 1.838982385717497
40 1.022926285481319
40 1.661605621510173
40 1.868083910313028
40 1.273285825435163
40 1.770343011690915
40 1.725947678217180
40 1.201673864615760
40 2.422173681806215
40 0.995554027260868
40 1.367819375198181
40 1.695570441084175
40 1.267321227656343
40 1.416658518141450
40 1.227263692927322
40 1.097485717060300
40 0.834227667979469
40 1.109156607351190
40 1.176872299842339
40 0.744434680924263
40 2.321173717304588
40 1.259911062804178
40 1.337777548901901
40 1.031623199451984
40 1.004629773992862
40 1.698280555681984
40 1.341659355308389
40 0.933661553953366
40 2.944342738128778
40 1.959007485409249
40 1.139003194377952
40 0.820802760885746
40 1.482759783798901
40 1.190845251738984
40 1.427968462954957
40 1.257259310004669
40 1.493108636879821
40 2.297030104577065
40 1.078427916160589
40 3.308338766751977
40 0.997544134716631
40 1.348278608324510
40 1.093368524226390
40 2.475139364883110
40 1.747788189902320
40 1.528176397929935
40 1.684981708766820
40 0.982207990826113
40 0.995795868606280
40 2.140412040351665
40 2.991878562265034
40 1.745000892146958
40 1.927426600846399
40 1.388737540975823
40 2.748499918704491
40 0.545667202426245
40 2.535751146481193
40 1.779446098513279
40 1.823926191904687
40 1.578943449331306
40 1.349964639897289
40 1.352491114945531
40 2.132103388310716
40 1.795531391475807
40 2.273699823513780
40 2.273127954988510
40 1.399596765846193
40 0.920307380312873
40 3.422880235212766
40 0.801956907877052
40 1.440269917730804
40 1.099033569854457
40 1.079080621507646
40 1.370959503665835
40 0.950908157039875
40 1.080888232717060
40 1.034601236526894
40 1.144066764377298
40 1.352659263363501
40 1.867170480581398
40 1.114560600353832
40 1.068357037589621
40 0.939263638382389
40 1.784009116005004
40 1.100372502587518
40 1.187896687118331
40 1.336583097668100
40 1.681921614486491
40 0.993971873720385
40 0.986337544265977
40 1.656840722530335
40 0.923427192554048
40 1.328806340591095
40 1.360091349702067
40 1.201203910614021
40 1.588172130760845
40 1.522626350476104
40 1.475010177732239
40 1.126072501402987
40 1.018173038530922
40 0.992097118437119
40 1.640745244886418
40 2.367744047986072
40 1.247624196565143
40 2.288609848008221
40 2.398213054770448
40 1.390897827487143
40 1.976832226496374
40 1.375691764413528
40 1.811849032582398
40 1.088446002970082
40 1.707367071986698
40 1.555561707480479
40 3.100375513057831
40 2.820716840663743
40 0.736581377244274
40 1.282727173877277
40 1.554410341937557
40 1.160643821754222
40 1.659878935302108
40 1.168168485402370
40 0.940052204964129
40 0.929911642775320
40 2.021732950058254
40 1.155110152811302
40 1.353017399326816
40 1.739785133981789
40 1.530794857592715
40 0.953038009879744
40 1.101307194502452
40 1.046931192504138
40 1.337980151355046
40 1.373048449007643
40 0.498826939673959
40 2.041553613719291
40 1.180699697389655
40 1.595983867957063
40 1.126518656908939
40 0.903643421608848
40 2.318557195858073
40 2.126171188845332
40 0.930850302104320
40 1.723414188851939
40 1.778181143503758
40 1.714020834858983
40 0.910884768683886
40 1.311811641693270
40 1.621099190139219
40 2.386671389165419
40 1.441707619925106
40 1.184585273511765
40 1.342357046663935
40 1.483368512900428
40 1.649216714436937
40 1.415523337949276
40 1.592164170114887
40 1.562807581468478
40 1.391840364848847
40 1.785244960608072
40 0.926827190685131
40 0.945498281175960
40 1.169070582629353
40 1.001184148432102
40 0.894681466576744
40 1.464327871871667
40 1.500356987363281
40 2.104007406125724
40 1.513112804658937
40 1.522435049007779
40 1.538803370747275
40 2.060641550232544
40 1.575231037915802
40 1.068183799577208
40 0.933151685663077
40 0.804368873519479
40 0.970270196452441
40 2.275534476080596
40 2.160979562785465
40 2.143453296666896
40 1.912250898294100
40 1.866088088428640
40 1.059732575118367
40 0.838129831576316
40 0.884891303062112
40 1.929880609329929
40 1.800988243768461
40 1.570593208237093
40 2.071251765855900
40 2.009165067457179
40 1.090958735553793
40 1.222614001003194
40 1.530066063151509
40 1.664509581420303
40 0.784975363641072
40 1.269556954226797
40 0.986552133434191
40 1.531413660882155
40 2.125252239504622
40 1.474684710144318
40 0.914628472607868
40 2.163850448158364
40 1.823576368683353
40 1.125537695399204
40 0.925139995074156
40 1.919900948283582
40 1.224458948147658
40 1.317992752382647
40 1.243258117026627
40 1.126468302046797
40 2.568928690991214
40 0.832272233532869
40 1.920307925136457
40 1.542874030274081
40 1.653536614926630
40 1.348670549560579
40 1.463770351659685
40 1.260491641094228
40 1.283400927278292
40 1.499837831815492
40 1.125611051484053
40 1.017403406125364
40 1.601949320857997
40 1.783300725277369
40 1.763785427335222
40 2.282066236107290
40 1.571744613070431
40 1.346291635345533
40 0.992982138879356
40 0.860970848347675
40 0.681211063965518
40 1.416849696836836
40 0.858721989658964
40 1.471998179945437
40 1.079452398754672
40 2.343968634556038
40 1.918263773333534
40 1.166836572456894
40 1.432367750708892
40 1.749524162973215
40 1.005007893922990
40 1.703467098778900
40 1.706176265786921
40 1.165488843157400
40 1.590722994162590
40 1.180059312740676
40 1.242997107254270
40 1.112749920295311
40 0.948370994624778
40 1.520944297152246
40 2.091003804603588
40 1.431642789426965
40 0.841010833488477
40 1.518027751780953
40 2.160372704435287
40 0.865735890111865
40 2.502095485790116
40 1.300653150785887
40 1.583820807022413
40 1.060621239328237
40 1.550378185782964
40 1.493426791660896
40 1.430683432961677
40 2.199339134150994
40 1.312359658038019
40 0.996213192185426
40 3.386528136951627
40 1.929349990546577
40 1.078871720762286
40 0.729526362701201
40 0.963405875511752
40 1.495587768748821
40 1.440410249675041
40 1.491481085660961
40 1.049369552062079
40 1.713291540266525
40 1.165144867301745
40 1.867225667626375
46 3.624395783291801
46 1.429910821903856
46 1.469128983036655
46 1.299901152415408
46 1.121457416287273
46 2.884595553094108
46 2.415404925540010
46 1.771260874767822
46 1.493896098863918
46 2.408455894967540
46 1.554979680066996
46 1.808900300198957
46 1.347642362536812
46 2.319666111129490
46 1.601407092578254
46 2.617555052464391
46 1.356976421267609
46 1.949745074610477
46 1.892832465751034
46 2.402328039023950
46 1.452789631267514
46 1.880149671127940
46 3.624714791439822
46 2.897641120244018
46 2.356242724549436
46 2.379808171399583
46 2.325578592847919
46 2.630694209940849
46 1.395372009403616
46 2.677315829866119
46 1.465057361510314
46 1.578269192270418
46 1.541824220787660
46 2.845767831469476
46 2.358790781768945
46 2.584561404967210
46 3.462061480824181
46 1.506544508885071
46 1.932485051202123
46 2.570126661764143
46 2.325963934796346
46 1.747304380467510
46 1.475764550820001
46 2.032492169505687
46 1.315480178707602
46 2.610167310658811
46 4.034684140666654
46 1.509806886449281
46 3.022715000427876
46 2.023015711999382
46 2.549509078745023
46 1.146087968090745
46 3.145799176383696
46 2.197394726217966
46 1.510798357752225
46 2.096053480942501
46 1.744589004221520
46 2.467839259995920
46 1.594703235639803
46 2.871511501212709
46 1.972059649977719
46 0.963540561101581
46 1.396382875883793
46 1.865952182119204
46 1.390588389034718
46 1.381192609586825
46 1.762182015001434
46 1.793085979460118
46 2.628435066855661
46 2.126700132726476
46 3.304131186488573
46 3.293870498434557
46 2.781266087999939
46 1.888240196287871
46 3.617315717123851
46 2.808895438426012
46 1.946873577037982
46 1.353760853482145
46 2.169515417913582
46 2.364933280291068
46 2.116647750124852
46 1.421060355702796
46 1.545829746929877
46 2.167377206615832
46 1.962971051569776
46 3.526549920417795
46 1.386805076616259
46 2.765457732846335
46 1.838742078718194
46 3.388998746152799
46 1.308163421379393
46 1.548078761861650
46 3.170991528851654
46 2.450276824725082
46 1.640233436571107
46 2.303393116371360
46 3.644515854223780
46 1.952614064957391
46 3.999698942030777
46 3.575560489445133
46 1.865534516680778
46 2.383974069953125
46 2.021705955009433
46 1.586670803318343
46 1.504078254526248
46 1.950305833193566
46 1.965968151051807
46 2.832026991528892
46 1.607769854745984
46 4.075289165588401
46 2.030062317895741
46 1.340668804966612
46 2.989667014129215
46 2.491013563133290
46 1.990715653955826
46 1.808989268536959
46 1.530581487903978
46 3.138478039923951
46 1.672723833380732
46 1.336305971446546
46 1.319994089560126
46 1.735485873403194
46 1.994696023366862
46 2.310364615608056
46 1.614199130978780
46 2.525078245792920
46 2.173946081464280
46 1.572454969108385
46 1.079964051198643
46 2.547583114469166
46 2.311695760558286
46 4.089352563782556
46 3.036074888063551
46 1.935551225028362
46 1.470766862971240
46 1.494216396942191
46 2.656709930581040
46 3.366877188012580
46 2.092298140281739
46 2.285497838788729
46 1.306281512828638
46 3.424732409664301
46 2.480019369102840
46 2.174146692788709
46 2.125497841689973
46 1.669544967675547
46 1.624311659706423
46 2.085342877617379
46 2.030004110685311
46 1.964840864308409
46 1.578153553626101
46 2.594766441445135
46 2.121580276620758
46 1.659804810289078
46 2.890889571154767
46 3.197127168058689
46 2.776166775680883
46 1.890758361146799
46 2.721142573402700
46 1.108206991048965
46 1.570023559752801
46 3.905860011919220
46 1.214070645522600
46 2.597594886974345
46 1.297559845660376
46 3.211665921136547
46 2.346821539443777
46 3.211597953869606
46 3.283625315509236
46 2.193122615053529
46 2.222477696879000
46 1.231830720743918
46 2.085260533386113
46 1.610938330002395
46 1.578713857379675
46 2.290005867366411
46 2.076111136513167
46 1.368596370601386
46 2.200072051437868
46 1.173254560720983
46 3.916803923585163
46 1.859364348476523
46 1.615615858757396
46 2.371213211808442
46 1.593819481503840
46 1.456305394406797
46 2.840389491013691
46 3.636648983378957
46 3.390790462078449
46 3.563158938015199
46 1.667770300626010
46 2.751501697621690
46 3.040964850603124
46 1.431978511187146
46 1.343531332821358
46 3.891596189771797
46 2.811133507232315
46 4.121203215904777
46 1.857386242900250
46 2.056579997549456
46 1.832244248506931
46 1.628515732549279
46 1.099233521597238
46 2.431574099069709
46 1.662575205940864
46 3.279317884956406
46 2.335672504207925
46 3.695495498955719
46 4.129463282447716
46 2.298731419058977
46 2.289700177532176
46 1.157114924220758
46 3.078828263466974
46 1.353606989966202
46 3.310874324178831
46 0.873726772986229
46 1.575811065433098
46 2.441463732913467
46 2.382668428534065
46 1.617770958123537
46 2.381903970589717
46 1.910167182707703
46 2.566406949366298
46 2.462687122483772
46 4.115527112685554
46 2.837099612783437
46 1.824204104589547
46 1.898500510512037
46 2.482194143880936
46 1.617327109718901
46 1.123799860934503
46 1.140999937658552
46 2.059182114461198
46 2.111972427661148
46 1.981124233436435
46 1.555683127223200
46 0.905781051717183
46 1.816783691009529
46 1.805199373547119
46 2.620018804091422
46 4.041958706327920
46 2.027562343128660
46 1.619277222080205
46 2.500734967791999
46 2.478802401653295
46 2.580941709219332
46 2.256704419569418
46 3.234448959346242
46 3.625851685409497
46 2.420571977592167
46 2.711707346565757
46 1.554473009528803
46 1.663200698089250
46 2.048879814229474
46 2.555298086456901
46 1.487952291862155
46 2.627455437384039
46 1.933829642428728
46 2.138131037333936
46 1.723958368017803
46 2.134218734561240
46 4.217400828333259
46 1.847796708098756
46 2.929678066437265
46 3.392057738857098
46 2.412878574370770
46 2.435128005852787
46 3.677064410878863
46 3.351484505236038
46 1.574727275795704
46 3.161780944003175
46 2.755826556111718
46 2.034116944776694
46 1.166379350603658
46 1.737579784159165
46 3.541405685051361
46 2.334583367602948
46 3.464940277634370
46 2.976713922049861
46 1.925084089234591
46 1.942447397419190
46 1.517790447380066
46 2.153717335848969
46 1.648190851875199
46 2.418223548584126
46 1.884829283014755
46 1.920382107442824
46 1.194986730727954
46 1.773554670497541
46 1.867416392109932
46 2.549033786884737
46 3.108086200854677
46 2.968359875731101
46 2.266476504735667
46 2.177433074172705
46 2.844389983220743
46 3.795201793811132
46 2.240274794180066
46 1.173263226881852
46 1.197290817339349
46 1.620554739415551
46 2.673443929276886
46 2.791798437675900
46 1.942596842822920
46 1.635653397848555
46 2.994345692633898
46 2.357430768733803
46 2.818304367741872
46 2.892261875071499
46 1.261202511979486
46 2.250761490058905
46 4.205663644628122
46 2.161069872375678
46 2.426265352086875
46 1.784310829957444
46 3.051701921141341
46 1.298492783651001
46 4.191587491345259
46 2.204857360377326
46 2.355432999304153
46 2.029998547783759
46 1.982161899217557
46 1.893628412765285
46 1.433611206087689
46 1.394168479418711
46 1.266085276984450
46 1.777864283882464
46 1.547770662873616
46 2.068011087069991
46 1.909312015686117
46 2.392731872178398
46 1.733448478217754
46 2.063073727636711
46 4.037804746079384
46 2.990101186255347
46 1.708888069580632
46 3.911897045427972
46 1.846629470547098
46 1.577747968767658
46 1.840800002164191
46 1.720153111559168
46 1.066033174300083
46 3.058043008622865
46 2.182729386043486
46 2.086067588467682
46 2.597511783256135
46 1.647185312703802
46 1.346218668290081
46 3.752743781510413
46 2.881969989178074
46 1.145194573203113
46 3.570250785136376
46 1.842178028967326
46 1.879685321928728
46 1.802316296613285
46 1.862220605206106
46 1.784675452770869
46 2.642037597655183
46 1.769974672967344
46 2.210210439349272
46 1.363746565694222
46 4.184864106543344
46 2.284996918525704
46 1.832946823353302
46 1.796344524103612
46 3.217218357037491
46 2.336285236730776
46 2.022971910555439
46 3.008900942078970
46 2.760218920696400
46 2.636010459906336
46 2.076579744922174
46 1.692803115731561
46 1.453369595144617
46 1.077206343375948
46 3.123114855310115
46 1.374131471792634
46 1.911777195181215
46 2.504844561679701
46 1.725715604823673
46 2.162409460855028
46 2.841311664388124
46 1.977092451909660
46 1.276211623740510
46 1.400466308868628
46 1.877601480514240
46 1.563452510546370
46 1.551458420834133
46 2.200345024530205
46 2.230418446479977
46 1.538262827141801
46 2.224818055607533
46 2.388173165733878
46 1.931916720849971
46 2.879357249109147
46 1.834727617703312
46 1.910429524074914
46 2.901070076595611
46 2.720315072365056
46 3.199357551414719
46 2.589707605996340
46 2.877066503048353
46 2.145629664886346
46 2.615394814432625
46 1.526462646334703
46 3.766511960939377
46 1.597297667481442
46 1.593931299605975
46 3.298946790016178
46 1.900198399739783
46 2.765154053542459
46 2.304700627330552
46 2.077457545217110
46 1.907226877386379
46 2.672086617667914
46 1.366463485428474
46 2.175027343202659
46 1.359719298179787
46 3.291436761112106
46 1.415504113152712
46 2.202414699117074
46 1.562766433408925
46 2.544604212515362
46 2.475705920183175
46 1.784860795844676
46 1.726863902692809
46 2.780858099975653
46 3.765858342531316
46 2.298528702478150
46 1.574602012979181
46 2.330064376388566
46 1.988190436736816
46 2.601069853691430
46 5.145368966807563
46 1.434317219242682
46 2.146037850264729
46 2.296756892467109
46 1.171891514714297
46 2.122208172615076
46 1.161891968620804
46 2.195872127900627
46 1.158627019426798
46 2.365694856364203
46 2.253250036861201
46 3.080427529294089
46 3.107832966742125
46 2.086530366468620
46 2.747743993230338
46 1.666315467157285
46 1.740960447089269
46 1.635695602973371
46 1.888891254111221
46 2.023738191944507
46 1.789229583441227
46 3.005277052594635
46 2.079026333795587
46 2.870466051546840
46 1.858869822608708
46 1.482903328379466
46 1.121864994444792
46 1.540532619486557
46 2.537676706803728
46 2.233665691897224
46 2.909555915532128
46 1.845059265052967
46 2.768641977906111
46 2.113521914464101
46 1.442817480470183
46 1.685430255963408
46 2.471433409658669
46 1.397982963471847
46 1.285897904693290
46 2.403686339652277
46 4.368290894876437
46 3.199993540927432
46 2.770623374675639
46 3.037433674844266
46 1.474816925213474
46 1.772364975923981
46 2.338489078399615
46 1.752581779862896
46 2.414047409584954
46 1.677414336049382
46 1.412412533221703
46 1.748531599223865
46 1.432821729845877
46 1.557288842568846
46 2.928230127755092
46 1.520721267046352
46 2.748815717304161
46 2.364079228810226
46 2.196198502686659
46 3.196699998623021
46 2.654274183271766
46 1.497099248507466
46 1.148992054433523
46 3.337242000873872
46 0.994107037312541
46 4.503532169450389
46 2.167308486018081
