10 0.039189995759135
10 0.026432410994392
10 0.043720634696699
10 0.046630179707980
10 0.021472332153677
10 0.042421157112016
10 0.040552234669501
10 0.024280544051110
10 0.013823864089327
10 0.033234262574376
10 0.023492406318469
10 0.025217272461135
10 0.021120169398578
10 0.028140625613927
10 0.017234008573503
10 0.031827220129951
10 0.030311569134622
10 0.019941544141244
10 0.020578882285699
10 0.054677363027306
10 0.043157144997488
10 0.017670921893236
10 0.018369420783740
10 0.019565852392501
10 0.048372790312095
10 0.014341264337714
10 0.021036705031561
10 0.022196296049455
10 0.026279481513990
10 0.024598928022295
10 0.019478377070180
10 0.027306031482547
10 0.027343648526560
10 0.022030047056341
10 0.041573010182110
10 0.027768700039965
10 0.029486713548623
10 0.032762037409719
10 0.026958438544298
10 0.024164906637636
10 0.025838521652597
10 0.033839925200800
10 0.020372322862609
10 0.036434329427140
10 0.020048027653439
10 0.016831238759641
10 0.027198920734293
10 0.030703778848362
10 0.022890524639546
10 0.036287601594881
10 0.020036927257850
10 0.018791843518814
10 0.035955835389685
10 0.017590954795690
10 0.036371175656932
10 0.044730613708410
10 0.016421672280782
10 0.018506534955567
10 0.032721046217555
10 0.019769762522965
10 0.024767486460592
10 0.013880890782464
10 0.016088819908341
10 0.036834293084631
10 0.020549864199458
10 0.020415358893514
10 0.023154312873378
10 0.025347260449575
10 0.022585291677799
10 0.021138465874054
10 0.019823795423685
10 0.027285181725203
10 0.023470821751035
10 0.032420730207864
10 0.054872442862137
10 0.032663778348715
10 0.032042677913517
10 0.014271699225624
10 0.041115578852247
10 0.028756785561723
10 0.019269656441611
10 0.028413730736591
10 0.035684329111689
10 0.013640260272876
10 0.055603191902394
10 0.046744076919438
10 0.024852986784522
10 0.011850604054392
10 0.025592299285863
10 0.029117778640453
10 0.024731600813848
10 0.033891642732915
10 0.041491711275416
10 0.030225793857071
10 0.015796284818412
10 0.024932805169871
10 0.021644086823382
10 0.030356731479080
10 0.029432590086444
10 0.017121924880043
10 0.023897670532177
10 0.035896568377750
10 0.025319204469959
10 0.033076465551788
10 0.021162052562045
10 0.027120763130125
10 0.043757835102176
10 0.024810362232255
10 0.059988394038996
10 0.011699132754361
10 0.015734064638950
10 0.035044844455102
10 0.041623900432389
10 0.021931028727787
10 0.028549865685432
10 0.026069259060904
10 0.028797662528975
10 0.019208212166044
10 0.020631492218285
10 0.026441816470846
10 0.023105088957823
10 0.018984887729454
10 0.019679477155542
10 0.018901702860324
10 0.028373030502093
10 0.037926963046157
10 0.015480000837246
10 0.018652137789055
10 0.014951073097050
10 0.020915129423126
10 0.021968932824823
10 0.047047828196735
10 0.017476689588388
10 0.037563600925688
10 0.025282008227716
10 0.020436547669778
10 0.021173704855161
10 0.065305550949601
10 0.019293770357491
10 0.028318697907232
10 0.027582482498196
10 0.015321012034613
10 0.018802015299874
10 0.029814982561148
10 0.034754625222062
10 0.027687204035637
10 0.040377173927862
10 0.013657046664153
10 0.043290817356967
10 0.018562512506970
10 0.027824862289812
10 0.011686710399131
10 0.024175505789904
10 0.025578051202047
10 0.022095191993603
10 0.026773232810035
10 0.050366459240364
10 0.030317723436288
10 0.021946355715727
10 0.031892650341028
10 0.043031446819925
10 0.044965797804342
10 0.024764712447315
10 0.023774289426858
10 0.020072128464641
10 0.027883332772713
10 0.022890478604761
10 0.033645818979067
10 0.019354652335499
10 0.025907217761349
10 0.036000837891953
10 0.025476500336361
10 0.017184362472501
10 0.031452777754388
10 0.014999864216107
10 0.017708185119450
10 0.020583757124126
10 0.016919878572991
10 0.022509367952849
10 0.057094136721379
10 0.018598307863989
10 0.030332452542236
10 0.027326553559324
10 0.027438552692552
10 0.024638863089739
10 0.044188509842141
10 0.017825090822779
10 0.016444999485430
10 0.026795330499375
10 0.020875486831606
10 0.013962303762010
10 0.022090668367639
10 0.027006113567240
10 0.033403462346291
10 0.020603764612996
10 0.021580398088937
10 0.016179666841535
10 0.029322379547291
10 0.025622029298088
10 0.033399300214987
10 0.024044626387753
10 0.027524451327393
10 0.051557508415595
10 0.025185103264738
10 0.051914942653779
10 0.032639009112067
10 0.026039358134918
10 0.023003014132163
10 0.027144854112601
10 0.012382721426747
10 0.016210387463894
10 0.028793119016462
10 0.022508005398198
10 0.026627318274670
10 0.044694764022051
10 0.030540033132302
10 0.034151991268697
10 0.023842362704997
10 0.035159776612802
10 0.019445692800128
10 0.020420886318222
10 0.029449516537077
10 0.018635454865565
10 0.016243756063984
10 0.034683789367539
10 0.034719768270447
10 0.020870755215227
10 0.047863718837151
10 0.029253287564326
10 0.026761414783747
10 0.026549934895305
10 0.026290732183368
10 0.030926946187747
10 0.018142581589804
10 0.025089792998700
10 0.015249357476298
10 0.037963518202013
10 0.028965273553515
10 0.017764715598353
10 0.033896229934633
10 0.032267721260259
10 0.044603370611709
10 0.014313536482784
10 0.026002092267101
10 0.034754629783489
10 0.033416734950765
10 0.038988495844597
10 0.024408415051841
10 0.022290505622996
10 0.019879517000109
10 0.036674532841746
10 0.023881395581881
10 0.022933000230878
10 0.020765387045023
10 0.028331925243192
10 0.028119090510550
10 0.032056920212188
10 0.016986177591878
10 0.033500434068578
10 0.043179867850830
10 0.021663815630571
10 0.017288046878256
10 0.032789488358202
10 0.035556097074848
10 0.013581982706760
10 0.029010901682308
10 0.037316487465750
10 0.036958257653161
10 0.037176056790991
10 0.028846258438086
10 0.039827010443305
10 0.020677883923653
10 0.049989320671465
10 0.044331470030571
10 0.022005064936041
10 0.018640734061424
10 0.023004531227639
10 0.040240517250560
10 0.020739302344097
10 0.031286392624601
10 0.020511561491983
10 0.022059823753360
10 0.043664461114994
10 0.032194265370376
10 0.020417065272284
10 0.017125358536861
10 0.027739918396796
10 0.040459621196123
10 0.014076854369719
10 0.021473347280338
10 0.036146937926323
10 0.045851627451935
10 0.050805013531819
10 0.027878125143562
10 0.033219995022492
10 0.023280600783845
10 0.026982767121522
10 0.026420948908579
10 0.036937503850342
10 0.015273336634905
10 0.036191124198840
10 0.024392583594382
10 0.026747003020088
10 0.032293197166772
10 0.024182489225798
10 0.030862394025582
10 0.027456730472147
10 0.021322931056299
10 0.026365571222517
10 0.037475906233229
10 0.028703552503673
10 0.016540286013772
10 0.021920311492854
10 0.023414166770964
10 0.017947224431079
10 0.026260275217023
10 0.025123934030191
10 0.020066927959635
10 0.046163888838940
10 0.022044777431899
10 0.016578285837288
10 0.021251494095418
10 0.016639115289481
10 0.026531503635686
10 0.018189022739192
10 0.026383514185332
10 0.038988642579373
10 0.030920982383611
10 0.030710942141735
10 0.023022383364641
10 0.026577504158495
10 0.015873649022889
10 0.031043781475144
10 0.023015834523412
10 0.031654198818668
10 0.041641146795942
10 0.027200658244216
10 0.030046330063017
10 0.026181617064549
10 0.025446122727896
10 0.039659422736334
10 0.026168887995880
10 0.020968929666806
10 0.020490545639362
10 0.013827885629694
10 0.030207833308596
10 0.053572140362097
10 0.034464089504041
10 0.021157258380621
10 0.033098971141558
10 0.035947054062924
10 0.025060819648405
10 0.031623285266730
10 0.016436502214317
10 0.013278023133987
10 0.030532075041509
10 0.034578661376568
10 0.022757809092598
10 0.037833465469499
10 0.019969227291780
10 0.025021695978179
10 0.027348092099234
10 0.033998086864950
10 0.022282633573820
10 0.027016196249311
10 0.026354075767826
10 0.020036565495073
10 0.051151178655001
10 0.016023010483486
10 0.019907320080698
10 0.025632256522792
10 0.015464338882018
10 0.027414845914877
10 0.027765661424358
10 0.058156338207541
10 0.028108596504949
10 0.047709295680283
10 0.022346568504020
10 0.044455607250939
10 0.022711433593781
10 0.019026158306177
10 0.016943847767906
10 0.034016972109580
10 0.022169859840246
10 0.031215631207519
10 0.038514330252692
10 0.038938328189816
10 0.028107657588354
10 0.025832749195850
10 0.029998367301122
10 0.065372641632903
10 0.023789537476376
10 0.037043301537357
10 0.019038608192890
10 0.019068551022326
10 0.029059757732932
10 0.038325497591100
10 0.044989613777997
10 0.028262811430331
10 0.036085837753438
10 0.035452181109111
10 0.023352474244606
10 0.021296232631244
10 0.021128262019134
10 0.030634113161344
10 0.021389840490636
10 0.032506537372534
10 0.033149934546215
10 0.048223355835469
10 0.032821621008998
10 0.016399485130243
10 0.016106649845763
10 0.021518325384208
10 0.029249908651562
10 0.015867888481669
10 0.024721172520884
10 0.015986167987633
10 0.024003525502797
10 0.029718085780046
10 0.028030178267349
10 0.019413815977349
10 0.025650176753573
10 0.021063084147846
10 0.024728578953495
10 0.018512685562320
10 0.034186019903663
10 0.024527340861681
10 0.026706651507160
10 0.035231770615886
10 0.021595717240243
10 0.020609634978540
10 0.016286356777371
10 0.027918856643999
10 0.028844828970273
10 0.033763692509364
10 0.022673444270247
10 0.019210177006968
10 0.025185017529220
10 0.032801314010676
10 0.038334299112050
10 0.020579992007996
10 0.022332453259495
10 0.018546535015202
10 0.032591140361499
10 0.034757277502527
10 0.022979508504924
10 0.037480460428113
10 0.018675536367498
10 0.019541247839185
10 0.027451688144938
10 0.036283384316463
10 0.042027436945871
10 0.044813164333058
10 0.028211891820735
10 0.021228396787867
10 0.038024558920146
10 0.022357804694066
10 0.015605751074562
10 0.011788783752305
10 0.014890951629730
10 0.023609144451881
10 0.021351562903448
10 0.043916957343726
10 0.035916591137611
10 0.023967400723069
10 0.018696850751167
10 0.040871203124907
10 0.016559231057355
10 0.021901819187163
10 0.022896542029938
10 0.016122258057833
10 0.037874490758108
10 0.017844567379576
10 0.024905853732632
10 0.038963538460806
10 0.021247457509704
10 0.023117057871854
10 0.030270204065708
10 0.024926844715280
10 0.033091277854789
10 0.021593660224291
10 0.033944574730680
10 0.021741645424956
10 0.019504289159060
10 0.018009468011977
10 0.023699368318007
10 0.030758854747329
10 0.020626534707395
10 0.024752774611183
10 0.029670038727278
10 0.025277335018597
10 0.029834090503232
10 0.021407045955098
10 0.022688703915488
10 0.014425445846406
10 0.031323244249558
10 0.019741388353440
10 0.033112778262914
10 0.043372989683251
10 0.016775107479657
16 0.151738502982026
16 0.252687482161449
16 0.167678136030885
16 0.328145813565125
16 0.222285577848843
16 0.133787652636469
16 0.280066812327671
16 0.234102702886052
16 0.109104466954187
16 0.249233837585390
16 0.285611576758182
16 0.150505519685082
16 0.115323765554254
16 0.104953255548900
16 0.231869930839443
16 0.106946197952167
16 0.172031016012102
16 0.238737005160898
16 0.128759889403307
16 0.151479755116751
16 0.081658752182686
16 0.126558100882761
16 0.138786539847508
16 0.257574482730477
16 0.262776676432142
16 0.109777805439705
16 0.148878405911699
16 0.149945739921211
16 0.207761941060680
16 0.194641370611489
16 0.181371183971407
16 0.125193723178594
16 0.124088765312489
16 0.205730190148358
16 0.104459436142390
16 0.196384345134271
16 0.257025196925713
16 0.111883272928325
16 0.169289307859422
16 0.336459084972326
16 0.151130988880811
16 0.110305119743921
16 0.197913500148819
16 0.145965039865918
16 0.134383645688779
16 0.160874562071039
16 0.185913546874738
16 0.255111370121738
16 0.296743127434060
16 0.201708757254935
16 0.124552603823482
16 0.146941987341174
16 0.229880201425890
16 0.153801830467793
16 0.162970745169418
16 0.127890846809394
16 0.112855579770665
16 0.220436860971109
16 0.122176856182346
16 0.119808184194386
16 0.184950257398129
16 0.122102216222908
16 0.208449219695373
16 0.095740284442937
16 0.320985033884208
16 0.199292079493237
16 0.395255867900950
16 0.176089370664208
16 0.125210159278953
16 0.189410900177836
16 0.155379944034017
16 0.249092664385368
16 0.201264537530723
16 0.120274673899891
16 0.239198611035390
16 0.206430670490679
16 0.137397549254098
16 0.170369766827288
16 0.188944002488235
16 0.109218169458446
16 0.171828968619068
16 0.152511140218478
16 0.128991882425056
16 0.086296068216469
16 0.120378200708204
16 0.145579624612169
16 0.127872935739559
16 0.147551675414485
16 0.207152779647744
16 0.085847796588180
16 0.093418266616307
16 0.191822324113322
16 0.176024081874993
16 0.159558352089357
16 0.215181467466434
16 0.232176922003649
16 0.242492436634604
16 0.191333610037434
16 0.178572212455473
16 0.167719351296915
16 0.211036461256077
16 0.112400973812266
16 0.231833855610118
16 0.205779641289522
16 0.209778984190390
16 0.153637133875138
16 0.167134017222268
16 0.195872380592912
16 0.127173434238853
16 0.184183471008778
16 0.108152703139301
16 0.104738244512178
16 0.132559894352004
16 0.249498009471112
16 0.275072031486466
16 0.144626414058978
16 0.146863627704657
16 0.225740651776079
16 0.157038144707617
16 0.221047169244811
16 0.100292678600126
16 0.134593371937436
16 0.281159052556056
16 0.173404187565724
16 0.125674816169106
16 0.210728203719063
16 0.199681760456885
16 0.287833209874157
16 0.156604237500203
16 0.186937164709453
16 0.210527355039662
16 0.126547615879785
16 0.091817144115299
16 0.145574913874704
16 0.227941786138609
16 0.353953563786603
16 0.108907056793436
16 0.194104423105358
16 0.139156304866953
16 0.167241265093378
16 0.126809060035173
16 0.198993901295292
16 0.213932321324337
16 0.222971381653904
16 0.167443538811381
16 0.235582103799545
16 0.181631607852160
16 0.178919300608729
16 0.129727615558389
16 0.133072534874411
16 0.311450080600759
16 0.222313989189685
16 0.089579985440067
16 0.151678580588089
16 0.173692685281987
16 0.253058300875041
16 0.121935672253214
16 0.110139816350299
16 0.236970442959269
16 0.146269074862175
16 0.185796528450476
16 0.168853560828191
16 0.243756271492142
16 0.111954828455896
16 0.170432649102598
16 0.164361927403796
16 0.295868750018065
16 0.188304913771377
16 0.190748274652543
16 0.142450341213485
16 0.135046552763830
16 0.167556130402495
16 0.205882181112119
16 0.170963116730127
16 0.140479422548209
16 0.246930405726192
16 0.213272957529735
16 0.231839646145778
16 0.267731704746123
16 0.238268575028714
16 0.238179152386307
16 0.140982617683910
16 0.241864552674695
16 0.306048868738205
16 0.107910332407279
16 0.183091675749031
16 0.141653196477383
16 0.256027522631032
16 0.266757471900442
16 0.155277775426556
16 0.140914274920029
16 0.186815014953090
16 0.233561432016151
16 0.226035482963625
16 0.273862164342308
16 0.202285932748679
16 0.301082391240681
16 0.235682515327206
16 0.134102071962132
16 0.252724492450532
16 0.153764484890006
16 0.100091464244291
16 0.161624260945439
16 0.173558388732715
16 0.141031192548233
16 0.140235337423516
16 0.190240544093177
16 0.133343301788282
16 0.145475696938735
16 0.196828758840405
16 0.223033139301315
16 0.142948238436756
16 0.184899682030922
16 0.185165510143462
16 0.097758618327189
16 0.129077744254635
16 0.132572973216871
16 0.209822546069887
16 0.276342339549377
16 0.212703803522718
16 0.171564721119118
16 0.235635394562597
16 0.189839343922426
16 0.156181243559401
16 0.171724981714881
16 0.183948730924945
16 0.089437806014968
16 0.085523269312649
16 0.262141037851319
16 0.152790647810115
16 0.143047238312992
16 0.108165287299677
16 0.160412640609096
16 0.339628566484992
16 0.138259216836758
16 0.255421807157170
16 0.210644102362767
16 0.179338530429488
16 0.137725301247645
16 0.182966034930298
16 0.152057692760915
16 0.244936686702979
16 0.111897417955857
16 0.262389438140963
16 0.344431917143562
16 0.212482549918809
16 0.089920144704514
16 0.230826656426900
16 0.213070091885931
16 0.223204920233373
16 0.117690974270628
16 0.096012362597351
16 0.115876971115811
16 0.224716229718886
16 0.130365187429784
16 0.203595338409406
16 0.123417025910713
16 0.289016798285945
16 0.206272813144864
16 0.231127205156188
16 0.300253814516060
16 0.275206475808152
16 0.188426008779698
16 0.063782906185437
16 0.180560236403720
16 0.273700272448408
16 0.113493798291519
16 0.217979316026762
16 0.120632568258151
16 0.129588212698621
16 0.125247664682410
16 0.238157460831774
16 0.247635339710739
16 0.191407565297921
16 0.142518618560654
16 0.127817609325831
16 0.288376778216253
16 0.212711278258495
16 0.081791148696470
16 0.158207639322861
16 0.124112296662629
16 0.107574078390951
16 0.183876898776017
16 0.104349341189038
16 0.145168701527230
16 0.182756676942313
16 0.096226003300159
16 0.128817255756504
16 0.153834827725352
16 0.164409789300706
16 0.203334460004543
16 0.290780708859057
16 0.107998202086223
16 0.112265716331491
16 0.143521072834048
16 0.162539094796767
16 0.146349037227852
16 0.172544078097762
16 0.180765846727496
16 0.130288330523539
16 0.153377824422263
16 0.192942536515051
16 0.117043481122755
16 0.173428842819606
16 0.108066445748775
16 0.131010902715894
16 0.191237111113858
16 0.105564738293701
16 0.159936817372223
16 0.115217138845197
16 0.154287277335065
16 0.150466221827470
16 0.237126324494863
16 0.227846893766230
16 0.206925107478112
16 0.317489452094115
16 0.138978467778047
16 0.111502939519226
16 0.203993940831156
16 0.252779182331830
16 0.185971216741931
16 0.143156418343166
16 0.231326940204888
16 0.166052627153055
16 0.132436222010404
16 0.243239950772433
16 0.317928936196171
16 0.162421112525024
16 0.200691831751722
16 0.198218717109845
16 0.269154730765773
16 0.186101516998593
16 0.150983758801800
16 0.135903146298533
16 0.298052648604169
16 0.227229925512971
16 0.229211731111402
16 0.270080346319424
16 0.125945384773564
16 0.207536842468535
16 0.218351185817409
16 0.142641042279865
16 0.261110104586592
16 0.137216198615319
16 0.105218404877379
16 0.203823650233578
16 0.105127224511289
16 0.111358549127297
16 0.116420967122379
16 0.170478627001983
16 0.145759860745879
16 0.118102887649020
16 0.163017904745063
16 0.118786031577517
16 0.128548693175292
16 0.144056801919422
16 0.200739526021627
16 0.130364099802347
16 0.114372816003366
16 0.163829158084310
16 0.114137694092734
16 0.146956375001874
16 0.262493126047728
16 0.225922612635213
16 0.178775092676383
16 0.207900585953902
16 0.193938658030220
16 0.152065272012850
16 0.183451141044268
16 0.184259601160588
16 0.336914289617332
16 0.169961102998327
16 0.193964482702051
16 0.182613809673422
16 0.262976937045817
16 0.241958788135867
16 0.166140077700466
16 0.173554756351599
16 0.135944825800660
16 0.173654176115596
16 0.188227748651285
16 0.218923463821363
16 0.135106350043177
16 0.120786560516747
16 0.183295398477533
16 0.364364265368147
16 0.252605366715146
16 0.207868797063243
16 0.211488854046612
16 0.123237815742183
16 0.205417308458275
16 0.151684454204907
16 0.232839242243528
16 0.228160322036257
16 0.122040120977534
16 0.289987415243779
16 0.272694893688769
16 0.197142688413422
16 0.131291367917114
16 0.135054593607206
16 0.188829924134403
16 0.106706442600145
16 0.109901798194046
16 0.297145205164791
16 0.240166296282537
16 0.131827299311445
16 0.131295570449643
16 0.237191139329728
16 0.245700930244257
16 0.208982531647320
16 0.164492593782248
16 0.316354613695238
16 0.141882456192450
16 0.182785436525698
16 0.110319430266493
16 0.140589619807326
16 0.129174549763944
16 0.093530008965802
16 0.292143898860664
16 0.193769862686637
16 0.123847528357227
16 0.252190561478002
16 0.098924788254411
16 0.194530157684953
16 0.205491600304852
16 0.123352054743547
16 0.174049559997429
16 0.216289073865948
16 0.161435272362540
16 0.202011569305397
16 0.144647417234388
16 0.166283338854097
16 0.176086871857125
16 0.161769206086078
16 0.155542824502483
16 0.239456173722692
16 0.285273144961238
16 0.166286720937558
16 0.185032618113577
16 0.221630082530315
16 0.101026953462756
16 0.169033296872194
16 0.208341516102424
16 0.085288159458096
16 0.150913161590077
16 0.236163751562844
16 0.150875882451065
16 0.195258123563560
16 0.158025088656469
16 0.169123733643701
16 0.115190047812752
16 0.150093573606206
16 0.143406507998217
16 0.166284055529372
16 0.170945528953321
16 0.309962477330758
16 0.131435643304516
16 0.260366482173846
16 0.236977222682729
16 0.212915275200470
16 0.134079132139800
16 0.218726981362219
16 0.261257773508936
16 0.186912677829183
16 0.294918550219473
16 0.167174249571895
16 0.167594132476372
16 0.103607307467204
16 0.160417213279911
16 0.109329448743449
16 0.119857495814036
16 0.133670854509291
16 0.145028261019076
16 0.103192543996797
16 0.199877381268595
16 0.156757111883081
16 0.206065253865994
16 0.118584776689776
16 0.157812947722301
16 0.223369630512495
16 0.215038955232226
16 0.144938507196137
16 0.226877457503474
16 0.193408396284139
16 0.161476846952510
16 0.353331714498425
16 0.228006764504848
16 0.309625563718989
16 0.201703271893877
16 0.179226439349281
16 0.219741824988871
16 0.194385927415514
16 0.099640559422711
16 0.132335788653232
16 0.125578647068471
16 0.164085400251127
16 0.259104815999402
16 0.166763217846831
16 0.362768882415664
16 0.197694792220887
22 0.719621919284906
22 0.488280020408179
22 0.549224947645639
22 0.767499233080110
22 0.936441399714741
22 0.383053496171523
22 0.918507908259230
22 0.407151912211848
22 0.694895688687310
22 0.491472404525492
22 0.706030556914660
22 0.730349666587689
22 0.413926699683473
22 0.430550060511543
22 0.626322157812868
22 0.422178723128276
22 0.723205636655006
22 1.035424819965511
22 0.825156445762747
22 0.702869663362045
22 0.286703584106959
22 0.567206621706789
22 0.860865211732812
22 0.426437571185066
22 0.928499553502092
22 0.489583806596315
22 0.728241297573591
22 0.592207785464169
22 0.751694596636736
22 0.521473619799597
22 1.209708242553371
22 0.742505958735578
22 0.530367577257954
22 0.844715887466006
22 1.155778181089934
22 0.602416722999580
22 0.559523801324064
22 0.526974683845602
22 0.336646738344020
22 0.877804302046412
22 0.589295451115123
22 0.669536766840340
22 0.673539846476099
22 1.067170813491742
22 0.350848476518614
22 0.736982937464360
22 0.506988651853788
22 0.883996984592886
22 0.940488345878269
22 0.434047579372985
22 1.017754551115631
22 1.158114087706350
22 0.420968318756774
22 0.626508759806583
22 0.641077179729665
22 0.967512285239380
22 0.779657568069474
22 0.772415359303020
22 0.373518181784291
22 0.801235096769316
22 0.649875575062174
22 0.561728392213945
22 0.959229867182236
22 0.802474592635452
22 0.599971272212252
22 0.438219095628139
22 0.587020792245727
22 0.566224738935974
22 0.472422230040826
22 1.014956990085162
22 1.009700405683296
22 0.432583594708582
22 0.734908557489861
22 0.731003883708236
22 0.449495744406354
22 0.565347042243047
22 0.473858631635573
22 0.886980854056447
22 0.800783286909525
22 1.003758487588839
22 0.538177291158147
22 0.959103976937783
22 0.900603136657126
22 0.745097386991241
22 0.505501496371478
22 0.830915621082035
22 0.599951824078003
22 0.664772918714779
22 0.794691777837856
22 1.110663359105403
22 0.576508394683907
22 0.594876554652756
22 0.425398047155973
22 1.234619090216445
22 1.092328434495764
22 0.357128589181356
22 0.545867505233474
22 0.469473682001471
22 0.445390520618683
22 0.660652097910606
22 0.483308633547982
22 0.497618288440838
22 0.498658105473997
22 0.750699798690442
22 0.492569649575902
22 0.840020389286977
22 0.889898132884238
22 0.786923422825321
22 0.710146979135062
22 0.606355054013446
22 0.550250321909876
22 0.595340626394828
22 0.558576614644771
22 1.625425153922638
22 0.533209724865181
22 0.660758748124123
22 0.731769027245980
22 0.578510593066663
22 0.584210107061354
22 0.589792257109210
22 0.585093049763868
22 1.063400305623683
22 0.601669591136954
22 0.556779299232679
22 0.635183046489010
22 0.482216880525154
22 0.513491801965140
22 1.048877611457629
22 0.947345581518952
22 0.637042935641616
22 0.670444609909984
22 0.891593790810605
22 0.440863945078939
22 0.302223126641870
22 0.770340934795685
22 1.013217276989233
22 0.777687720866383
22 0.594185333304194
22 0.559700698805665
22 1.098019324089201
22 0.383069506225224
22 0.556356532511000
22 0.641094483995976
22 0.506672169641530
22 0.451944026843457
22 1.013054004871100
22 0.695098008795762
22 0.517469407928136
22 0.856493131930085
22 1.113743648275832
22 0.806451488835937
22 0.588510748123174
22 0.952337271435459
22 0.897033324255668
22 0.597726004880367
22 0.483128708186555
22 0.738331354693377
22 0.628621737404225
22 0.561645583839120
22 0.572857319929731
22 0.439454164283643
22 0.727107449922915
22 0.711317842464600
22 0.508604265540369
22 0.441370540047296
22 1.029988236296668
22 0.659179019145842
22 0.543061503799723
22 0.517088668568447
22 0.595113449692373
22 0.613577744753037
22 0.969407764297936
22 0.620178860371876
22 0.556435237582675
22 0.531060756415966
22 1.318215993168647
22 0.578932764242274
22 0.521349894686980
22 0.310595270291547
22 0.636705834800772
22 0.829720238685597
22 0.468077865644088
22 0.438513036047753
22 0.914734973116786
22 0.511722463901749
22 0.544246181957357
22 0.392438126317007
22 0.850224139357305
22 0.513219975515356
22 0.703555292402470
22 0.359033300465422
22 0.624778529262070
22 0.889038334103248
22 0.727581435245443
22 1.693335927899497
22 0.643196937544810
22 0.935978123105798
22 0.437462964308166
22 0.575141551340425
22 0.322752188401909
22 0.966313890969758
22 0.510399511162999
22 0.611632881497093
22 0.448963405957531
22 0.579626836108557
22 0.719804977093580
22 0.428562214998776
22 0.324843391904879
22 0.808742988888914
22 0.741066063535860
22 0.560292117860579
22 0.802490690773158
22 0.678081108840884
22 0.575613520888491
22 0.590232674265502
22 0.504231679370835
22 0.830230582367139
22 0.573371645639685
22 0.491694807685390
22 0.435858593701099
22 0.628935161140186
22 0.471768461755896
22 0.731160555062383
22 0.272838503931029
22 0.922298149547909
22 0.888587322805316
22 0.591031978088112
22 0.769829360915608
22 0.465535868143204
22 0.333313287576464
22 1.073747448150150
22 0.503017853859979
22 0.759327755038111
22 0.981220040314242
22 0.856899492366261
22 0.766009493042838
22 0.451368544104451
22 0.724854444811028
22 0.692845719624451
22 0.752982242880778
22 0.412426111967714
22 0.761830669244611
22 0.736956758293271
22 0.543561334739863
22 0.731706970978526
22 0.966489877566624
22 0.893865956401178
22 1.252847022136522
22 0.543907653889433
22 0.628743524174210
22 0.577734703101071
22 0.547717799060877
22 0.500437098940375
22 0.758030953645368
22 0.376259439034996
22 0.458203565681514
22 0.590682615651528
22 0.518255063441152
22 0.567232804051711
22 0.575347248106589
22 0.803113961910220
22 0.601140526499507
22 0.978023051067093
22 0.356404671939598
22 0.557014919974807
22 0.523342685032226
22 0.887813840583112
22 0.474559664750666
22 0.826553455170044
22 0.912593454950682
22 0.705805344507840
22 0.434719166216066
22 0.526386173554882
22 0.461452194332761
22 0.564792300325823
22 0.401446346716786
22 0.751602720817893
22 1.130062919933409
22 0.626458110096251
22 0.595138731049062
22 0.721976793210276
22 0.696569123502954
22 0.994403986853168
22 0.489247346511566
22 0.638202113966971
22 0.687765470806366
22 0.856570079738108
22 0.774520114237641
22 0.640310474288678
22 0.476533835308423
22 0.536456144322245
22 1.104394484883501
22 0.498625553282876
22 0.645470139838036
22 0.851163064541945
22 0.675674036623790
22 0.784438028274050
22 0.843494880512491
22 0.813244267058426
22 0.749331119125179
22 0.629387453629979
22 0.591117029109706
22 0.773447768937076
22 0.462259483043789
22 0.489057485409702
22 0.537836605122959
22 0.682656063745805
22 0.494889821368127
22 0.525365991890477
22 0.739951721117121
22 0.675868078518554
22 0.993117868627436
22 0.745743184730529
22 0.453784369268877
22 0.557828593105441
22 0.790606152973363
22 0.684163671077314
22 0.902566119034233
22 0.509243678112677
22 0.621420347070565
22 0.736793805726446
22 0.754039969343182
22 1.070415329037444
22 0.666298646307277
22 1.121141875200236
22 1.394211540248031
22 0.559870760854014
22 0.446985105612759
22 0.399336494031280
22 0.763937898466359
22 0.802515267402947
22 0.575527346756992
22 0.611195697278978
22 1.119048939429915
22 0.809211705304419
22 0.472984945328378
22 0.482153560531485
22 0.394592783629642
22 0.483812140064193
22 0.640941097785011
22 0.768491395757385
22 0.908513294703595
22 0.352809217585634
22 0.673636949774743
22 0.779581874266389
22 1.037095746473327
22 0.596566862749796
22 0.880712056703734
22 0.390593781255525
22 0.513400315571118
22 0.556339102957601
22 0.664269091497564
22 0.714798406905040
22 0.536898277365671
22 0.472270398220186
22 0.688537425249018
22 0.501255640349677
22 0.409753581633683
22 0.559973619846921
22 0.627279715303857
22 0.659481473094580
22 0.571881932622335
22 0.566299611210729
22 0.734291354164915
22 0.709677068173755
22 1.012674266505012
22 0.513893047769062
22 0.724175829427273
22 0.527845423336088
22 0.545790800278611
22 0.591584901777349
22 1.104723462899883
22 0.569535167523560
22 0.657060191624135
22 0.431809319055545
22 1.231804904041913
22 0.396590269837319
22 0.648402578783764
22 1.270655456061677
22 0.605712456844151
22 0.775893119978476
22 0.614966283200571
22 0.247880032338988
22 0.481217409233182
22 0.870454323859632
22 0.500823881363042
22 0.681410205088930
22 0.685832696135220
22 1.050722939746078
22 0.487293869849923
22 0.992147755143601
22 0.452100809688741
22 0.635378724309031
22 0.521118483436895
22 0.615857787029361
22 0.704971328778766
22 0.613278087322426
22 0.474901382015267
22 0.528014726408113
22 1.009509656519745
22 0.494107121445889
22 0.493240077352281
22 1.250494932891701
22 0.596339163703036
22 0.811739256175316
22 0.537504440864541
22 0.779982353983830
22 0.516647609804231
22 0.784284571226186
22 0.702425499314657
22 0.727738600021918
22 0.565874273690078
22 0.440603289933387
22 0.590195352820249
22 0.533681574436019
22 1.247944971347736
22 0.589354023456583
22 0.549885604827347
22 0.488357163338214
22 0.551343197219865
22 0.814286575774979
22 0.734370289882681
22 0.582327536051060
22 0.419041605822517
22 0.563006552901393
22 0.653585089730120
22 1.052801615303148
22 0.495466720603655
22 0.791065574407610
22 1.052567003357626
22 0.595253634925619
22 0.912356733219420
22 0.577247574641162
22 0.552790832791428
22 0.677668723106274
22 0.631429292448851
22 0.360323798750244
22 0.400894231553018
22 0.780987446822500
22 0.663820768826743
22 0.512781336935304
22 1.175531671044382
22 0.585465375848812
22 0.568432412644026
22 1.160326911546221
22 0.857416806423429
22 0.689472479394065
22 0.629699525004124
22 0.552710933226102
22 1.092747321428884
22 0.623697704421884
22 0.995077459183240
22 1.003982873741638
22 0.912154802189748
22 0.386393020629566
22 0.900894398522006
22 0.533013216056053
22 0.658757608826053
22 0.350859545784602
22 0.631010484943709
22 0.421597067401383
22 0.997462056804312
22 0.476729653786259
22 0.555898956249715
22 0.346002820888939
22 0.498913517959335
22 1.039381981354162
22 0.429627889830455
22 0.591085275431500
22 0.454470279092598
22 0.758007257037549
22 0.558923836075770
22 0.684539139824285
22 0.662386731317649
22 0.619796830284803
22 0.695530812846861
22 1.427244316841767
22 0.569567951317182
22 0.465077594794766
22 0.657429180156680
22 0.720990431164740
22 0.684161628244467
22 0.408616371351316
22 0.716496810473812
22 0.912562659795859
22 0.611699254608792
22 0.875883832969939
22 0.427457564435826
22 0.669242158407328
22 0.560804472901566
22 0.497246045509494
22 0.591544248710991
22 0.442505103064036
22 0.531093057065188
22 0.885455680692384
22 0.688315343574870
22 0.937332500565484
22 0.423204866815140
22 1.018830788844951
22 1.330233723258738
28 2.105425743258388
28 2.627930921695406
28 1.768783628452489
28 1.415650706406501
28 2.156236116151927
28 2.274751409538639
28 1.426283780424026
28 1.540013238644112
28 1.879114192026045
28 2.673163145709243
28 1.715163578034988
28 2.603012978101818
28 1.635507565651733
28 1.887052329699771
28 1.560561399069700
28 1.527221117621357
28 2.564432468427609
28 1.988005285999390
28 1.158655152160045
28 1.685944531484853
28 1.656084328290536
28 1.138142799356782
28 1.322397073502850
28 1.365542365776975
28 1.653586897053096
28 2.604475769426932
28 0.988336193623572
28 1.028893938942235
28 2.644078890049541
28 1.559411833881382
28 2.190784529470245
28 1.692823550835886
28 1.000508939446855
28 2.032457082652147
28 1.431209989405437
28 1.629143542230032
28 2.136480785337767
28 1.131035480244548
28 1.548824328265015
28 1.667960313766121
28 2.265687671763693
28 1.793010263682562
28 1.798967072355643
28 1.734744791515182
28 1.581442951906469
28 1.590281545989261
28 1.353742027104449
28 2.167721969826071
28 1.529322650605398
28 1.584337786156302
28 1.341925928062850
28 1.220201106662516
28 1.548530763239538
28 1.565189579037160
28 1.707298450381730
28 1.323763306530592
28 1.642428005864717
28 2.145580375623025
28 1.767478540791973
28 1.908904007783906
28 1.082664683014234
28 1.328640174117981
28 1.339456315497833
28 1.618713527159166
28 1.591001202188426
28 1.903321649050832
28 1.713500231009047
28 2.205981206316697
28 1.137459569775652
28 0.972204690223717
28 1.634277949186438
28 3.237068975439661
28 3.258928330894985
28 2.232235592050026
28 1.424621223068397
28 0.997992382304838
28 1.314300535855141
28 1.499674582249496
28 1.693316450522368
28 3.626546047849816
28 1.563997601527415
28 2.647436888311603
28 1.160654849200076
28 1.881547218335887
28 1.166701939219170
28 2.312527007194463
28 2.266373610589488
28 1.171549495667338
28 1.399586522035580
28 1.293702109802265
28 2.080373482452290
28 1.693394675484541
28 1.629972324608155
28 2.529833782195968
28 1.826098452872770
28 0.943394256801691
28 1.804175878002543
28 1.628024763129954
28 1.601914881180954
28 1.450267767843695
28 1.611534958609527
28 1.997121775183964
28 1.060327183792001
28 1.656705585839819
28 0.940746458805378
28 1.851360405308824
28 2.174837550484670
28 2.137034369830849
28 1.526103144812884
28 1.197690187751501
28 2.197119655582641
28 1.948182471620636
28 1.171243723309892
28 3.025215671499390
28 1.209993311010309
28 1.533079740811976
28 1.075663715694750
28 1.255731619089459
28 1.430078058772846
28 1.843050215756599
28 1.057246499413270
28 0.916730672121492
28 1.163888872592850
28 1.593234749756551
28 1.055909684115920
28 1.039999357370420
28 1.658673376999603
28 1.861766954910044
28 1.869232262250846
28 2.001601786426461
28 2.206872005578622
28 2.192528461561304
28 2.635715544529026
28 2.004446845582645
28 3.207215267628293
28 1.607051774243446
28 2.411365903345368
28 1.346767372142418
28 1.861829573020070
28 1.917492075119024
28 1.592029171374217
28 1.897976680762573
28 1.757723261494633
28 1.227207490909286
28 2.104568688063035
28 3.071704887323768
28 1.510740279265197
28 1.766485662201515
28 1.244809164772322
28 1.692008995834551
28 1.951586143851275
28 1.033428719406726
28 3.246635781711437
28 1.625601092224887
28 1.925872780815835
28 1.017601160481754
28 1.179857603424034
28 1.723779242984750
28 2.228918101065111
28 1.161465521452958
28 1.134044777797504
28 2.588600847243474
28 1.958941575950988
28 2.295181282312892
28 1.339016945932627
28 1.775333007264071
28 1.114737636145525
28 1.905918602422950
28 1.623471489363826
28 1.031575434284982
28 1.256414244004689
28 0.984078267014168
28 1.241031526366077
28 1.985386086339108
28 1.983281032391584
28 1.456178597179056
28 2.011750739127693
28 1.469187458676578
28 2.288043776664547
28 2.168127227660268
28 1.034544145360980
28 1.203658147561985
28 1.836560786074178
28 0.939702052673262
28 1.765033912732448
28 2.102239548769088
28 1.006836051783321
28 1.534088124849968
28 1.223507982123949
28 1.683826127507063
28 3.176521149813283
28 3.586243348685650
28 1.310448661455619
28 1.830452827597626
28 1.128903755791567
28 1.183643637181940
28 1.067265525479414
28 1.300017408460948
28 1.720908407648689
28 1.834716659194388
28 3.340613073764596
28 2.157293471648174
28 2.192564122492838
28 0.903641607903769
28 2.636170186631928
28 0.914662902783941
28 2.085740797960321
28 1.323903881358523
28 2.201800522383102
28 1.721300374099278
28 1.324524857293484
28 2.430328311932354
28 1.342919416670673
28 1.696450354715411
28 1.858067958273727
28 2.095033296881828
28 2.238540485527796
28 2.156464551002832
28 1.538397688551633
28 3.019495480875467
28 2.900868926269942
28 1.847460065337815
28 1.791565801850831
28 1.752765728264641
28 2.112918844027866
28 1.747125404959333
28 1.350242755630218
28 1.446770813696546
28 1.710940341883398
28 3.176350295349494
28 1.169200550698927
28 1.938900972598272
28 0.897486185022764
28 1.348272975694665
28 2.136790170150119
28 1.537367708557239
28 1.774156175088519
28 1.724054768488130
28 1.293522845534672
28 1.672294493905143
28 1.655795863968168
28 1.831101075209838
28 2.068266051490990
28 2.220218303844131
28 2.116791502406963
28 1.585573070439049
28 1.670889867716900
28 2.328684756887485
28 1.851738429795065
28 2.583812957079007
28 1.153324164033357
28 1.498885767476045
28 1.072408614954092
28 2.218517322295773
28 1.015806264455876
28 1.619149577233217
28 1.120460301135637
28 1.967559457032241
28 1.926675587363229
28 0.966840773086807
28 1.757188789098642
28 1.899535421662473
28 1.076462832258187
28 1.216600979807907
28 1.504347317766793
28 2.682477135308280
28 1.583487594853707
28 1.621804222940328
28 1.101487616131968
28 1.875902882512535
28 1.182949297452157
28 2.463401861990488
28 1.645756803390062
28 1.103979376454992
28 1.454251255504849
28 1.358204761602651
28 1.412158545946127
28 1.124318644966571
28 1.528407575088767
28 1.098432969074847
28 0.935291350470350
28 1.343185206827534
28 1.908957987588517
28 1.491146628430066
28 1.739603961697203
28 1.411546766011854
28 1.894268176334363
28 1.668943160367333
28 1.235472242543160
28 3.068787955480765
28 2.078241765260501
28 2.914735908625337
28 1.011256759466763
28 1.891297205807220
28 1.660371828261361
28 1.434067906970081
28 1.319579813405067
28 0.982202883386497
28 0.954057682187208
28 1.215827219203343
28 1.291798639337843
28 2.121512756764727
28 1.835752524489040
28 2.741541890707460
28 1.863121186175939
28 1.549317381156389
28 1.791168199621579
28 2.019319931690319
28 1.548068528652441
28 2.220015313265334
28 1.397754441746241
28 2.019299137543883
28 1.370592852608707
28 3.300370575322286
28 0.978035828987323
28 0.880057847417820
28 1.296999519878268
28 1.109789565272581
28 1.936917991814998
28 1.539421651727842
28 1.955697642574325
28 1.271380842852474
28 1.741032390130063
28 2.694363552081229
28 1.966247629459187
28 1.700548689558906
28 0.935627444571406
28 3.397853662539938
28 1.742939872203811
28 1.377385980993862
28 1.773227885613693
28 1.923011089960159
28 1.587116281337731
28 2.612665127464624
28 1.687302745145491
28 1.684205684077266
28 2.775153183674533
28 1.666736839531355
28 2.120923863619045
28 1.344905980151331
28 1.343631346999884
28 1.714952871863675
28 1.438374594924266
28 2.219299584268247
28 1.357457601219009
28 1.163639158513240
28 2.139697441627606
28 1.164885519484763
28 2.849193750193326
28 1.567502175238061
28 1.323897003132922
28 2.173795735861922
28 1.783855445053111
28 1.602052545999078
28 1.623848096772897
28 1.919982941496824
28 1.609710922062242
28 1.946496646624118
28 3.234777302255558
28 1.346858202913148
28 1.481067184148406
28 1.076308875544973
28 0.914919849760418
28 1.408627070203849
28 1.491128329616952
28 1.498356514017972
28 1.555594614812123
28 3.170822088631233
28 2.339464285439742
28 0.986979688042802
28 1.073638600306819
28 1.554032494849925
28 1.561336791936274
28 3.045374933668025
28 1.499855365952334
28 1.883412860888664
28 2.044789881563095
28 4.227245687262611
28 2.083462136522231
28 1.326813200236719
28 1.984760119339795
28 1.574896123317425
28 1.025105562726839
28 0.813912388010990
28 1.296389817668436
28 1.694180931828454
28 0.981421439123179
28 1.331568489971383
28 1.331582087643532
28 1.178663894373047
28 1.105100446683455
28 2.341353026683422
28 1.956047153235448
28 1.887579997352982
28 1.517090179964436
28 1.530181234917437
28 1.796910364079459
28 1.589844768392627
28 0.619916390009665
28 1.186091150547343
28 2.492442850270878
28 1.431158577605218
28 3.451400052692030
28 2.051363081561397
28 1.703134344864275
28 1.119742469857845
28 1.587834079401055
28 1.027481057278758
28 1.336302284812980
28 2.432862891851207
28 2.491129810561962
28 1.563795978339199
28 1.564415263862910
28 2.611728989105230
28 2.182110684547507
28 3.048437142858762
28 1.375361920931375
28 1.990741376369153
28 2.689055798253060
28 2.940036372225036
28 1.878139345911292
28 2.054204492665448
28 3.049407629892777
28 2.450413358005164
28 2.000595196931281
28 1.262863823916414
28 2.776007412310203
28 2.453277933784618
28 1.340275289029115
28 1.357017027698231
28 0.944349239765632
28 1.228577514003256
28 2.068564495140375
28 2.466085970165089
28 2.072086288535031
28 1.391217135407569
28 3.908431007437975
28 1.109584325087189
28 2.617717059489775
28 2.269766610751826
28 1.131017534955657
28 1.631159619542091
28 1.438893522790373
28 1.124519001577660
28 1.102577401334051
28 1.555747143869165
28 2.197109605553569
28 1.882729140137731
28 1.410143632147384
28 1.737801878136814
28 2.853653719742791
28 2.559116202685304
28 1.283478027133399
28 1.910510076495949
28 1.660622588024998
28 1.389848618409346
28 1.341459926302545
28 1.497905313537442
28 1.595841781880641
28 0.968724943447044
28 0.898520363868712
28 1.419635106540210
28 1.708367383688489
28 1.130901831865609
28 1.776647477174158
28 2.421312066498704
28 1.424822486319091
28 1.739637209142179
28 1.375384844515272
28 1.284815425929997
28 1.999462298048893
28 1.941363169458293
28 1.736051275086481
28 2.998996871582416
28 2.254182057562179
28 1.646989472474814
28 2.211933651336438
28 1.775421656632044
28 1.350362737145030
28 2.313898910833075
28 1.464431892044659
28 1.751098254742953
28 1.899940886560113
28 1.581983962060943
28 1.810749724485157
28 2.193382721799830
28 1.891938338267607
28 1.200624713993045
28 1.777226900985368
28 2.838394235814486
28 1.616254839019668
28 2.035177696034689
28 1.523783039667527
28 1.035114745132494
28 2.918922572680987
28 1.747096864050589
28 1.568548363356894
28 2.117790796178447
28 1.404213285644003
28 1.677845469656375
34 1.877583160141054
34 4.605268794537993
34 2.919467308666766
34 5.587091873949078
34 5.340220035123746
34 4.875714123831506
34 4.101731070438435
34 3.693533553624610
34 2.809199423943205
34 5.951516691485383
34 7.132146950157852
34 2.351898911336740
34 7.108211005159768
34 5.637750652154842
34 2.663131089091950
34 5.225415828751838
34 6.090223012169888
34 4.425320962419988
34 3.740572298279178
34 5.537698366848544
34 3.551713486194299
34 6.466571323526185
34 5.708258552977121
34 3.300537723939154
34 3.041306627244585
34 3.666364124651940
34 4.424834665530000
34 2.946390800200016
34 3.299213159086011
34 4.551051129377520
34 6.241395310359603
34 4.577753575719687
34 2.904329437744484
34 3.745392258735411
34 3.708459949315933
34 2.658697508605600
34 1.603645350163126
34 3.735921730930501
34 3.610769261765842
34 2.586465270202894
34 3.364447766831598
34 7.246916240778480
34 5.208706405681641
34 4.258349953849368
34 3.683809076957849
34 2.336369664184054
34 4.282939291965526
34 3.250570597291054
34 2.697468329189536
34 3.491217281331266
34 6.648317333536871
34 2.029623667130558
34 6.495669218861622
34 7.397664908654770
34 6.074098919223594
34 2.298519200989253
34 5.161575800232407
34 2.516702412791043
34 3.407783405686224
34 3.707306071870061
34 3.115809203715306
34 5.637091024538967
34 3.812302287334317
34 2.035466650211463
34 4.467407377266740
34 4.204705192100929
34 8.315052188243957
34 2.541823640895857
34 7.491678419888791
34 2.872560137402431
34 4.430046987206692
34 5.105427842606526
34 5.455469941864157
34 2.452360482185921
34 3.145083806583377
34 3.052547215575093
34 2.977771511608013
34 5.735939891706189
34 4.341319707686099
34 3.762283990061064
34 7.566218644652288
34 2.920138007161625
34 6.315086906848917
34 4.007474492135729
34 4.740888474114843
34 3.603646458665758
34 2.153177994999110
34 2.546058586181761
34 4.779377090718406
34 3.823366505185583
34 3.079046135930357
34 2.636344873108653
34 2.867165631636077
34 5.291565998117962
34 5.580051768829448
34 4.458725531548571
34 2.895317500518131
34 3.589816104541836
34 5.287130721063760
34 1.805223135603793
34 3.657912225904908
34 5.211646513898177
34 2.076745395070988
34 4.134088249654193
34 4.794192533753093
34 4.362825420273602
34 2.517182059595937
34 3.457883643645283
34 3.671951727071902
34 2.178995722826181
34 2.744631922342012
34 3.239699464293043
34 8.184806673263417
34 3.768190000833385
34 2.170016028609721
34 2.655270350310953
34 6.257376393132998
34 6.719661886086254
34 2.799207448710677
34 4.061715203187360
34 2.607489224774184
34 2.198412979188316
34 4.490262123890114
34 2.808318003783551
34 3.637455813384005
34 5.991403900072861
34 4.178007102571129
34 6.075982464854542
34 4.283448457492257
34 6.644730647559085
34 4.020833830414698
34 3.180454859642341
34 3.803445264751177
34 5.307635577655611
34 4.618513961165627
34 3.167448758225261
34 2.329875718332572
34 4.342704121044383
34 1.752409145705367
34 2.884738086595654
34 3.173159354682433
34 5.312272805280859
34 2.192412218904972
34 4.444733332643590
34 4.233262573589971
34 2.634018148037301
34 4.550102599180438
34 4.099137304333752
34 6.250836014279699
34 2.546107552811856
34 3.480463385908589
34 2.796406929942089
34 6.748738835485836
34 2.642424681623339
34 5.116264367419294
34 4.568458864563406
34 6.191960746008088
34 3.998401213130583
34 3.133994198227742
34 4.177232458364783
34 4.207347587544093
34 3.766375209768206
34 4.701128522483128
34 3.199550465148647
34 3.231788713820339
34 4.540059734373260
34 3.552089707659395
34 6.085062626466066
34 2.328301005623046
34 2.789038834138364
34 3.879768903161358
34 2.093933597130108
34 2.686195000246586
34 4.670719074200960
34 3.064121105317185
34 4.716323985321970
34 4.347551135049650
34 2.480963619106844
34 4.403801444522209
34 2.591067365001802
34 6.439280297812807
34 3.002084189902553
34 4.065260780932499
34 2.441895272156366
34 1.794935945635262
34 5.825506660171616
34 5.468328047345528
34 2.621094879112018
34 5.588294792784331
34 2.522006082576102
34 8.013866136511293
34 4.418418670985005
34 2.393903733873064
34 6.670419157430411
34 4.178529146121248
34 3.187792154260156
34 4.131891411891322
34 4.368460553973438
34 2.919554102767750
34 4.297929764857633
34 3.880671457028145
34 5.183449494024461
34 6.611523799546267
34 5.715853974531772
34 6.081712645311338
34 2.909217818606669
34 3.067054760468916
34 2.902576524776600
34 3.562623769336423
34 4.401274218533286
34 8.786008430578352
34 3.409673622320684
34 2.421591724779285
34 2.929920605853253
34 3.809020526366100
34 4.534268475653367
34 2.829379148322255
34 2.496333664060253
34 3.402371862453959
34 3.149876358281240
34 4.652885344394734
34 3.373183225126306
34 2.841535278228105
34 3.551159507832935
34 3.600138552954730
34 4.667494652283558
34 2.820835372783055
34 4.467803671120954
34 4.037806224915911
34 2.182722655076907
34 4.134786809620623
34 3.156937933709338
34 4.718547703064968
34 4.067046606639403
34 2.649272654555633
34 4.644887493324820
34 5.494085947968002
34 5.597498785728272
34 2.789721412830051
34 2.748716191738330
34 4.114918220880537
34 2.064403978420227
34 3.355164645774776
34 2.681129154500447
34 5.309680729876950
34 2.476578785582170
34 4.102391290269718
34 3.079037642521100
34 3.444893940394961
34 3.893019701428809
34 2.416579243797548
34 1.401871089327262
34 3.185755109841174
34 2.213665269301792
34 2.899971471204744
34 3.273587138176568
34 2.896324350888202
34 4.511898511815852
34 3.877225804357935
34 4.389915219545101
34 3.574634483084816
34 6.806576536545839
34 3.197074705656417
34 3.254152693908676
34 2.936337860371294
34 7.832093013879962
34 3.893546125491904
34 3.344115782108847
34 2.294064717375396
34 2.239292586605057
34 5.469810672450879
34 4.504433275057690
34 3.999362770922052
34 2.636032460536822
34 4.068135896402075
34 3.544641679383985
34 2.876728420960432
34 2.727612342873567
34 7.486559286318431
34 5.261950893041937
34 5.155974769208790
34 3.166840238111521
34 5.343219110526590
34 3.525929801245394
34 4.597574212655105
34 5.033346673851923
34 6.975610824780745
34 4.562067946706747
34 5.485038974249083
34 2.818451048324906
34 3.243826283540029
34 3.135161526794470
34 4.435213603948409
34 2.068066982930269
34 3.892617451372355
34 2.691778898745272
34 3.239403968321158
34 5.379792408381670
34 2.672844351035097
34 4.775860501364328
34 5.471659002648393
34 8.486808577151898
34 5.970238484843237
34 4.843906799102886
34 2.714676566811809
34 6.575256703999495
34 6.879030301070812
34 2.818980201598862
34 6.118634194633323
34 4.261015546922348
34 2.402654320951248
34 2.665315629258299
34 5.498445078265970
34 3.783324489776542
34 6.020092285290823
34 3.463067237838781
34 4.983271108897533
34 2.074527985691518
34 5.181713415787809
34 2.343973562013315
34 4.140261211939891
34 4.914901334718251
34 2.971645999534612
34 4.513673265300358
34 3.445267770931864
34 4.264848875195761
34 7.085116389031441
34 5.020524930940391
34 2.828928470963245
34 3.354834797253537
34 5.943856106609574
34 2.321934767698092
34 2.675260661896002
34 2.008824625405690
34 3.972058983651269
34 5.280137090664801
34 2.615841513821500
34 3.746875276037716
34 4.534254552013533
34 3.462165701192375
34 2.704491303233683
34 4.136548769472959
34 3.439588422973987
34 4.271449876378727
34 5.947773147048377
34 5.994150964574830
34 3.039215528271281
34 5.927109335133848
34 6.257804170210772
34 1.639824231299145
34 2.729962296474756
34 2.816236911375780
34 5.325366630982566
34 2.932469072922927
34 4.591849906787798
34 1.990314733391227
34 2.749934693958294
34 3.920901544685204
34 5.009817685845858
34 5.257831453612885
34 3.007423462938443
34 4.840397551606165
34 6.571695644393337
34 5.766822945588373
34 4.032344422917978
34 4.491395375104385
34 3.355800255387973
34 4.512019112240940
34 4.943536703144455
34 2.012847696030962
34 4.530037038401121
34 5.566806357894313
34 2.441357916011563
34 3.216582639942263
34 7.528572587143317
34 6.549277218324199
34 2.603716251948121
34 4.941370124798593
34 3.204732625617762
34 4.683464325861662
34 2.006344675978975
34 2.912040244230278
34 2.375672093549841
34 3.526202699654934
34 3.390463684162379
34 3.018029859864591
34 3.684843027915585
34 4.285704002361468
34 2.440575437586729
34 3.536927826847584
34 2.990372993332655
34 2.920468379087464
34 4.082454062671423
34 3.932207203733364
34 3.581685047889135
34 9.105762092912768
34 3.842776800032709
34 4.684591058608315
34 2.859146755358438
34 2.965031151574387
34 3.299021675045099
34 2.149552679483586
34 3.071275602489255
34 3.958419763615193
34 4.079608948996406
34 2.268473640241397
34 5.098839737488613
34 4.433038365731186
34 3.734093398263449
34 4.306994287940407
34 3.472294905108247
34 1.886442784218699
34 4.715801235863019
34 2.573054613449314
34 3.032920084138701
34 5.393038498166410
34 5.193311432866858
34 2.645139087051449
34 3.257934273337893
34 3.339050744290351
34 3.237795369941241
34 3.852922328009207
34 3.849216376644430
34 4.383522968970484
34 2.840599467362356
34 8.873146379795756
34 4.337800602752894
34 2.468921644307751
34 4.309706323665624
34 3.309971219730731
34 7.585545840720758
34 5.482937903493831
34 3.955047612550474
34 2.301145928489984
34 2.652101274124230
34 3.722932919896358
34 4.863077855308517
34 3.675586495061823
34 1.751285082287828
34 4.268390200281158
34 4.187773727944966
34 8.506933925816973
34 3.753105955862502
34 4.127216163386925
34 4.991729387439686
34 3.993068808911392
34 2.610236219156222
34 6.373941642035266
34 6.678205242219032
34 5.539956644948571
34 3.618399155434759
34 5.991260271824895
34 3.055377547345379
34 4.520792202565413
34 2.745989267570008
34 5.713295389528739
34 4.477712378887226
34 3.825605769893642
34 4.200190698055710
34 3.962531963300827
34 3.682794408454661
34 6.961245916796559
34 5.778155145593968
34 2.620920353959952
34 4.842752682121364
34 2.344606429443923
34 4.745439705191163
34 7.999955901235733
34 3.740809813675336
34 4.251274378144605
34 3.706730504432788
34 2.571032105396690
34 2.868254320455313
34 4.186879883231075
34 5.742371326246841
34 5.072069627710296
34 3.925328906520583
34 1.994911623876753
34 2.458568693819329
34 3.910900369687450
34 3.500450727212144
34 5.416907748404187
34 5.424854433650496
34 4.418949950253562
34 2.950366624021413
34 6.102526673536336
34 7.080806083661899
34 3.597664762778439
34 3.152713254758641
34 4.361252537620668
34 2.629617603970915
34 4.396164354188740
34 3.884538712062601
34 2.646394975085267
34 3.395259520538528
34 5.049886930529514
34 4.175495862499742
34 3.167534681391408
34 5.974155012889392
34 5.034322710479362
40 6.947798549569207
40 8.675362354961825
40 6.685611450099431
40 11.431525124408328
40 7.755797665388384
40 5.112086272688252
40 11.707669767174872
40 7.921182877197761
40 6.854594533237906
40 6.350713897186488
40 5.819009288770811
40 7.218338396161160
40 11.608894499304096
40 6.443376849027513
40 9.419755847175738
40 8.067412396639707
40 12.172475230347189
40 7.960828706224889
40 6.503106013481657
40 4.379134008483868
40 8.428051276721193
40 4.528338682155477
40 13.386822808486260
40 8.631137514089456
40 6.420227784228177
40 13.751068890070345
40 5.394806078788831
40 7.632328862710109
40 6.502938956400618
40 4.505637174726903
40 6.979103191468342
40 7.618736599918408
40 7.000281001365844
40 7.454983196175784
40 5.900289427140960
40 11.140799187549483
40 7.731584362320456
40 5.589696587302640
40 8.434067923060599
40 7.323034265547937
40 17.079553979593694
40 10.486908881260772
40 8.903595129969577
40 7.052515237390899
40 8.868900919383448
40 11.327370293242190
40 6.382427162637105
40 5.622561069233772
40 7.335956923297891
40 6.660665667013296
40 9.309500856621947
40 5.176568720247953
40 6.837963648560920
40 8.398405085668880
40 8.688357440492364
40 7.925912459805669
40 10.345622021862724
40 5.471959189163205
40 9.062434812081065
40 9.348070947247594
40 8.024954683313723
40 10.361756782871675
40 6.468237503701804
40 4.651370237600139
40 10.167406961787650
40 5.423836665500337
40 5.850619996000795
40 5.397159210153325
40 10.613626127701739
40 4.397722978772423
40 12.024610058737258
40 5.692307060373871
40 10.244339784554661
40 8.057755324263166
40 4.727067908419960
40 10.422377662922441
40 6.551294415369161
40 8.137395828587408
40 6.850781503361079
40 10.811512879340931
40 6.564751351168340
40 6.707521835278074
40 10.378197568134173
40 8.120707999006511
40 7.900854309871978
40 10.891509310507164
40 8.578398710105217
40 9.659207658006514
40 12.427404954066443
40 6.984601015488476
40 10.844716285655966
40 3.538845954814132
40 7.612899676635873
40 8.158617714535627
40 9.314692021537148
40 15.385774520383265
40 8.757118646867076
40 6.188174617936148
40 6.644638751475000
40 12.169933698754548
40 6.663730306946404
40 10.294978312391279
40 4.850076383990743
40 5.570455288567216
40 8.615440712497945
40 11.887906164769209
40 11.252383018911059
40 10.601044957429608
40 9.051803143003102
40 7.064698068903526
40 6.155450959815417
40 5.738583783368391
40 8.731116265142388
40 7.244829897005038
40 5.999205438352126
40 5.133396981836807
40 8.925992756722419
40 8.706144152480389
40 5.639738081345746
40 8.192995498795810
40 8.834385987752027
40 8.081224719745977
40 6.123282937278088
40 7.411882402914678
40 5.627214644458498
40 7.984011337387081
40 8.838411930870357
40 10.610467885169768
40 6.944394189401472
40 6.116734793337031
40 5.050565634427382
40 8.773532986700694
40 5.440682478797923
40 8.118569110305648
40 8.342367173971409
40 10.146226725953523
40 5.740523462170344
40 8.798220848250997
40 8.540051467527137
40 4.547147078680956
40 6.881688574976723
40 4.445722914645144
40 11.815986635271889
40 10.133117710234028
40 11.175856894621873
40 4.843163222216669
40 4.248274847935027
40 6.788377598843951
40 7.905053603602690
40 8.237033572174614
40 6.002335291320575
40 7.900158692627729
40 7.377445850143637
40 5.744752632590991
40 6.312132060768599
40 9.810291368565158
40 11.191914913952623
40 8.883901458601185
40 6.592794843383192
40 14.072833018658113
40 12.491244004453891
40 9.950399056585677
40 9.156240329717114
40 4.923937431875036
40 6.284983049924961
40 5.555769346113212
40 7.868819554833971
40 4.700816718083420
40 11.505609449663929
40 7.037957032691361
40 7.231598551202465
40 6.423004366594087
40 9.536870591435893
40 11.985331414255697
40 15.208048403149348
40 7.345652401862866
40 7.747564919866379
40 12.764589046646220
40 11.373698450106907
40 6.627416437701202
40 7.573146555482738
40 7.236779448972220
40 11.170599752273063
40 5.947753607003835
40 14.293156259022290
40 5.314812267782091
40 8.267590274824949
40 5.194241713524187
40 11.315464005309467
40 4.934249493970778
40 10.222168395619075
40 9.259409287496913
40 6.921550421215409
40 4.739606345813881
40 5.093702995861214
40 3.969234027369433
40 4.566441045316681
40 12.026969760354737
40 9.442519647053894
40 6.079566927069282
40 4.906513400800200
40 4.774186720494082
40 6.993576405273743
40 13.892532815808158
40 7.016256100632850
40 4.538165772363486
40 11.162948595479518
40 6.754512695817718
40 8.910759457420001
40 6.864359425253902
40 4.805174959769914
40 12.218496566963566
40 10.129661381970081
40 10.763851090916880
40 7.699179785010873
40 11.463682707424109
40 7.340596617026165
40 6.950215825937051
40 10.082793738148110
40 10.036937710952055
40 7.321055018749608
40 5.471846001167802
40 7.476161523263256
40 5.420215430198435
40 15.757038049910790
40 16.825711518992218
40 7.487699140866226
40 9.405337745381635
40 5.899123041194706
40 7.162937960274558
40 4.605550760497183
40 6.107842135900797
40 10.883634083337492
40 10.472830681770850
40 14.831797077740154
40 7.751928323327983
40 7.254886456801870
40 11.904160236776526
40 7.411709024423068
40 4.276008473217686
40 6.633670464479760
40 5.537880034967337
40 7.116657904067367
40 9.598192682186378
40 4.417953353501035
40 9.939680308723078
40 6.464805762979461
40 5.319502392144014
40 9.595746853689045
40 6.634330963748075
40 5.427635522364874
40 5.515882911023086
40 6.739897638363058
40 5.743809001283037
40 8.042273164630597
40 13.674292909015982
40 7.774744756138042
40 11.341100040509538
40 6.477681863959150
40 8.034130334403807
40 8.188876368433188
40 5.348271329261167
40 10.630720407523397
40 7.272089573817798
40 9.882428592743937
40 8.641340881206595
40 5.917113580802684
40 7.848877986895123
40 5.491527363662016
40 5.421139912721577
40 6.195569570641148
40 7.026777915705706
40 11.530246670827786
40 5.633403596557224
40 7.248648687085918
40 5.589344017728388
40 10.845892525158252
40 5.101097685770960
40 12.626761871282381
40 7.223041404008258
40 4.588891174590552
40 9.816801516537346
40 3.888617828355673
40 9.471687643567167
40 8.438399663016869
40 7.278980457303338
40 7.148480220251864
40 11.297358579112041
40 7.898579458591872
40 4.165301603375045
40 9.366640375958960
40 4.879820701760469
40 7.750428869150126
40 8.585307996061697
40 7.404932203430102
40 6.084193765322478
40 5.623797396832538
40 11.905286971231281
40 8.044968938901750
40 11.439103403646405
40 5.824860925261900
40 7.197348494107848
40 4.706406780601860
40 9.050951290059677
40 6.215693400960889
40 9.725072139474774
40 14.032846457619486
40 7.923524711238696
40 14.785219146413215
40 12.400576968309691
40 10.393637835868523
40 7.094908575901384
40 10.038671111258767
40 6.814987031370053
40 3.604167591850918
40 4.956670682836188
40 6.582423231482414
40 3.414986136759515
40 5.548094165986363
40 13.696450950913807
40 10.084250864714798
40 5.969407642410569
40 7.649857919623701
40 9.687363655951712
40 12.099287596164526
40 11.831139393538692
40 12.861927578784240
40 5.788430635080266
40 6.085590860953428
40 9.071874198715916
40 9.770193334480716
40 8.548221309229021
40 8.093626575447180
40 5.564281366763778
40 6.391770030289378
40 7.823814803828457
40 7.169540571841145
40 8.317942554129337
40 9.139559869014098
40 4.716498870475384
40 10.755271238989810
40 3.976432426765784
40 5.572469368596396
40 9.904903109562781
40 11.788245516512946
40 9.107260234390827
40 8.986506924346179
40 7.304882828551596
40 12.509986774825368
40 9.753709977855159
40 8.441767346428504
40 4.820639722628286
40 11.511180553167124
40 15.887066924987577
40 5.105080471190387
40 5.567969015050261
40 5.114528816253083
40 7.890725335386268
40 10.767814690489061
40 9.220009967271926
40 8.208148371244434
40 6.367656053993029
40 6.420613064467233
40 4.751132100753140
40 10.447588893147666
40 8.400060331825099
40 15.189671923669891
40 4.989822017492731
40 14.762420231932319
40 12.835742131483784
40 8.779837878214421
40 7.076023513888672
40 9.270192080583314
40 6.166934417369292
40 4.247966757025644
40 7.031271665771332
40 7.506241820377006
40 6.162446984712373
40 6.311288525380459
40 6.396774584514819
40 10.057122369588740
40 10.016176639629613
40 6.061354137729658
40 5.972270310722596
40 6.406717193488095
40 5.497702222147241
40 6.525957497703001
40 7.335179940189981
40 5.436369832746314
40 6.133895889981780
40 7.378539459343338
40 10.464883208810541
40 7.337401054821196
40 14.516183923475223
40 15.655093758210571
40 6.020010933202055
40 9.802710238677735
40 6.128108187200390
40 9.046251250451492
40 7.082805962038314
40 7.497413792019444
40 12.538030626183920
40 6.960378497146008
40 10.036299028816945
40 7.543723865901756
40 4.756943978604987
40 3.866568769688117
40 12.704104184971344
40 8.675157752765255
40 6.862879938925592
40 11.394513100868366
40 6.728731196604077
40 6.287681707516580
40 8.311554925884739
40 7.436176397139011
40 8.572469768637108
40 7.302214327689512
40 7.925037320396267
40 6.911766045930466
40 6.311411120426357
40 14.345171785123778
40 9.895409719010583
40 7.734765120403735
40 4.571866872998100
40 6.990520748385345
40 15.018743767257881
40 7.061321484491454
40 9.766757564280470
40 4.614496063642285
40 5.296261583793356
40 9.926367579512437
40 4.680399076259447
40 12.707516353888675
40 8.527317417795251
40 12.793084451452112
40 8.335690596351052
40 9.158528918489285
40 4.761862824505995
40 8.263333119226003
40 6.902375619756064
40 14.235262328466105
40 10.955564020939397
40 9.595128760264657
40 8.418114108702648
40 6.572359525731530
40 10.421489051999602
40 9.099951270718053
40 7.955219081858288
40 4.556381570653130
40 15.371909710817018
40 7.446582447496715
40 13.635384625554344
40 6.951210250819864
40 9.165123370207485
40 6.070640610679860
40 6.810447981227721
40 5.673118747963796
40 4.565971123354855
40 9.071867553613830
40 6.407373638788883
40 5.925749316777059
40 11.404441268693184
40 17.146609526615670
40 3.999773488362909
40 7.454751841339059
40 7.733816339251724
40 9.476097731002318
40 7.885563037647014
40 4.976654491162422
40 6.734085983088409
40 8.639520461929699
40 7.829202430331936
40 4.750363070732853
40 8.084337765743596
40 8.817064494685544
40 8.987321356542235
40 8.003717753492028
40 6.502920157669969
40 5.349400579930597
40 8.012441134648638
40 10.006649260429850
40 8.816495712725613
40 5.090843221689703
40 10.296732667934634
40 8.599093238742643
40 11.950585409191362
40 7.668166852939648
40 18.207427562326849
40 11.270896843366886
40 11.161496912369643
40 6.425600752225131
40 6.641295180702683
40 5.833400783549610
40 6.863148008719438
40 8.625922595090310
40 7.663099208405803
40 7.993181815687118
40 10.285448368957793
40 6.533522720315649
40 9.201954301822870
46 13.601603241514038
46 10.852639790646602
46 8.371914817483047
46 7.275153380649341
46 20.073035234713828
46 13.359374911058595
46 9.243575190970731
46 18.219436441021344
46 10.697905618251990
46 11.955332879765521
46 19.171693792709277
46 14.744555593427769
46 19.895888665047472
46 11.958157964299673
46 12.600077115028277
46 14.130468755183713
46 16.990536468914801
46 17.589549688911937
46 19.275952967353827
46 11.824771613395434
46 20.067321008029847
46 25.835739331514223
46 20.158105425474325
46 18.750544989913177
46 15.884601488911965
46 22.783720093451073
46 11.704549162411533
46 17.883681490004399
46 18.700779196288277
46 21.701740448594926
46 21.120652315078178
46 13.662729029861071
46 12.626428860871414
46 22.727035717533369
46 13.496066102000260
46 14.241487021425236
46 22.134698205583422
46 25.796870117741168
46 11.038247480844174
46 20.837618888497843
46 15.511152876768554
46 22.232924458867014
46 19.139357799505383
46 8.987646028992428
46 12.025644198755085
46 21.513132042456487
46 10.298015041802591
46 16.290156122250558
46 16.692148803537833
46 14.058786209873080
46 14.418072938723743
46 18.540782746456934
46 13.629633330981262
46 13.590204451869553
46 10.930998442845082
46 12.306274089266019
46 15.959111197854527
46 14.301507668329981
46 12.856690507582071
46 16.462742291897918
46 16.878260711879957
46 19.176968223057276
46 8.513166472084741
46 13.459660902181589
46 25.066365717592738
46 15.127025061845920
46 9.814149374618973
46 14.060661682234926
46 20.198853916928890
46 16.896013712789426
46 9.678982322694283
46 13.551621792491865
46 13.320586390588232
46 9.386253371091083
46 11.592062749723167
46 13.685598212141901
46 9.963568503413740
46 12.978336389088224
46 13.126820982610433
46 11.886796461490114
46 12.167414658929143
46 14.671125823450101
46 15.627498566621444
46 15.282099636123807
46 12.483867817511292
46 7.973267616564318
46 9.645572633875531
46 12.311930459354894
46 13.976082029812543
46 16.638825336142446
46 25.085777814238995
46 24.935681365862163
46 8.965781669266324
46 17.181838119715813
46 13.482822077226743
46 9.957296704378681
46 10.893587530899580
46 11.666189854988662
46 12.451053146170132
46 10.913778486799604
46 9.811028363515774
46 16.512067376939278
46 20.524751708180105
46 9.260328884189802
46 9.867592450801238
46 14.834562504421234
46 12.174836043675381
46 21.380290934584707
46 12.073532430072795
46 10.920193302322396
46 14.508004630208168
46 8.958558224663367
46 22.260252055748531
46 12.043679745385642
46 5.602380337421189
46 13.183886781184516
46 14.962345971248777
46 11.699024914970071
46 20.418128823401013
46 23.961125337766273
46 18.279448093571727
46 16.787650207064097
46 13.193161937969803
46 11.203584987360168
46 11.195012718783239
46 7.718380568863970
46 24.122444911440574
46 14.337735766560133
46 11.618369411738744
46 10.484185072243822
46 12.204533603407949
46 9.514008978049855
46 12.433094783177163
46 16.142798714658110
46 16.298511833316688
46 9.480306629402754
46 19.934578210537005
46 10.844875566983292
46 12.914954333752444
46 9.969347735670334
46 12.815861116471453
46 8.452571150779118
46 18.377466124852013
46 10.207771000946956
46 15.174085159753208
46 11.782200488904646
46 12.621111248829310
46 12.541085695989480
46 10.050738385996842
46 14.709157719204846
46 19.428955567801925
46 16.885445992578440
46 9.062271536720580
46 16.316516018259314
46 11.704211073670862
46 13.242803976284311
46 11.356409037535020
46 9.208841932110200
46 14.583311672945978
46 23.798494013293286
46 23.582110566162818
46 18.895246642844455
46 15.613890013996151
46 8.442606764866451
46 14.215885883559999
46 23.046454126764310
46 20.198264567497496
46 16.210676685675722
46 17.211104887835113
46 25.274745006087386
46 14.713553566302647
46 27.076633530466388
46 14.494192665716309
46 14.834338513725253
46 14.609055817938678
46 20.982463417323867
46 15.522358909695097
46 13.603582370715479
46 19.936031653925738
46 11.512516711708464
46 9.932669445396524
46 14.960522841449134
46 24.847022573388195
46 15.825754216627493
46 9.313271618297176
46 17.775873980060460
46 11.067385295196887
46 15.952555308122550
46 25.143408226955746
46 23.022816452424653
46 12.425055632534661
46 18.815318921721548
46 10.619697842488886
46 9.420934450798153
46 13.728519501988231
46 11.279610555992120
46 10.930128944782890
46 25.763384856040986
46 11.923432793458510
46 12.436371236724291
46 15.981864754277872
46 20.778923430000997
46 19.810128815984157
46 23.945929120482933
46 20.928286522265338
46 13.572756352405449
46 7.874582359751123
46 9.996073360369962
46 19.274962144612459
46 12.699604144831358
46 10.419820722915155
46 9.286145720253451
46 13.075248365630625
46 16.096229602903090
46 13.938326158479036
46 8.932326913774961
46 22.184828032119785
46 20.316531149450711
46 11.177091056561713
46 13.224829384194457
46 28.543491542419929
46 18.627085854217778
46 13.472931310617426
46 13.661580175727334
46 15.438124571965108
46 15.976107152812231
46 12.357583758141123
46 13.452450476633013
46 25.906796745048382
46 23.503020070917017
46 13.976450871139892
46 7.239143600759707
46 14.440997638697564
46 9.429989965793016
46 16.615989562463128
46 17.646080064289958
46 11.825639651382128
46 15.866918486215901
46 20.324634257841321
46 12.740916634467911
46 19.223401244130450
46 13.866868721629235
46 20.169790266013770
46 16.394326595323545
46 19.133063231648919
46 14.536378790554311
46 8.540942701438775
46 24.053663190810802
46 17.101493036811448
46 12.532828267470389
46 8.954044153547247
46 12.007591972264093
46 10.490217677653359
46 22.544786993586722
46 13.734851724999761
46 16.162255798983786
46 7.606342474693114
46 12.633449495080855
46 17.405344689886185
46 26.696135485109476
46 20.851756253036847
46 7.264131768195679
46 13.376253048328721
46 18.938906517074660
46 21.227312777923906
46 11.136241917301344
46 7.438768292882695
46 14.531581839176480
46 7.865846475684724
46 12.774525665588239
46 10.482314614503604
46 11.846051090938719
46 17.330285527517383
46 16.043790178336593
46 13.015021937067964
46 14.772935480962321
46 12.385111764857587
46 12.568767150125783
46 13.195347714657823
46 10.439747751527367
46 10.979636102415594
46 8.174778203809748
46 7.927584899163380
46 15.643823555280008
46 26.058614370928808
46 13.601546888884911
46 20.372638375478580
46 17.037354441770233
46 16.977211131871321
46 20.571132403696645
46 14.974451823427970
46 19.321699207687146
46 13.778635101483967
46 24.942210628235514
46 11.039591030018954
46 12.596667358539387
46 10.827825937932330
46 13.825810745536138
46 15.355553754753711
46 15.768641525242749
46 21.623510843041323
46 13.880667485729312
46 19.207288662602572
46 16.342535171357280
46 16.243030577621337
46 24.772297480721786
46 8.462470672367113
46 9.562555223835126
46 19.238544269354886
46 11.564045927631769
46 14.539852911861674
46 14.903734245874684
46 11.222555755533680
46 9.392825516091893
46 9.315604186723839
46 12.397822906575794
46 10.005717903579871
46 14.983531930360929
46 17.537241683000783
46 12.369290211965808
46 10.570743365189418
46 8.101020123596314
46 13.775582338631574
46 17.531047728059221
46 22.590939657099153
46 15.724318046557620
46 13.827844342635505
46 13.648659077818424
46 13.738637939918792
46 16.001648148735569
46 8.586658196509212
46 20.704883168599721
46 21.555144084669291
46 17.207953062677895
46 19.237490439054142
46 13.192187085329003
46 22.562319555459350
46 24.682845915611576
46 12.951239057149936
46 17.029229425495107
46 9.339656328919112
46 21.211208800382853
46 9.407383851113526
46 23.187285913508990
46 9.767250503357314
46 19.274815002021047
46 10.395482379601329
46 12.486296463346818
46 15.999305069108075
46 16.095725314117281
46 14.900282294632975
46 8.858419929285976
46 17.884823065757256
46 10.882062353478872
46 19.530162549624279
46 12.066495206723621
46 13.379025791521482
46 8.655165184689839
46 9.246178784157607
46 21.250673317818539
46 19.047331645637460
46 14.001197210487618
46 16.034043708104569
46 22.643558885953759
46 25.382133432045769
46 21.365094047459486
46 20.968147164740316
46 6.253918693855703
46 23.140803216941549
46 12.518205002222562
46 18.515861634766882
46 16.922527785771084
46 9.230552018994240
46 11.561221232956214
46 15.045773588525361
46 18.247724591618564
46 14.599603880856744
46 15.860734099352937
46 8.864922184791411
46 7.744689185894040
46 12.020840148536402
46 16.280929913603472
46 10.588243539653313
46 14.861231746094193
46 16.342799545530763
46 10.384550617260935
46 9.789938608662585
46 10.553494196927790
46 15.064544963751604
46 19.536491830762824
46 12.564179642232917
46 9.755652543377302
46 11.676502071519991
46 11.677118086810166
46 16.943141413126668
46 18.677057743385554
46 20.231275428322860
46 8.211593169277389
46 10.600358992387132
46 9.199591110214175
46 20.509103730472699
46 19.928706904191998
46 24.955662406427038
46 14.438223169139782
46 11.258585471354372
46 13.977785029781653
46 20.914845069253268
46 13.107269390081541
46 11.911530140040039
46 16.562123856176875
46 11.751044599126310
46 11.472177400203218
46 11.169360171516704
46 12.495659730443451
46 21.445408581826261
46 13.746593102011065
46 9.919060872583417
46 15.429635704256022
46 7.515364320915809
46 12.698753230069780
46 12.838954273207053
46 17.044251846985127
46 14.934936085324981
46 18.407193975158780
46 15.966370837153654
46 16.164263962648533
46 12.519254581261348
46 8.871010813070290
46 10.632228723706334
46 23.443767796152674
46 11.846833077491937
46 17.180297119628964
46 15.873437009409876
46 12.477637191639475
46 27.282110314616968
46 11.106122793851725
46 11.085887366043522
46 18.861122981124616
46 9.602134975084956
46 10.862849733201877
46 20.190226048493468
46 15.536574889499608
46 13.266800343886800
46 11.291279307611383
46 13.051479984830507
46 19.234472549862559
46 9.115260858387522
46 17.142091047133675
46 16.453409785231191
46 16.422019048884096
46 17.120049691958762
46 11.541864839254012
46 22.078449593450156
46 11.947035055742631
46 13.558781243137929
46 10.152731053658165
46 13.530493323456110
46 17.818741815195896
46 16.228651034383176
46 12.655214884871231
46 12.279169572169650
46 24.886471492921750
46 12.658424646902809
46 16.437304306705489
46 10.940404641559073
46 10.874969443206586
46 11.692970122245121
46 11.067975290548905
46 14.670240553435995
46 13.171382120205386
46 15.301625995833216
46 12.628456540273863
46 26.166755374787670
46 23.744669570445772
46 9.338351941912245
46 18.618962267053494
46 20.377408646455414
46 7.812901428458055
46 16.180516551404047
46 12.381792831417691
46 9.019830712439845
46 16.165812107286680
46 13.592197136598859
46 17.837267010573644
46 12.560091140135707
46 15.693541324550544
46 11.453552526930945
46 8.923954578716739
46 21.299935079918086
46 18.622295828757125
46 11.389331083186274
46 14.255522737690416
46 23.542387638799255
46 14.400776571775820
46 12.134618611537107
46 13.079998813785309
46 24.769415062201183
46 13.444174318314019
46 21.124854331332724
46 11.777711825847568
