10 0.024176660946713
10 0.027478474663927
10 0.040797991512142
10 0.043438971385227
10 0.017309158908955
10 0.033649241906567
10 0.015186902773816
10 0.023268167333730
10 0.021111911553944
10 0.021878363857609
10 0.029603573458387
10 0.033701117536789
10 0.029151461590281
10 0.019061727812921
10 0.023623593536783
10 0.017018319212136
10 0.014124158380515
10 0.046176060383726
10 0.025519177590890
10 0.021144168638054
10 0.025690249610323
10 0.024301576321246
10 0.024306100186939
10 0.027146100246081
10 0.017133313905562
10 0.018882651662677
10 0.025073827403416
10 0.021763653309355
10 0.018624466163312
10 0.031986497225593
10 0.020083715027443
10 0.021096268216642
10 0.031535255688660
10 0.027998473209794
10 0.020803578142633
10 0.041097204612073
10 0.020893616920463
10 0.035109414853550
10 0.019037651035736
10 0.022374163534811
10 0.032632448806162
10 0.041284405897485
10 0.016556959020708
10 0.030261192319696
10 0.018053772796920
10 0.029601401251559
10 0.051093398552859
10 0.023531637651410
10 0.017478778735150
10 0.025605143837693
10 0.022991734678513
10 0.057130874741470
10 0.021135956820589
10 0.033244852947870
10 0.031117617342484
10 0.020635311407244
10 0.042439179517262
10 0.017215811531955
10 0.018879894715103
10 0.031147049402300
10 0.014777664251278
10 0.017104330457427
10 0.027547044658492
10 0.029232669230561
10 0.031168833888718
10 0.036766413849932
10 0.026172733520310
10 0.042911100696639
10 0.042314243452292
10 0.027519234081868
10 0.014849875834975
10 0.020797733440786
10 0.022259973408587
10 0.028827220895930
10 0.021837606484885
10 0.036589351599405
10 0.026291706545918
10 0.037298246578706
10 0.014429811604558
10 0.029846723856729
10 0.028096468198845
10 0.026801890300570
10 0.018956633532219
10 0.047329573273895
10 0.035552982174575
10 0.035364723890989
10 0.018548001459338
10 0.023887150465863
10 0.022103665734675
10 0.030602654137036
10 0.016436881859333
10 0.022023196928496
10 0.013815711673714
10 0.029663942917585
10 0.079363751459274
10 0.017532094067459
10 0.015100710712740
10 0.028113064872760
10 0.019701222644581
10 0.023334275950652
10 0.015196916548929
10 0.020712564226463
10 0.040665630868081
10 0.028440380591631
10 0.023358015672178
10 0.022609983224639
10 0.011657209637717
10 0.031908706109373
10 0.030076108052864
10 0.028341434075777
10 0.027974260385464
10 0.012123501591751
10 0.011940301985317
10 0.029221890397856
10 0.013613423129749
10 0.018893443578399
10 0.054428538304726
10 0.035799883678718
10 0.016267587541268
10 0.021177906083887
10 0.021434153226282
10 0.028776860636527
10 0.034935203234888
10 0.025164152789080
10 0.036752373403149
10 0.027054504737013
10 0.041046981455783
10 0.021872416886216
10 0.027225609386799
10 0.034956250198770
10 0.021787344531675
10 0.029646858186109
10 0.029728694632841
10 0.021838747776136
10 0.015646984200206
10 0.040373686594907
10 0.031349169594837
10 0.013206789683935
10 0.043543305785719
10 0.020909319224235
10 0.022112403019231
10 0.028376528532319
10 0.024139458320907
10 0.027594361773588
10 0.034932706093473
10 0.026130789665481
10 0.017607225550627
10 0.041460551927636
10 0.034734226292478
10 0.022585298428930
10 0.052231108206098
10 0.040964331722567
10 0.048972205197848
10 0.011648189342451
10 0.021408794877903
10 0.044531933784769
10 0.053582573149941
10 0.016858772763742
10 0.042112975453231
10 0.017884436855644
10 0.038888007532277
10 0.027684822615162
10 0.019632655115278
10 0.041680016478591
10 0.026385148988460
10 0.027541906357773
10 0.039306598571227
10 0.016479365527715
10 0.030596242358047
10 0.024968620311459
10 0.041818650811342
10 0.030363598258950
10 0.033091470168324
10 0.039178410489300
10 0.023726606872915
10 0.035681652775849
10 0.027604994873169
10 0.032480310502099
10 0.038391013189310
10 0.031466784200506
10 0.050930330149167
10 0.020791476558656
10 0.023092554881295
10 0.032186605216332
10 0.050578249271041
10 0.028935562894840
10 0.030322438971316
10 0.048786275994187
10 0.043734961981600
10 0.033122012917904
10 0.014136684109778
10 0.030230012865659
10 0.044077782045732
10 0.020286903376867
10 0.011714500116918
10 0.033195122603453
10 0.018486438646625
10 0.044940773794583
10 0.024971562063773
10 0.019916148600931
10 0.027913698380452
10 0.049014745804688
10 0.030582095552326
10 0.044614769287457
10 0.040842126733228
10 0.023652055854580
10 0.026280035202774
10 0.024130786155809
10 0.041783122953254
10 0.032949827710719
10 0.021190799648058
10 0.031108407295621
10 0.045782655617653
10 0.013721844910801
10 0.028229993497875
10 0.023068313075786
10 0.014667553322555
10 0.029304397319768
10 0.025247090078596
10 0.024545053363555
10 0.018798847672740
10 0.025780436082133
10 0.027244076853357
10 0.023688775870066
10 0.023537924810741
10 0.014330356598065
10 0.027780635149335
10 0.028895901415501
10 0.015993739320999
10 0.029943435759979
10 0.029653436404384
10 0.036461174289765
10 0.046616570182210
10 0.054733404169709
10 0.020379254583857
10 0.038598588752123
10 0.040354288486188
10 0.034188316204498
10 0.026580959505458
10 0.020423185779544
10 0.018155957801072
10 0.019331219007325
10 0.023741586071407
10 0.022497340762265
10 0.014597373940610
10 0.026135680551304
10 0.035604778008097
10 0.027642333694927
10 0.039189857135355
10 0.030039507061548
10 0.022412070425219
10 0.015706769068173
10 0.033754460995396
10 0.031329967547834
10 0.027185109652317
10 0.043484600406465
10 0.041290574329026
10 0.023045072168437
10 0.047069214893598
10 0.017835595639327
10 0.022400681604464
10 0.021772948749667
10 0.026284468124798
10 0.022882219707490
10 0.037337726918187
10 0.035518725098255
10 0.022637301311307
10 0.023226237027528
10 0.026258728027434
10 0.023417629476072
10 0.026111689716677
10 0.031155446606608
10 0.028238869925861
10 0.027202144672326
10 0.018903623078563
10 0.030465270390161
10 0.024836891085268
10 0.019128999387717
10 0.021237525513849
10 0.034625326059345
10 0.026426988270093
10 0.023227741935214
10 0.024431633042522
10 0.013668263395387
10 0.026785592664135
10 0.024240198804323
10 0.049516325386043
10 0.027106521660905
10 0.020130492053808
10 0.027076578182400
10 0.027910454881086
10 0.023185956995265
10 0.035728103004456
10 0.034664129592161
10 0.023575237714751
10 0.026064197923434
10 0.016263671245449
10 0.032207354494924
10 0.042686864237266
10 0.012905611031151
10 0.032138729207542
10 0.025067071060225
10 0.029644317518689
10 0.032116539486419
10 0.020500524633850
10 0.035818947312789
10 0.034770297795216
10 0.025108084265521
10 0.029754741441851
10 0.014872272512582
10 0.042529559675079
10 0.030680512594679
10 0.029289913314310
10 0.028467628150069
10 0.024240972182549
10 0.041844150901142
10 0.017982601769814
10 0.034410072351234
10 0.017701541858048
10 0.023380663367462
10 0.033233692309392
10 0.027615822567070
10 0.019957719719756
10 0.020550692457792
10 0.021916330451471
10 0.026285224891689
10 0.032647528283638
10 0.044145783594101
10 0.024368928923411
10 0.020724349938037
10 0.026684372312132
10 0.016225251411090
10 0.030384648883777
10 0.013399472731776
10 0.020549258263688
10 0.018550405130855
10 0.015353061078896
10 0.024673526702585
10 0.021763222384656
10 0.015325431822536
10 0.030602166512116
10 0.029102041032534
10 0.039006080938945
10 0.022313586650341
10 0.037085755038961
10 0.014430350817892
10 0.038937704161604
10 0.024053398072996
10 0.031150764094844
10 0.030123097176790
10 0.019769805861009
10 0.034703765189176
10 0.024319107316165
10 0.042856468548058
10 0.026134507131148
10 0.026185166475762
10 0.033693292482250
10 0.042051023829526
10 0.036407189806380
10 0.032055316381631
10 0.048746805129248
10 0.032760541351317
10 0.027014718250591
10 0.023205670931846
10 0.016331673102076
10 0.037916113107749
10 0.025637970172051
10 0.019286077846278
10 0.039342729129730
10 0.027260390968077
10 0.026410992150881
10 0.046748945709687
10 0.015589762482887
10 0.022891828353919
10 0.020254816073878
10 0.029767649190199
10 0.035251683199042
10 0.031957285097035
10 0.034135414455273
10 0.020946273189502
10 0.026068377913638
10 0.027522687313205
10 0.029981465283488
10 0.025621509314586
10 0.031585624397470
10 0.026009309845094
10 0.026536676827046
10 0.015201088177677
10 0.022392837802041
10 0.042235311204756
10 0.026205516704366
10 0.022018704601605
10 0.030839124663890
10 0.024778598154287
10 0.022659802455009
10 0.030602986771126
10 0.043535905060934
10 0.018648988893356
10 0.021084365617312
10 0.038404584241119
10 0.029102198005619
10 0.029328259713109
10 0.040896820542707
10 0.017759148420585
10 0.024654327088329
10 0.026673306590551
10 0.021032007515096
10 0.020313455923190
10 0.026914204112664
10 0.051213285517173
10 0.037845616854835
10 0.024406316035046
10 0.023131223032423
10 0.020754576509276
10 0.024722744390773
10 0.018759755766947
10 0.025202181820882
10 0.037096757263979
10 0.033167261959871
10 0.026120939880618
10 0.029290905012593
10 0.014144149448484
10 0.029761277858784
10 0.033018009267444
10 0.020459839360649
10 0.023773609180881
10 0.021070443651315
10 0.024516895132990
10 0.019630343867076
10 0.025503968255497
10 0.022000720740783
10 0.037637118001209
10 0.024370839015889
10 0.034868240773260
10 0.022144407892769
10 0.030409391999519
10 0.041267514254130
10 0.011467901363315
10 0.023622564756634
10 0.040871068681659
10 0.025116840350430
10 0.024498905594127
10 0.021143347273869
10 0.035404860932614
10 0.028897956758282
10 0.019005120164797
10 0.031253784914449
10 0.052353095930970
10 0.022124978443393
10 0.026182466184444
10 0.017922981852058
10 0.029251537465922
10 0.043926921758968
10 0.025959292005859
10 0.015433387224606
10 0.018693947939603
10 0.037721790655209
10 0.023310993621940
10 0.035211821335863
10 0.042915140473795
10 0.031178530229970
10 0.018736020242458
10 0.049257441772039
10 0.036967162081866
10 0.025455298455435
10 0.041084718416413
10 0.030017039547106
10 0.032930975024720
10 0.020975644427173
10 0.020776154278352
10 0.013981603010156
10 0.023886049816964
10 0.029908003155496
10 0.019788962421696
10 0.037740661588008
10 0.023275171591828
10 0.024967592907097
10 0.020134133116829
10 0.019028540769787
10 0.023888822075320
10 0.024395059295365
10 0.037177936826086
10 0.033613237863334
10 0.057549475775563
10 0.023772524709315
10 0.016648336286844
10 0.036955772810823
10 0.059060743093337
10 0.026813195671949
10 0.018912219412703
10 0.019424702170602
10 0.033064046108799
10 0.014755408870206
10 0.020233265538489
10 0.026737679949964
10 0.042237839063016
10 0.024775615675125
10 0.044243734544603
10 0.021455246137567
10 0.041675268336550
16 0.129585294406362
16 0.278438855225589
16 0.241748876704967
16 0.110110427993268
16 0.234361596000426
16 0.130125411508721
16 0.105184980902000
16 0.145396130893465
16 0.090119514877661
16 0.109771108166083
16 0.152698317349954
16 0.122064245508168
16 0.087821339748002
16 0.190990944474922
16 0.193252624031593
16 0.301101828193788
16 0.235086228242504
16 0.195767187334504
16 0.290413304325392
16 0.161108525558263
16 0.152255917958756
16 0.231365841725720
16 0.109645121570469
16 0.184760878929681
16 0.105168274536520
16 0.180436293276082
16 0.121093676349210
16 0.111600474922299
16 0.267183018166572
16 0.128395493166383
16 0.132075045518998
16 0.112561777438675
16 0.177958049610022
16 0.193834164836889
16 0.137130235373304
16 0.162039842354562
16 0.158090860559954
16 0.238069311657220
16 0.213268460424411
16 0.233866722521745
16 0.113212115902697
16 0.171172837031691
16 0.171245964848570
16 0.129951593475463
16 0.173562154220774
16 0.069065487284828
16 0.152924011369647
16 0.135776876562806
16 0.180586647143832
16 0.223852209960737
16 0.156701912980155
16 0.183613228651466
16 0.132494949095495
16 0.144391632503017
16 0.283600989601474
16 0.106195485037173
16 0.213495392105554
16 0.117130707208623
16 0.215551506197516
16 0.120488419469893
16 0.106321523715879
16 0.140048398531142
16 0.338993538709564
16 0.228279887736991
16 0.146309338874721
16 0.154389024766086
16 0.148585647845463
16 0.203742351122344
16 0.184391247300709
16 0.148983579625510
16 0.130764971569167
16 0.124201106979647
16 0.099699529414284
16 0.139216107430844
16 0.177876533574193
16 0.178469776882960
16 0.143708486873924
16 0.089046465823675
16 0.254496077845321
16 0.252804365256256
16 0.247069950924456
16 0.166208115810874
16 0.127258462313483
16 0.341500704589205
16 0.204316408016126
16 0.207326748419510
16 0.120852117753860
16 0.247361208845974
16 0.163674223469401
16 0.190670354959154
16 0.182290177464637
16 0.156380415671568
16 0.171603400074212
16 0.149960074349694
16 0.198212553799290
16 0.131399506827510
16 0.104213855996054
16 0.123258385389302
16 0.174480710293756
16 0.153960724506741
16 0.154827029494780
16 0.227362675002496
16 0.220989878064585
16 0.089809466848097
16 0.120527294576406
16 0.160278897019039
16 0.348442243262051
16 0.103908362566459
16 0.145006861434132
16 0.120427560091197
16 0.317136133547539
16 0.169193291824699
16 0.107674126327734
16 0.208989530573922
16 0.163416717880128
16 0.101496669930397
16 0.322207391083528
16 0.153196980294566
16 0.297571561706144
16 0.134331393611698
16 0.196374698995372
16 0.209871233720657
16 0.343197297237017
16 0.123457564533432
16 0.147206088618466
16 0.168384438755650
16 0.106745469505984
16 0.211715076770927
16 0.215667581762629
16 0.122423585766912
16 0.205300521400505
16 0.141640413924693
16 0.374556574044056
16 0.225340284866909
16 0.208460515918250
16 0.219901041738798
16 0.216105618978383
16 0.225802657379703
16 0.215514316482521
16 0.109410807819426
16 0.141130232242693
16 0.111214631760074
16 0.203574493875493
16 0.268306456153843
16 0.134338676690320
16 0.243038934806325
16 0.214255859505375
16 0.152428847457448
16 0.124442167836527
16 0.302964064755243
16 0.196362745872354
16 0.120284300239129
16 0.252881111269968
16 0.245520680509860
16 0.170949850239407
16 0.286243452075461
16 0.145253411915754
16 0.160664918644067
16 0.145609115094162
16 0.149773677913889
16 0.210204255225286
16 0.097295647011559
16 0.297580509558959
16 0.158970261106404
16 0.109079107523499
16 0.175521254669093
16 0.231441154454583
16 0.106329319957068
16 0.182616916812124
16 0.143105928479566
16 0.212420171561587
16 0.187235368091348
16 0.194325642971845
16 0.183257118316888
16 0.272826707963880
16 0.274324522136698
16 0.103237666170955
16 0.162037793609711
16 0.096377538581167
16 0.156819395123908
16 0.233158891401192
16 0.187909752847197
16 0.128852171953562
16 0.091513757057961
16 0.250504778489053
16 0.126252308020689
16 0.174686076783749
16 0.159898014245085
16 0.103989188917882
16 0.123925791775891
16 0.133643878208603
16 0.208726235194445
16 0.169268124901639
16 0.172313331746495
16 0.145570253516072
16 0.207583548127262
16 0.215304219134840
16 0.100665171697440
16 0.148787045481489
16 0.168157994009459
16 0.154650044071748
16 0.105818979662718
16 0.384252792193749
16 0.095993688084886
16 0.187238528030197
16 0.157657438859484
16 0.128172277671764
16 0.158550316209730
16 0.153265090920516
16 0.127683186739167
16 0.168287182735211
16 0.141699123728288
16 0.129215185424301
16 0.194364688557706
16 0.188261443585596
16 0.315719168923600
16 0.120439969954245
16 0.283766726105310
16 0.147771803772833
16 0.191398666620980
16 0.165713416871117
16 0.256109753435933
16 0.221214155297613
16 0.109621964381056
16 0.277862802093530
16 0.127610214054818
16 0.214212076127921
16 0.228064725344706
16 0.115268015545009
16 0.157740967812589
16 0.374358099229703
16 0.217199745206634
16 0.228759547610915
16 0.247678445292258
16 0.292586794905171
16 0.191682251559553
16 0.287165777627458
16 0.242371543981020
16 0.164717734621608
16 0.106005127847941
16 0.189268743979967
16 0.285555161815632
16 0.160732904626587
16 0.165178966505476
16 0.198894786063485
16 0.403296142638656
16 0.228600843340228
16 0.123308508570010
16 0.189001275044149
16 0.135750012418035
16 0.112684987555215
16 0.097762007808483
16 0.206242470807892
16 0.229552107972427
16 0.179851445926182
16 0.184616418661447
16 0.095732117092798
16 0.205908915635820
16 0.136981205425946
16 0.214369236987204
16 0.246085890943954
16 0.226881857409200
16 0.165733896882933
16 0.186254782503364
16 0.150491601595879
16 0.111107636396450
16 0.072337935690688
16 0.166201698523761
16 0.130224342911615
16 0.099696997830969
16 0.276056866236326
16 0.124876540686784
16 0.230619757093685
16 0.331285377795585
16 0.284359494394568
16 0.116823107594283
16 0.224693677543316
16 0.289192639093984
16 0.152646301476202
16 0.264813144467612
16 0.322714684175883
16 0.229189781510624
16 0.285781569583557
16 0.181096395371332
16 0.259169129800819
16 0.163827211934300
16 0.106909045774223
16 0.119659565471274
16 0.164779149113665
16 0.194601330316916
16 0.349673190990885
16 0.114009284200441
16 0.191831701554551
16 0.205892859692332
16 0.126089455084050
16 0.171906075939175
16 0.279569210829062
16 0.242767936976127
16 0.137824669209813
16 0.096891607197462
16 0.231395342101431
16 0.270170456247588
16 0.193526689306641
16 0.120863891187047
16 0.138499907636235
16 0.086545998874597
16 0.281965490998260
16 0.090778241108674
16 0.121966582725469
16 0.174629769248057
16 0.146659954995955
16 0.125607228062941
16 0.145828090413165
16 0.129509424773884
16 0.256485448541107
16 0.196532529219163
16 0.170684439825188
16 0.269621812440425
16 0.145957127851118
16 0.120106045747582
16 0.108635310335386
16 0.103839092467882
16 0.141535297491576
16 0.257306868289207
16 0.145021202253420
16 0.493885819401004
16 0.141482741037330
16 0.145269083045831
16 0.102994270501172
16 0.151851307904569
16 0.190231956310126
16 0.106885817084943
16 0.135455164003878
16 0.150375597539771
16 0.126740151728860
16 0.201412704026884
16 0.159251948386799
16 0.124280861839684
16 0.180456275299793
16 0.255667864466185
16 0.150954634207848
16 0.115605528585022
16 0.369160092440270
16 0.140106697337597
16 0.203350406704418
16 0.151053847234089
16 0.359935497216547
16 0.223172762960467
16 0.278441151920543
16 0.169550342529471
16 0.258740924795199
16 0.148803370891939
16 0.167949681594062
16 0.209285715343340
16 0.125753274677556
16 0.137938155259848
16 0.256686376778623
16 0.166600447006571
16 0.193776886539810
16 0.153070672101245
16 0.167939246198571
16 0.181108005070094
16 0.129826546522793
16 0.129139764975855
16 0.199170954725356
16 0.095346763883704
16 0.181892913300094
16 0.284954402702861
16 0.116171385472644
16 0.183919387745858
16 0.090484423343497
16 0.247012713191801
16 0.173302869394747
16 0.249995102710807
16 0.095214386414572
16 0.272735000164494
16 0.169685983475397
16 0.200501456249798
16 0.243763590633571
16 0.152727830115556
16 0.222486313411246
16 0.149152987482550
16 0.196525422266348
16 0.144603141623279
16 0.133710887407760
16 0.148178146774430
16 0.174000958255843
16 0.242564217265100
16 0.157030124673339
16 0.123389658486229
16 0.297203491959603
16 0.109242423011469
16 0.266667201146900
16 0.141215134427345
16 0.105559979344461
16 0.124829771037097
16 0.071779746577160
16 0.159040924259979
16 0.237577490382442
16 0.245043923217735
16 0.117760170211258
16 0.159491570212120
16 0.132355566605599
16 0.192045235410491
16 0.221149051972155
16 0.184283597778824
16 0.157670999137865
16 0.178158348578588
16 0.259975484747349
16 0.160831649508912
16 0.160671368371082
16 0.119806448333791
16 0.117266012858446
16 0.175177623383188
16 0.167391699193255
16 0.189036520036119
16 0.106081882746522
16 0.172548613854775
16 0.222462674319764
16 0.226901887597678
16 0.154814815764210
16 0.210916548150971
16 0.291256784327448
16 0.103680121483250
16 0.215673352477898
16 0.194874938614514
16 0.141604429807468
16 0.123113522454732
16 0.234815959442072
16 0.211390283000653
16 0.246380352031054
16 0.189600469625993
16 0.232649850761013
16 0.191001007674343
16 0.346950482443816
16 0.241436969756573
16 0.106550141504016
16 0.232758211930493
16 0.228425522981384
16 0.190345146023980
16 0.147676886239508
16 0.090886068949052
16 0.313356176995269
16 0.180968295400654
16 0.157396269801140
16 0.315384655636587
16 0.251007184792993
16 0.208646434352491
16 0.208107140394071
16 0.144078842378768
16 0.211672613982047
16 0.391787158558401
16 0.137943289087609
16 0.241490285233234
16 0.090765431616072
16 0.199392960714932
16 0.153089091103009
16 0.200517864751299
16 0.222841544814120
16 0.170209579736620
16 0.200020931555045
16 0.183726667733493
16 0.143474706278948
16 0.132801496724302
16 0.247629699847559
16 0.188065668801521
16 0.120975128282113
16 0.137271018362687
16 0.128487270020337
16 0.316529194974519
16 0.151218584452839
16 0.131195212276323
16 0.153997635378035
16 0.111729880273407
16 0.125704661677172
16 0.205768557592214
16 0.210443188038121
16 0.178417293670488
16 0.138546278215479
16 0.178928530369932
16 0.195771757766570
16 0.262260454858983
16 0.181772542811575
16 0.143719102761737
16 0.178147539199509
16 0.256056310071325
16 0.256549865810012
16 0.158071255780919
16 0.192945249674129
16 0.106286045790180
16 0.097807616208759
16 0.122637209106696
16 0.276701389649268
16 0.251831236932323
16 0.150567020745070
16 0.160398630321035
16 0.126986125395883
16 0.147689536200045
16 0.330169088066692
16 0.182854585928653
22 0.661589512158475
22 0.985342559064922
22 0.483672362642722
22 1.185209843996454
22 1.151346528364178
22 0.600343902923783
22 0.466217574129533
22 0.599670966997453
22 0.726162282424191
22 1.010537339492050
22 0.732365465009855
22 1.619577091404303
22 0.610986740064841
22 0.446347066561156
22 0.536204193156460
22 0.586060563786976
22 0.878878020335370
22 0.863019422747276
22 0.867303225222176
22 0.662911417418280
22 0.301113274931135
22 0.671103962991620
22 0.403978728971625
22 0.976216663442095
22 0.424516410629283
22 0.825041768745244
22 0.727917232537077
22 0.490796400143054
22 0.638056473341245
22 0.780417205941674
22 0.325719735106423
22 0.491030319538158
22 0.655279176095148
22 0.757080087043043
22 0.759182564389990
22 0.822476383830984
22 0.727772900867582
22 0.518385678048384
22 0.659844078134894
22 0.874460637153883
22 0.719130121018457
22 0.452347254092337
22 0.475960943894970
22 0.517091845039203
22 0.495787310896485
22 0.608325736843619
22 0.918687448514887
22 0.598783630054873
22 0.645019142773142
22 0.355886309235487
22 0.752416433779119
22 0.634401240987502
22 0.587891255322674
22 0.461014223150484
22 0.558930730951787
22 0.499626513346139
22 0.406708739282876
22 0.491157584283679
22 0.872683323532522
22 0.754490854959586
22 0.391007148206536
22 0.787724993980897
22 0.864863681414463
22 0.582766715843029
22 0.587570485783999
22 0.747893562629093
22 0.645411158917945
22 0.665326314642121
22 0.555985264353608
22 0.990027415583292
22 0.662476710583686
22 0.874414403259080
22 0.643383774913933
22 0.427468920390076
22 0.925507680214083
22 0.940711637417883
22 0.700168780371258
22 0.814275355418955
22 0.527641647325677
22 1.080864947896060
22 0.622333551736138
22 0.940071516782177
22 0.890009611588745
22 0.576673093646116
22 0.448168949495949
22 0.502111289316634
22 0.446757059618132
22 0.417631129214583
22 0.560473960571321
22 0.482859743679196
22 0.954736630920570
22 0.972965580301375
22 0.722699708760653
22 0.576450240617348
22 0.691616036702730
22 0.839849624999109
22 0.662536750168297
22 0.736209212735140
22 0.819946568934878
22 0.614922992343623
22 0.702920010197497
22 0.402958158662313
22 0.568565891970273
22 0.373064619475129
22 1.080035001288322
22 0.408407824640779
22 0.574188281947042
22 0.648358803544328
22 0.758467674135509
22 0.598940788765797
22 0.661780908240676
22 0.677698809062775
22 1.194558273953636
22 0.420631295038064
22 0.632472519010069
22 0.610286672392617
22 0.782601645092960
22 0.641354051786867
22 0.475642964731605
22 0.620229807920403
22 0.598227493750220
22 0.538523128310356
22 0.605923717660880
22 1.356668527016219
22 0.658681651454391
22 1.568790578830529
22 0.865426112452895
22 0.747135737850009
22 0.612201118266287
22 0.675647455536718
22 0.512749432450456
22 0.578253848778302
22 0.804105538157361
22 0.416891020398379
22 0.763236618995021
22 0.423136659294720
22 0.611552843467544
22 0.491699780856002
22 0.424159757980522
22 0.419857534065406
22 0.645495759579017
22 1.091614599197575
22 0.516686171660355
22 0.712677073884464
22 0.541936619471285
22 0.594524566426708
22 0.577257286183521
22 0.642012701201229
22 0.470402684991701
22 0.391319632624510
22 1.163469995058968
22 0.866897716275708
22 0.807028611198252
22 0.541181264727338
22 0.594772428741669
22 0.489901219428980
22 0.440170402928340
22 0.615944079968958
22 0.628818286073228
22 0.762453567414656
22 0.612752189821106
22 0.732021527808441
22 0.509562225194416
22 0.469570390698156
22 1.155283144243221
22 0.817013422992651
22 0.442434398081766
22 0.501948373818305
22 0.841918914113659
22 1.166050918544193
22 0.797433207698590
22 0.552526584979346
22 0.750627964323565
22 0.758700890229858
22 0.242923001664389
22 0.402046284027977
22 0.927679662610107
22 0.472814935736727
22 0.695668658000995
22 0.675904080112085
22 0.769037594506476
22 0.599641853403219
22 0.547053008026292
22 0.520113294242797
22 0.396036860807317
22 0.574247802744729
22 0.778098945694737
22 0.645561071350482
22 0.463145912147225
22 0.710278462856482
22 0.445301060699731
22 1.234117201221381
22 0.442107559957389
22 0.959944873213333
22 0.470076952167594
22 0.743449516411023
22 0.751750609246827
22 0.626558817680650
22 0.748740362425306
22 0.465892111541014
22 0.795357805182889
22 0.439885869535487
22 0.507964533753937
22 0.785737138616856
22 0.738371813675490
22 0.446162054643292
22 0.906529521865192
22 0.708881719306850
22 1.070082736060430
22 1.114001430153913
22 1.063229231374879
22 1.012776157668234
22 0.560896911977787
22 0.751785271876170
22 0.688024657378883
22 0.621734602979885
22 0.733955248757464
22 0.727783781413820
22 0.732725500676443
22 0.715588502394069
22 1.196667670883980
22 1.137028366278031
22 0.666554392789168
22 0.864556662987085
22 0.479002767292658
22 0.602014221834798
22 0.972176734614809
22 0.606417554482232
22 0.589487404929799
22 0.574819392717879
22 0.600757685486996
22 0.761210606507074
22 0.529569283754740
22 0.492347859141306
22 0.725704754594566
22 0.401814149434177
22 0.418245141380524
22 1.175519020984751
22 0.779748869270063
22 0.969134808179472
22 0.426703165892093
22 0.922445845857777
22 0.459047608938402
22 0.696758828060014
22 0.665370848611979
22 0.592395074709670
22 0.411574646507836
22 0.757484136749080
22 1.468001899144797
22 0.971597102852827
22 0.583283933839233
22 0.417109710618920
22 0.670625639045940
22 1.010554385690387
22 0.594865336307375
22 0.417296183705143
22 0.416077720620044
22 0.449906201568983
22 0.914612051368739
22 0.619767491894931
22 0.319734022907554
22 0.403186894547694
22 0.893388508389145
22 0.390387244319802
22 1.144552203718223
22 0.483063402897061
22 1.083778229705123
22 0.579630663237196
22 0.704041812996958
22 0.692985283747242
22 0.424067674878092
22 0.331467555225473
22 0.650834468752554
22 0.914256945746457
22 0.566682095264026
22 0.278888634478299
22 0.473035200767728
22 0.435488611322692
22 1.098890008939701
22 0.573614698772437
22 0.671858631298506
22 0.688351714210552
22 0.597472252151235
22 0.849580075681032
22 0.772384760445698
22 0.753408468146277
22 0.644795187721434
22 0.506255563361861
22 0.383533967684421
22 0.860320704682657
22 0.992523777086602
22 1.030216214526997
22 1.631158310663603
22 1.047174347977228
22 0.351749604348332
22 0.612511852985361
22 0.703270297124955
22 0.585059103390150
22 0.614247801883443
22 1.097685193223136
22 1.189619158654805
22 0.688159097330627
22 0.400524275765576
22 0.580720606952454
22 0.767854933333135
22 0.767183923715780
22 0.811910204930466
22 0.778217012978222
22 0.503883804037306
22 0.456019365514214
22 0.629872975808177
22 0.531877820315350
22 0.409972773955648
22 0.969905530773480
22 0.757328137448345
22 0.796199788318906
22 0.669530426543793
22 0.504110480857241
22 0.772495953345924
22 0.847647347134470
22 0.767012454436627
22 0.569349433918333
22 0.608610710089166
22 0.298184470026753
22 0.499731723057600
22 0.615165607588124
22 1.040891998808301
22 0.493534550234045
22 1.059754014107731
22 0.563686287640836
22 0.489369727792129
22 0.801298307220702
22 1.042470010512447
22 0.930609462118074
22 0.476906747682877
22 1.103877353978302
22 0.359281479792981
22 0.576284888344416
22 0.785565982028726
22 0.618259500417964
22 0.420715952820973
22 0.768366208890267
22 1.124447088348222
22 0.725154456991569
22 0.608047047444146
22 0.877712360596672
22 0.917982036859392
22 0.388083326065923
22 0.585762417958808
22 0.698591598441764
22 0.440259072469246
22 0.659270416674818
22 0.887961196877016
22 1.072004593916139
22 0.835516303072256
22 0.652841180743230
22 0.546293995858692
22 0.840304197764897
22 0.471393703503350
22 0.486492007580052
22 0.949222219875222
22 0.746902686300427
22 0.839549156126355
22 0.719132488941702
22 0.569146576010291
22 0.681437442602022
22 0.577613393493528
22 0.526637819383524
22 0.529642877049213
22 0.643761270897906
22 0.946993675520755
22 0.742804554513115
22 0.410601923207777
22 1.426846894022541
22 0.587454747951498
22 0.674250323461569
22 0.792467350690365
22 0.563619879445724
22 0.344786015975889
22 0.993220809947264
22 0.782481332427730
22 0.677589192536213
22 0.603955392821445
22 0.418973372648889
22 0.637015847810448
22 0.600407597243631
22 0.922551756853446
22 0.599497278503286
22 0.626113988550543
22 0.666982202194482
22 0.754148388906973
22 0.796943022503328
22 0.355557186055004
22 0.655001672005017
22 0.426815994866831
22 0.975000329347412
22 0.616965286276269
22 0.574371625731168
22 0.475709193425512
22 0.701039762628926
22 0.373607574121595
22 0.431861679330311
22 0.916424544954785
22 0.604087602739307
22 0.968616138677795
22 0.769139332564833
22 0.915293646107750
22 0.552428282232855
22 0.766195451650330
22 0.766430902208540
22 0.444389698921830
22 1.144371549697898
22 1.453919435343623
22 0.655341023583030
22 0.552240244615811
22 0.838354662640969
22 0.950290485123621
22 0.467135447756653
22 0.674478109601345
22 0.626721857162021
22 0.905579820786747
22 0.520929584180875
22 0.594085226603327
22 0.424867700382435
22 1.001604805076977
22 0.525793621921721
22 0.634951407845957
22 0.470176993310674
22 0.738717166759623
22 0.467272144856949
22 0.506125189302152
22 0.417589696126762
22 0.898339221977832
22 0.382702139976990
22 0.814959742117761
22 0.474629322284485
22 1.008807572818095
22 0.633111027741596
22 0.737951975764072
22 0.419157988197202
22 0.928752608088775
22 0.515866407231959
22 0.571917411271034
22 1.039258790651099
22 0.746691639588026
22 0.473089379759573
22 0.638071445231155
22 0.532866957809885
22 0.676465242593327
22 1.073461104671467
22 1.254747568073692
22 0.633346938536567
22 0.701876692317969
22 0.650134468570464
22 0.424530201291859
22 0.401297181965638
22 0.800280570283091
22 0.621176359810196
22 0.729216514085449
22 1.185581483516995
22 0.830147862584578
22 0.621020222812120
22 0.467999736725448
22 0.821711585629493
22 0.476473437802200
22 0.350754149095673
22 0.914777350685869
22 0.537599192510754
22 0.283303990644625
22 0.802684908586379
22 0.530780158268393
22 0.483323608759541
22 0.944977871597370
22 0.783771870224369
22 0.431376843176071
22 0.388777047814277
22 0.455165673576423
22 0.489746315815106
22 0.331282150038016
22 0.884626567496146
22 1.034721787935804
22 0.270706007955552
22 0.291829254866088
22 0.681906705076577
22 0.688933947959080
22 0.389064635339812
22 0.563447091146255
22 0.862769400819497
22 0.414287622246240
22 1.056418734219776
22 0.379109917812897
22 0.646356782503381
22 0.805914203554452
22 0.382176578535730
22 0.786690843308124
22 0.455978576887385
22 0.971871155892820
22 0.711097917966226
22 0.698198098924987
22 1.032903393774482
28 2.314044801220895
28 3.959062948683591
28 2.429071070702658
28 2.746345944375765
28 1.793836196287093
28 1.788502035472847
28 2.222108880767177
28 1.320718050634329
28 2.611941155972252
28 2.348648953953573
28 1.170778164406144
28 1.965742356229669
28 1.642791269911780
28 3.385795020671299
28 1.759538123874586
28 1.974252888310974
28 2.084869017292715
28 0.796548753552181
28 1.657821501434643
28 2.648107158200625
28 2.267125368103474
28 1.537962552220653
28 2.091006911048707
28 2.253456288681777
28 1.472397155344778
28 2.876110170597601
28 2.064286149430897
28 1.596417845617713
28 1.088766819302943
28 1.707203613050793
28 3.078033380665046
28 2.332374332735683
28 1.117824536604736
28 1.279948632313781
28 1.263286693594035
28 2.970932887999812
28 1.468377625908417
28 1.810200890183949
28 1.013685789983684
28 1.752754344778919
28 2.035305496701699
28 3.899904209025697
28 2.656370363654137
28 2.709764114122947
28 1.046156423105653
28 1.991279180876725
28 3.057026143199480
28 1.859648468267943
28 1.553561897380111
28 1.747549718606918
28 1.474038198432514
28 1.532216816162333
28 1.297664328586574
28 2.846538241574659
28 1.510569785542788
28 2.064065424555340
28 2.240452819220375
28 1.226035178281149
28 2.553372804954919
28 1.149142590517548
28 1.718139288889436
28 0.841514347755766
28 2.829685262296576
28 2.970773245913330
28 1.079050337072858
28 1.872211989525483
28 1.607591129278189
28 2.965079223557251
28 1.909387684299392
28 2.158152796565204
28 1.467303873986622
28 1.105490327145115
28 2.144236432772532
28 1.758175120825654
28 1.349306320458443
28 1.412688170333735
28 1.380600977615043
28 1.609684119015079
28 1.299734039363060
28 1.135112351494414
28 2.404181537827722
28 1.500829057317127
28 1.376897664810961
28 1.889896616701480
28 1.453973167825667
28 1.895758372745122
28 1.606431008721565
28 1.970816836004829
28 1.789707916406471
28 1.014688294815028
28 0.925878465485575
28 2.046948584520940
28 1.462328365365558
28 1.233702527620048
28 1.783495566490455
28 1.386643218858213
28 1.392415813796609
28 2.709588591172568
28 1.152492483912742
28 2.909777492680076
28 1.968176074278100
28 1.076100919368930
28 2.022499524846482
28 2.175831894069655
28 1.374379622973817
28 1.516491079340080
28 1.791822322346015
28 1.647057166769509
28 1.392989903882073
28 2.176626049506049
28 1.140831957664560
28 1.063662463448325
28 1.254851677357452
28 0.971095441350083
28 1.418655916857590
28 2.266955292114269
28 1.957684348530011
28 2.222218887152808
28 1.889728206056739
28 1.608223462118120
28 1.507262809392148
28 1.828726117825137
28 2.458211875944960
28 1.752114730015848
28 1.787795889526620
28 1.933130327073900
28 1.475115635683218
28 2.314242275746239
28 2.181711299271902
28 1.678880024439294
28 1.003301763682070
28 1.504638054250507
28 1.393085384351554
28 2.209592005725647
28 1.062798786614411
28 1.726659439075454
28 1.424437302221564
28 1.110676967435350
28 2.253563002061097
28 1.062342645296175
28 2.098530165433861
28 1.953943920892664
28 1.292065305245170
28 0.959056641195396
28 2.812137105335939
28 1.361631344752510
28 1.218039810759773
28 3.054511264181801
28 2.458768452132241
28 1.262228362663318
28 1.413140299624351
28 1.243914123632429
28 2.659352582418345
28 1.174809122623269
28 1.197761747269559
28 1.491252945400927
28 3.135157185539595
28 1.621788394002131
28 1.385228653258229
28 1.413838794891387
28 1.837289867811839
28 2.653835940071379
28 2.278410080261021
28 1.764118671497354
28 2.880448372474370
28 1.735197450392572
28 1.614967234068114
28 1.186109777934828
28 1.072945620573110
28 1.658028767323823
28 1.846490108692002
28 2.093711275105803
28 2.235852564832381
28 1.513871788051997
28 1.505816321224963
28 1.107992304671307
28 1.401354356991487
28 2.127397386232903
28 1.730940290356095
28 2.368492922345467
28 1.113543839960474
28 1.880854088439135
28 1.973169968267008
28 2.287148758538560
28 1.879176644555726
28 1.882290314907873
28 1.000936059161900
28 2.436662922868046
28 1.783280796918928
28 1.046311409125229
28 2.025718380230349
28 2.830650935191350
28 2.496517457837438
28 1.653956105809248
28 1.232151572780138
28 1.642487290056665
28 2.716271851380054
28 1.896910337086652
28 3.076226451229994
28 2.041742658773495
28 2.585874193923320
28 1.573846300771139
28 1.546332767689312
28 1.156202567155634
28 2.539982603414961
28 1.756217110291264
28 1.313460536502513
28 1.543333324462501
28 1.940840658276502
28 1.540156214495842
28 1.219264474971808
28 2.243181069291535
28 1.769068591436589
28 1.597319151792424
28 2.204601433934248
28 1.883462179382808
28 1.054287599724621
28 2.401440492337727
28 1.570247848890106
28 1.275018807323681
28 1.486324778569883
28 1.458380200323573
28 1.597158698573220
28 2.202033431889740
28 1.254158485013494
28 2.646514550296418
28 1.217434608727230
28 1.278553816027245
28 0.880118874876901
28 1.046560305080356
28 1.680202436970584
28 1.373214988460764
28 2.278137156668154
28 1.135946857083474
28 1.416915222538140
28 1.723878272293124
28 1.117750935474768
28 1.244253875424958
28 2.201476960710732
28 3.418843945967522
28 3.301278820730780
28 1.465460291747536
28 2.365613566695231
28 1.553116884197370
28 1.753081903524973
28 0.966504009608331
28 1.166456548297202
28 1.852292772992295
28 1.803282732573451
28 1.547284017562828
28 1.020417639444528
28 2.547055927706358
28 1.087617845171348
28 1.267998988929682
28 1.613017618511832
28 1.921634393886886
28 1.293537222421969
28 1.930368999790881
28 1.962480158185947
28 1.360926324843540
28 1.227740336567243
28 1.759080926611525
28 1.312512870108518
28 1.575256388802673
28 1.612723819346965
28 1.795860736587353
28 1.702931878573375
28 3.107444652232181
28 1.271589389394120
28 1.882033285911994
28 2.342292856092829
28 2.905875764197710
28 1.907649698767750
28 1.248361677859674
28 1.871644480337715
28 0.892494294167762
28 2.612779120867050
28 3.821657651541021
28 2.232185706187638
28 2.314844174549797
28 1.688709920032495
28 1.411299617993240
28 1.619067241515359
28 2.532013462457497
28 1.193246375452770
28 1.168965662577039
28 1.772950002830251
28 0.994307038619887
28 1.963377048841241
28 2.008457561682412
28 2.547606873807072
28 1.118353055828866
28 1.187230218934957
28 1.884520334611326
28 1.662287569442781
28 1.851247117569906
28 2.313784610862544
28 2.300526785499885
28 1.026479745962471
28 1.717752066003968
28 1.365375851945304
28 2.395358223287468
28 1.033495365952521
28 1.156405089759311
28 0.896156059654885
28 1.521097940864018
28 1.434826237579740
28 1.872820483634102
28 0.886475321167285
28 1.624123330655004
28 1.838153477516819
28 1.497452523929571
28 1.455757527414974
28 2.436314660816048
28 1.656857609443888
28 1.662895259605192
28 1.102555043628596
28 1.769632371042983
28 3.346002095147683
28 1.720127132174168
28 1.147592062760104
28 1.710124914695995
28 2.170725895275869
28 1.884483427376695
28 1.127053858250360
28 1.468982266906157
28 1.113915422076899
28 1.837630422009548
28 3.342685706867550
28 1.936847841675114
28 2.801115480462771
28 2.320374505885137
28 2.335072774143500
28 1.762356734520740
28 1.814018589617351
28 1.174898153207766
28 1.369890504202059
28 1.468056227712039
28 1.560552809489503
28 1.101375527395433
28 3.160888293181570
28 1.940407261715167
28 1.417006367965539
28 2.524514353040963
28 2.246277364159718
28 1.260483532483858
28 1.289850175573105
28 1.859791831121804
28 1.883550518942154
28 2.674319714190402
28 1.344150607186123
28 3.378989351489976
28 2.334913634950482
28 1.285658425010864
28 2.058908534680580
28 1.094360687152370
28 1.589410309323057
28 1.169840577228820
28 2.653879133989783
28 1.433501646256487
28 1.247205529152220
28 1.815567088130741
28 3.723415784841746
28 2.431309460637658
28 1.738447496977959
28 1.924494059628530
28 2.389489953672022
28 1.606428333670320
28 0.905146367335242
28 1.794112355482580
28 2.802559792268648
28 1.964929610870010
28 2.016695993994498
28 1.958168694253951
28 1.052726321625860
28 1.434133910559702
28 1.446007603838324
28 3.073555578202034
28 1.338271753555106
28 1.920693666219600
28 1.732140228681005
28 2.036777492315473
28 1.525510383866190
28 1.446424131986488
28 3.183233567899376
28 0.964927826261293
28 1.674140533044010
28 1.561709387927654
28 1.288924426268321
28 2.220909953846231
28 2.963893799405664
28 1.006923435125912
28 2.453542028991515
28 1.577010760038666
28 1.814178358103566
28 1.156899997713573
28 1.186379564205523
28 1.293247424506104
28 1.928535320717997
28 1.131624492644276
28 0.814969073468073
28 1.486239780251430
28 2.582895608151087
28 1.274144555265847
28 1.310346680503579
28 1.376252891661593
28 1.439498630649831
28 1.982342831586259
28 2.021725096481558
28 0.824323108255685
28 1.134022330239570
28 1.575360967832597
28 1.769223539880396
28 1.262957774373803
28 1.832027389262005
28 1.990691243523074
28 4.234052439693071
28 1.154857677246844
28 1.863750336672249
28 1.925139929983352
28 2.817164198644309
28 2.455500117783010
28 1.131189752386021
28 1.440839390954741
28 2.142582092158397
28 1.818468246286496
28 1.724309177925492
28 1.292730672041420
28 1.632015098508978
28 3.199282746186491
28 3.719007336896831
28 0.990853136965496
28 2.365517259475431
28 1.057743969525746
28 2.283001722575718
28 2.324505931938977
28 3.299067504845977
28 2.208721225234658
28 2.245019501611960
28 1.067434078843487
28 2.135212005797132
28 2.081587102574403
28 2.450153156865598
28 1.868577612248022
28 1.196680614146722
28 1.032028599712476
28 3.280614665746847
28 1.367770034309833
28 1.532682003604821
28 1.261141352160287
28 1.224709249880966
28 2.157958200697218
28 1.564322952462695
28 0.855936233678440
28 1.560984585082489
28 1.112318444619081
28 1.655505625287894
28 1.525804157072570
28 2.056685322941061
28 1.255268316158746
28 1.724416070904561
28 2.500089379414300
28 1.245401624829966
28 1.047819023600034
28 2.951112044713321
28 3.238859717222281
28 0.953753376912445
28 1.116631403219821
28 1.455454343393720
28 1.611358747668366
28 2.103834709726049
28 2.483243824797381
28 2.440112000445494
28 1.777277941927377
28 1.405464951390991
28 1.683413680481301
28 1.555269027840325
28 1.229127162626084
28 1.470271361185174
28 1.174439790502531
28 0.962045910013269
28 1.842977938518933
28 1.776981848974664
28 1.380782948063081
28 1.824874398019220
28 2.045377156642920
28 1.643932054123701
28 1.414335803933202
28 2.225216525213665
28 2.186374842854804
28 1.574961398867856
28 0.964596267922773
28 1.113738153332096
28 1.736779623407452
28 0.996141702388579
28 1.147196487119413
28 1.672959142058326
28 1.379229265926017
28 1.619941114128026
28 1.015366641199120
34 4.680673109857597
34 3.628507465645291
34 3.818687975946990
34 4.238657844949540
34 4.942094844189125
34 4.140650358814676
34 6.158105384070083
34 3.858676949659156
34 3.031431036634708
34 3.291755118970299
34 2.178485381785210
34 3.913758214823741
34 3.450964409621187
34 4.834780766264448
34 4.745777360496358
34 6.871934023117363
34 4.107318484133736
34 3.243569792173755
34 7.862491654157975
34 4.864611574020004
34 1.858302276941713
34 3.056885546768862
34 4.185802045292548
34 4.275143603934626
34 2.468611681694019
34 4.012921865789705
34 3.176454936845245
34 5.754341963758981
34 6.705122794871915
34 5.578426889548454
34 3.941793091277552
34 7.237419127240329
34 2.603701489625887
34 4.689311549836429
34 3.169097092469163
34 5.575153895830740
34 3.191537305876893
34 4.261645300654287
34 7.658328691156828
34 6.421478140456897
34 3.943752590818683
34 4.221587996331039
34 1.903838274150430
34 7.626579804482576
34 6.556801816714031
34 4.059071068594196
34 2.759354249427741
34 2.385841021226990
34 5.210799091486116
34 4.915171135248130
34 5.860885222707545
34 5.974598746799025
34 3.101241804507057
34 5.021617914129948
34 2.405466218069538
34 4.768643884705135
34 3.977729511823034
34 4.894484580498713
34 3.226293597783554
34 2.422482493471768
34 3.800256101689762
34 4.961278590175370
34 3.542628450620442
34 5.562311688037457
34 3.957726192352503
34 2.527199692261598
34 3.857980516160617
34 6.237252051055293
34 3.034428185374844
34 4.866183077004719
34 5.832084187565910
34 2.581775778777823
34 6.225839228772793
34 4.121135108412803
34 2.289562831292735
34 4.503876124739802
34 3.626836623466550
34 3.417042992917720
34 3.884995273600397
34 7.247407368851732
34 3.414825308548009
34 2.452963553517308
34 3.368216417200835
34 2.852391020456539
34 2.636034589169604
34 3.402624783014611
34 3.776576220305961
34 6.301659560351180
34 2.761628647399485
34 4.601809920596123
34 2.480505299258142
34 4.090082719169151
34 3.452995968822348
34 3.517276816974465
34 5.826603354837535
34 5.162083137188556
34 4.137420832970225
34 4.628362165783700
34 6.484073063008724
34 6.309399732676874
34 2.210149392466017
34 3.050382569893622
34 4.331393406164255
34 5.304385864782022
34 5.487100406843960
34 3.139497946357242
34 4.091962024259383
34 4.922818219139429
34 6.397481861440739
34 3.910976881665039
34 3.778585715911341
34 4.559173882685613
34 2.742456928212284
34 3.322862327934941
34 2.977519778277939
34 3.790688553733032
34 2.945508238881892
34 3.198287071354364
34 2.728169377781146
34 3.089498688536402
34 3.911353503955471
34 3.144445601984389
34 3.174882096190260
34 3.736028322235561
34 4.054321041641673
34 3.796025955839985
34 5.006497246319380
34 6.861384195177880
34 3.518560908013314
34 2.047287971853708
34 4.212668497806015
34 4.303757513022033
34 3.161408154541953
34 3.924387860602007
34 2.967717263344421
34 3.999438090180228
34 4.019934178830882
34 3.507314988997865
34 2.728060421337149
34 4.264867942679272
34 3.972387674965924
34 8.922484776298969
34 2.702768796126172
34 3.859806159619005
34 2.486105917985491
34 3.909438018548983
34 4.030202351994764
34 4.900589981389063
34 4.656159998455438
34 4.157440055637148
34 3.153169370439995
34 2.264997721713691
34 2.817219206466477
34 5.799130033075427
34 5.352785590071801
34 2.726331855810618
34 2.574256994801544
34 2.708256643552866
34 4.135578369455290
34 1.686186219397862
34 2.574414551800624
34 5.346960119931722
34 4.729269095211530
34 2.997057067625039
34 3.565948512384597
34 3.358429468423155
34 5.585367256165545
34 3.297494446486090
34 6.629956732434704
34 4.335693679925386
34 3.630331404087303
34 5.286858670015556
34 3.662780292670075
34 5.777763397915920
34 2.877346030630337
34 4.710530133180773
34 3.440737839665083
34 1.702834677055673
34 3.001153987003675
34 2.966725348801267
34 4.743206253798068
34 2.870107882147895
34 5.820801270925632
34 6.060924788710015
34 1.928375887565282
34 3.921473271918089
34 4.367091991388196
34 5.464219397143258
34 4.186472993496111
34 5.125736821084208
34 5.288217379685553
34 4.192531451146065
34 3.870693993414825
34 3.129671448242646
34 4.881332980750600
34 2.644372611305029
34 4.407689564374952
34 3.955752520156595
34 5.363445371216972
34 3.565505635901622
34 3.350116007065269
34 4.696835143118911
34 4.928035614087865
34 4.881798483620725
34 2.259749978481972
34 2.400646656556364
34 5.801371258164957
34 2.888738035357441
34 2.967632721639870
34 6.599838672348121
34 1.888061496233702
34 2.633334430036487
34 7.399186410372647
34 4.822558310801569
34 4.955128807793590
34 3.635911900417879
34 6.068126406767265
34 7.646847243559884
34 3.951557400147960
34 3.866658239003785
34 2.969638023280984
34 8.098728160177812
34 5.411198491204557
34 3.357067500218120
34 2.537700902930552
34 6.308547844613674
34 4.252033464857488
34 3.681013666574558
34 2.141978845050758
34 4.411516193329775
34 3.552808180920033
34 1.910583612025775
34 3.008514980750745
34 5.417996004440054
34 4.335153646972712
34 3.771357211123024
34 4.183565785771981
34 3.310658119579558
34 8.099921142428446
34 3.346099063374174
34 3.808596550813538
34 2.420346831717383
34 6.631582373470329
34 3.763405566476257
34 4.071227425489982
34 3.150880383256074
34 2.783444403903573
34 3.561331023271273
34 5.752977296540512
34 3.646536192686395
34 3.067332715788825
34 2.337652657157307
34 5.414179863170012
34 3.974093156074305
34 6.274145456328324
34 2.848144750207396
34 4.827605994604212
34 2.705774830319610
34 3.162128583153415
34 5.363556885636389
34 8.018406237657288
34 8.199838581849544
34 5.289615869771351
34 3.891636102304527
34 6.175663480677425
34 3.244515780094843
34 3.617534876981793
34 2.418089803069473
34 7.305049127894870
34 2.645361649469587
34 3.438150937659588
34 3.683659806191089
34 3.919857703388280
34 2.692918693444011
34 2.660276793843140
34 6.341011107975004
34 2.554883830359271
34 4.682118077149707
34 2.867415160522766
34 7.656239428495746
34 3.772926087110274
34 4.643506047353057
34 4.924759218207119
34 4.534196172269958
34 2.922731846028650
34 3.194760712590261
34 3.914098034913857
34 2.696395690335704
34 3.068668327640609
34 5.138353923217132
34 5.927494913168777
34 3.755976707127452
34 4.277943855756405
34 2.970309741087458
34 2.939855005472999
34 3.932907903875172
34 3.834630139811148
34 4.757124486399315
34 3.923653012498907
34 4.086837333491416
34 7.713087745655176
34 4.535484006062616
34 3.528924877031435
34 5.823443720779014
34 1.809748441998529
34 4.830832491096054
34 3.168125240076076
34 4.603732578099643
34 4.008417889162458
34 2.915276999708050
34 2.592274517219860
34 4.610315138173111
34 6.056941796276451
34 3.107659702858461
34 2.635290751027071
34 4.392944850826323
34 2.537629409039349
34 2.685412689503150
34 4.646447364112735
34 5.488041213035168
34 3.410381769175453
34 4.443843879494400
34 4.198205745678755
34 3.971342889645566
34 4.477817021353536
34 5.127499101321241
34 3.563830746711786
34 2.768704996888534
34 4.874118516649340
34 5.576588106800591
34 3.191492292038245
34 4.561003144365070
34 3.125897432983558
34 5.216569650469691
34 4.350619064617853
34 3.059948693547028
34 2.917984279518342
34 7.374788937531607
34 2.076518252726805
34 5.246118145790260
34 4.340347674000526
34 3.434516973619144
34 5.110865863984482
34 4.010460240828828
34 5.879750494352957
34 5.460306305115079
34 4.055918839583240
34 3.182453143602287
34 2.151436616836865
34 2.798923539924744
34 4.839706628791813
34 3.016096657721126
34 2.959488649098575
34 6.406580262156308
34 3.661420366152320
34 3.667277769304663
34 5.284841157492759
34 2.397449494198144
34 4.281063397453705
34 2.674011903860888
34 4.786460944902000
34 3.001469065173502
34 3.427473610284492
34 4.624321246563710
34 4.539121558647281
34 5.145841199582293
34 4.402214976114032
34 6.638095800922811
34 2.961848642462832
34 2.687018459740178
34 2.570985495294527
34 6.912767071855225
34 2.074841491916647
34 3.298183507138461
34 5.008011144613784
34 4.649912621194981
34 4.092735568658298
34 6.363182342132788
34 2.382834530803269
34 4.134981781229403
34 4.371797188280033
34 4.035220838023878
34 5.506471875577146
34 4.478308641272941
34 4.847500492125950
34 4.666624772388304
34 3.935334884038266
34 3.046351090523746
34 4.052108682389739
34 3.115701358132174
34 8.128086113073621
34 3.917701779696635
34 3.113345153561611
34 3.826956940271869
34 3.588500112102539
34 3.160272475039464
34 3.269677722530617
34 2.679060782212390
34 3.402599005676719
34 4.054006270554115
34 4.352611649264445
34 5.826044980151866
34 4.727680289661426
34 5.640529797743348
34 6.658870569430192
34 6.004872510734796
34 7.292682364780092
34 2.920898150703749
34 3.912324086045336
34 5.086610279209235
34 2.386402896419538
34 4.670721066149594
34 4.450742183697178
34 4.614178750527103
34 3.076718250173193
34 5.555319957412683
34 6.675078985079879
34 3.739923491973117
34 3.394247560339179
34 4.174727019683171
34 5.865595353455704
34 5.592956394955301
34 3.351920843931937
34 5.241079478601078
34 2.815047302706650
34 2.199550019071657
34 5.397611779285218
34 4.452698468895205
34 2.088567250467968
34 2.568443089134997
34 2.869601795843013
34 5.586325346173149
34 3.755959854234320
34 3.356183238131408
34 3.043710293087393
34 5.129687620096557
34 6.141118192891862
34 3.955374007869994
34 5.912936359577961
34 4.286131794836002
34 5.864484517117630
34 2.845079390184420
34 5.207659301665386
34 4.196774590629004
34 4.824753343678416
34 2.942801420988163
34 4.161106066857326
34 4.700314028505531
34 4.429949761696204
34 3.281775637119783
34 3.627986435666258
34 3.377631460039747
34 5.445716569840456
34 3.350861292319256
34 4.409358790413242
34 6.898877458533324
34 1.940908937375966
34 5.331792993602424
34 2.582840637828636
34 7.251774129186508
34 2.872458653115298
34 5.277557099801701
34 2.792169222526976
34 7.342859346148172
34 2.715837445093661
34 5.548074765226283
34 4.575185753278009
34 2.955612402320612
34 5.258553774024660
34 3.732445299959408
34 4.856704950801387
34 4.387314904199306
34 4.899222476608027
34 4.388463323391608
34 4.310911596967897
34 5.928667656163836
34 5.945224213645473
34 3.921681673972606
34 4.277171472880544
34 3.243273453383659
34 6.298771296059833
34 2.751550704125348
34 3.513576205427054
34 3.117948741835448
34 5.500934685788490
34 4.663130471840720
34 3.374106907295094
34 3.214269493585028
34 3.443917320921191
34 3.876118945806438
34 4.597330425064602
34 3.191007846774535
34 3.658145340918087
34 5.360672395394986
34 7.525549118319471
34 4.072579130568826
34 3.370661773842687
34 7.387623280676734
34 2.402554191416345
34 2.860775877119566
40 6.959801998970301
40 5.716455807222282
40 12.860074666763055
40 12.637485061702463
40 10.316524440582560
40 7.969482972816083
40 6.856922828872518
40 4.345715765367364
40 8.345424207995372
40 11.444818861946619
40 18.686439188479319
40 14.798194030279079
40 6.470582322727509
40 5.750292299548446
40 3.287967153226518
40 9.671258027647548
40 7.258834349748425
40 13.328607923510722
40 5.033742907796620
40 5.543420640183304
40 4.735067894361176
40 13.684324812281998
40 8.929515720926124
40 6.304589193552642
40 4.628340796995115
40 10.434510713553426
40 10.162080724690535
40 6.348068753238142
40 7.139678630425289
40 6.283851340976048
40 8.788767048692129
40 4.933729497306183
40 6.070953767405253
40 8.827936337940569
40 7.286768978234203
40 14.164119781293392
40 11.344714271252343
40 12.848638151559737
40 4.470194146045856
40 8.043280816932119
40 4.766636846969301
40 8.814226001805451
40 10.547685263456984
40 9.108355210870515
40 9.290554724246169
40 6.225968462623680
40 6.339446413580374
40 9.686165921439544
40 10.098107735325270
40 6.419814605162276
40 4.213771012961967
40 3.094365762944927
40 6.438445697862738
40 6.575939819024152
40 10.479185737607349
40 14.289568883584494
40 6.988295884705675
40 10.709071031970591
40 7.266258789027451
40 7.573464338152084
40 6.239142276616237
40 7.376199716726535
40 8.335869442731198
40 4.838345864554144
40 6.200883548501239
40 4.176156166129681
40 8.145517665597009
40 7.312778263419235
40 8.005604355212943
40 7.497549210283689
40 10.087628161739639
40 8.999212571682026
40 4.952062518753175
40 15.083456004279178
40 10.843693893826426
40 4.676794985433135
40 10.044637221362088
40 8.535961131896254
40 5.771351088151043
40 5.407852967488598
40 8.471793674506678
40 5.621427387466825
40 4.584467469199110
40 4.377082580558013
40 7.493998208142971
40 9.437150315662834
40 7.784018608808456
40 7.468563604343982
40 6.182726794780138
40 9.595366844384039
40 3.576741258855188
40 7.166219349503929
40 10.362926165010048
40 5.646983233588113
40 10.487842998765672
40 7.120416635825350
40 5.076506284385420
40 4.781953679761672
40 6.914067990766469
40 6.186991475464593
40 8.608370718336033
40 9.541442763146385
40 7.176488103601878
40 11.287042586592300
40 6.458062326830451
40 5.835514412252362
40 7.739993679455075
40 6.290131195920561
40 8.573026603684182
40 4.686702736952736
40 8.045491521548577
40 6.054346491410368
40 15.320574229466708
40 7.884551470898529
40 9.789832013071091
40 7.796087156697720
40 11.269886879611978
40 9.700336182087717
40 8.011204374498760
40 8.099530337733800
40 8.815077897152332
40 10.706985879206135
40 15.071014482712656
40 5.381091819417425
40 5.795340305115538
40 13.665322764676143
40 13.795839727612401
40 7.890670088402702
40 6.630042477368860
40 9.396725893622801
40 6.210626451766760
40 8.634468015787192
40 6.301635930895898
40 8.769914304283546
40 12.577790922465798
40 7.287284664131059
40 15.734742800043760
40 8.183733172249557
40 8.129561250183265
40 6.502046134654199
40 10.068410986604519
40 14.121846639931919
40 8.835215983256976
40 4.699010450916270
40 6.040159759272928
40 14.569373569820193
40 9.479158228068769
40 6.426731104234838
40 8.326062881693067
40 6.716394524719997
40 9.027875579979050
40 4.537575208813317
40 10.591282678508176
40 12.503399391752646
40 8.795815481385654
40 6.034339844449962
40 8.979081168528586
40 8.827648677652899
40 10.636461121264373
40 8.622613610874716
40 5.011616365655151
40 6.561605668048912
40 5.520243743451941
40 6.012894382183540
40 5.579905341610583
40 5.449380489180362
40 7.442745523666253
40 6.121561422717580
40 7.588196250945785
40 6.755369476968879
40 10.424406559325666
40 5.061227974938763
40 9.735999616390217
40 8.567602419299741
40 8.562852297354370
40 15.219145888660561
40 7.330141912334460
40 14.535006332913246
40 7.652880783851660
40 6.315577106235558
40 10.003548957777616
40 5.821611488823358
40 6.085329136204081
40 7.756758663780079
40 8.510162395098501
40 4.217803803816617
40 10.889194576603128
40 12.130971997879135
40 5.667888205516201
40 4.924425740390619
40 11.115660055725655
40 5.115935637984425
40 5.938810928083295
40 7.596908164143967
40 3.695421128579603
40 10.148485495187861
40 11.107846990261022
40 7.914068282183420
40 9.022925479164163
40 6.168457568483261
40 9.128528837092251
40 8.140160756837865
40 6.211554658304127
40 6.133805694359186
40 12.116617070673170
40 5.576363477663991
40 16.774883935927853
40 6.476997329934754
40 6.794665650915309
40 4.285391074529070
40 5.932485481712559
40 12.877367549459237
40 6.929941802701910
40 6.801874599472468
40 4.510362322034037
40 7.243760269126639
40 14.415611707178412
40 5.089543838975331
40 6.654469418189719
40 13.136194260413685
40 11.794138210491813
40 8.206157102382317
40 5.280809239063632
40 11.370530308471784
40 9.736939526154181
40 10.623792255941204
40 5.519329180146663
40 9.498668193234330
40 4.877894628285272
40 13.380988947669618
40 8.175726784870244
40 15.372166032312574
40 4.794275250125076
40 10.336271153872305
40 4.970159717637539
40 13.160506875714544
40 5.962031599109750
40 9.233591145355188
40 6.573022756336516
40 8.439799705041940
40 4.465816205471789
40 7.008742032085220
40 12.750679157891799
40 5.516337578628004
40 6.585889631567403
40 7.045353298353263
40 6.214650809632751
40 8.285284827063913
40 6.117792124337308
40 9.178722254807674
40 6.843568447293638
40 4.682526117498178
40 6.155703704607690
40 9.344992720837535
40 4.438747021627336
40 9.500481665258583
40 7.438183899618960
40 6.384208791655700
40 7.573350182026648
40 9.343260123506873
40 5.609511398669770
40 12.867904919921770
40 10.105072973845735
40 11.806544145276556
40 9.617829720976466
40 9.839357215434761
40 7.354425999752563
40 6.296271714658472
40 5.682083424862640
40 7.419142739003924
40 9.387737109339259
40 9.781670457489685
40 9.226048132571533
40 12.466952798338154
40 8.301737663205319
40 10.959321580145273
40 8.350024673958329
40 6.258523952616954
40 13.232815588648176
40 5.970539330496734
40 11.340357771489543
40 7.888135856312282
40 8.379595267335437
40 12.417969606903320
40 7.787421735527134
40 9.651665559170995
40 14.330845953006666
40 5.238806889172452
40 5.683896278283610
40 6.929412973705947
40 12.482096313763529
40 7.444781745782899
40 9.896096683964561
40 7.027453639001573
40 8.060914134382109
40 6.867071044000208
40 9.582883904019937
40 7.789233185452993
40 7.661488161591217
40 6.906747674464009
40 5.877222198309370
40 9.423039158593461
40 7.717337743240068
40 10.784915013884218
40 10.265559578349137
40 4.263786992394071
40 9.911776238954968
40 5.603326231952430
40 8.994498085944665
40 6.652640179932179
40 12.035224269690337
40 8.196830426922004
40 7.326600856973213
40 6.109893606178714
40 4.931185100589493
40 10.140234661227822
40 3.674556216582601
40 5.622321191211574
40 8.353822534100502
40 6.875308524793817
40 7.032952320779046
40 8.920543056297653
40 9.090933991379728
40 7.274969644239087
40 6.769695970009710
40 7.135424361987775
40 6.417132157435523
40 7.399378426968800
40 10.463083271845750
40 6.736962151488293
40 7.495408392077150
40 13.496939022797594
40 8.284314408776474
40 4.791444431186180
40 5.721135386227782
40 4.307275186918266
40 5.748990889598309
40 4.105991164043735
40 5.412230577260566
40 8.354997092041616
40 11.343910358241354
40 4.406045753897880
40 9.605905357778072
40 5.645716091430229
40 5.799816761713306
40 11.421466735061609
40 6.679130352587268
40 7.689374752792366
40 12.758318366159992
40 3.597567247961701
40 5.566755952162778
40 8.942958043256244
40 6.575271371062575
40 6.963603045494372
40 7.523932277651777
40 9.207822729597574
40 11.500522763979033
40 8.733691091489215
40 8.505031128178876
40 12.694940482143899
40 6.977464714240409
40 7.921455358472222
40 12.882310726790200
40 9.186162215811587
40 12.582630888561434
40 7.631253017905493
40 7.597645876623346
40 12.829310246291278
40 6.091432874359688
40 9.634371352995831
40 9.081425802627747
40 7.406652479283162
40 8.403932407274519
40 4.382132835918904
40 4.965714861313913
40 6.309342020297551
40 5.472195402768397
40 14.190550326115567
40 11.010451369688177
40 7.766700692723312
40 8.439030063610119
40 6.171692725115461
40 6.356663020807618
40 5.732575716309196
40 9.194818131597527
40 4.987168915557172
40 8.072267414896203
40 9.221066106596441
40 5.809654302457772
40 5.451355820182354
40 9.784934753269937
40 6.958799124658840
40 5.963953538666972
40 4.192161160497127
40 5.291760986969210
40 6.097202222501689
40 7.083540775469293
40 6.353164202711675
40 5.081212364132860
40 9.263532213760266
40 7.621588849534561
40 10.185929405387290
40 4.738162286460417
40 10.634883600455238
40 6.010688727652719
40 7.346375646029178
40 9.073103351237918
40 8.261711513901391
40 7.923503765161245
40 8.644047707948703
40 11.441367039254912
40 6.540900377145975
40 5.213739372046675
40 5.845004078722657
40 17.338557801643034
40 9.727324416263270
40 8.535625583728459
40 7.864227104346107
40 6.572026576698496
40 9.803904969188512
40 6.597346224859350
40 5.854123693658831
40 7.090322004874995
40 10.673080220225186
40 8.265077503069119
40 7.871904957123798
40 9.028306364359562
40 12.684266023663023
40 5.561181792114606
40 4.544835631607323
40 4.918986485276786
40 11.024710260148588
40 11.481806386289234
40 3.794898908392434
40 5.424217403774072
40 5.857245096715915
40 6.947306776292759
40 6.519928302838765
40 7.478828417771307
40 8.497182704363770
40 11.852503185692887
40 5.017657827044602
40 8.945892024283584
40 7.300007841825000
40 6.657262918810659
40 4.056850724488374
40 11.769463338746903
40 9.899020428146656
40 4.806171968305630
40 12.234402360594327
40 5.627946389694719
40 12.738758534967520
40 8.296238106358274
40 9.060197203118765
40 5.818363980099657
40 13.258437604335844
40 6.375730576631584
40 10.591360743233958
40 14.028951857155263
40 5.862751347445631
40 6.748820484419991
40 3.801296352577370
40 9.138614176289025
40 13.988955766645661
40 10.606643500400173
40 4.023970033465299
40 4.676341424691953
40 4.934244225750438
40 8.421762133542158
40 9.251513703619633
40 9.817485866080009
40 10.825350406125239
40 6.738426533002879
40 9.115954166162087
40 6.428385989962566
40 6.724649584110878
40 7.856637947455814
40 6.668968531304251
40 6.389397211844972
40 8.214911389202058
40 5.732002276812196
40 8.830745776880654
40 3.850408346732652
40 5.882907611266390
40 10.159161754556692
40 4.125437872632368
40 10.894074537560863
40 13.028568912139887
40 6.741630023711787
40 7.171904159868571
40 6.589255615038564
40 4.356148126501140
40 11.745046922019778
40 6.536706489865676
40 4.066814247969035
40 4.872124437578473
40 6.635139460610514
40 4.925620849757236
40 11.188883046022458
40 11.805079307341376
46 9.080098536409777
46 10.922578602638396
46 21.866490550014980
46 15.222429514144450
46 20.555665220805093
46 16.697515708949798
46 14.250824531365417
46 8.905300404679728
46 13.072053122332786
46 15.347381144996591
46 9.468619804474876
46 23.190108505161881
46 17.428816933435129
46 10.121851183618368
46 21.858105234475893
46 25.940623117803643
46 10.675223083166708
46 15.478436693752126
46 15.405559876571191
46 7.843558372972396
46 11.338798033543952
46 18.899812928926295
46 10.351466943564855
46 17.435445912571961
46 17.466546563810752
46 18.793041543730354
46 12.412569251394530
46 14.639088525084867
46 14.581329203742582
46 15.261110637803771
46 14.647604760062240
46 16.547527436891315
46 7.251673310939241
46 16.911891426033378
46 18.836971437201182
46 13.606369686941960
46 11.081547077239929
46 13.809899681549016
46 8.082779179269844
46 11.554574052319584
46 18.414279899824592
46 11.569186629992462
46 26.363162791669343
46 11.151192285196686
46 9.383420769358091
46 15.405144381160401
46 17.191304250671301
46 9.572384311666472
46 10.716047409541011
46 12.673516653475504
46 10.339953996981606
46 14.120935081687781
46 14.240862375614050
46 9.954924416205120
46 7.649799509644163
46 15.236569838843323
46 24.697553783582968
46 25.924827408712048
46 13.267383832343347
46 12.993024253319561
46 15.386801568025607
46 12.120471736357221
46 18.842300259401242
46 18.812060788312603
46 11.338122973980383
46 12.965171737806029
46 16.069631004273759
46 11.076347876664462
46 16.593203624165895
46 15.077752578781674
46 16.127688759734845
46 13.798398693048320
46 15.370078873562942
46 9.091490912705472
46 12.892303497102368
46 17.272155516768706
46 13.404765352909092
46 10.589375614618760
46 16.563942896861967
46 8.861253389003247
46 11.431046457866909
46 13.294615999015775
46 9.258084291210096
46 13.818551763876007
46 16.152352911067332
46 10.582802982079034
46 12.289147648892008
46 8.997405402222920
46 15.955557084735183
46 13.204647911406587
46 11.262959914308080
46 9.308680195138090
46 11.357197316880530
46 15.176324587860291
46 11.554460398885059
46 18.492689549360790
46 7.428279431234575
46 11.570739245134096
46 19.643933025170789
46 16.426507010412820
46 8.531759723248937
46 8.890505736554548
46 10.193428871118751
46 13.865976352769142
46 13.877380072035649
46 22.056840636854783
46 23.693966353083958
46 16.354983617756830
46 18.179331672056001
46 12.256936109540122
46 24.311289771604589
46 9.876490612699545
46 14.479542638615289
46 12.790122681223046
46 15.446499659830273
46 15.881233642414731
46 12.053568646304848
46 12.586302568887220
46 9.851514688965302
46 9.470927420439780
46 13.358469343285240
46 11.808688026513916
46 14.148660781532438
46 13.873507020004311
46 9.505201641351423
46 9.592436665941097
46 7.823161305113130
46 21.307077550985465
46 16.784888469337247
46 13.306454901456357
46 14.469554127326298
46 16.096608437798320
46 17.823293065124236
46 16.081991754712032
46 24.554589625787131
46 11.732107986340154
46 21.360612188368446
46 17.776673942604532
46 13.111095019660613
46 10.516829392837037
46 16.573696731123349
46 8.956326098083478
46 15.979759852897836
46 9.528423006986895
46 17.699980050123131
46 6.598565424458077
46 11.567544475328166
46 17.698180164015113
46 12.909456178865980
46 12.286110513004463
46 23.468296940428477
46 22.744508191923259
46 14.473335912344275
46 12.909350923588839
46 18.520675099724247
46 15.134497317763723
46 14.323389562624424
46 20.958235163593280
46 11.766544429081454
46 17.729767061866188
46 6.868122000570573
46 12.587102009767747
46 12.376724603101678
46 14.244375484784193
46 15.085432968270144
46 15.593852223516024
46 11.763547901408234
46 27.323118772322601
46 10.844638952253909
46 10.086831803586696
46 21.581645520246532
46 9.686930163324595
46 14.601323844107089
46 26.088660347272640
46 10.838797912121766
46 17.338048263307098
46 12.887745072178788
46 11.963169173740718
46 11.590517125257946
46 10.486208428602641
46 10.948118122105804
46 9.978380766875709
46 11.984381851402537
46 17.885587751242298
46 15.131989472428934
46 15.799403317548567
46 14.731179718246203
46 14.694758850360198
46 20.039035290317969
46 11.723302217931792
46 8.988858997657509
46 13.758209973450963
46 12.606609918093937
46 11.278221933687835
46 7.619273093006122
46 8.957961521254278
46 24.274012674212994
46 9.063504635666611
46 9.946112835801472
46 22.192271077158257
46 22.485986092818237
46 16.508109493335301
46 12.368028010707016
46 13.582261837834809
46 10.150112766318991
46 16.335120027096437
46 11.159082525613755
46 20.035551539377479
46 14.125972269481016
46 14.262189622979562
46 19.843515611074398
46 12.172316355054754
46 13.350479861559844
46 13.533702930455680
46 14.326881801973473
46 10.362333496963007
46 25.964485075857269
46 20.869490655263728
46 17.220361752774423
46 16.578853771238439
46 19.365065400773098
46 17.365223600980695
46 13.164522935510082
46 15.016797789791370
46 12.759965217434111
46 11.403709001241110
46 15.179206336484544
46 10.711734167831649
46 24.518968107174675
46 10.410744569499990
46 12.750116791728303
46 14.045876763148513
46 12.551465210438707
46 27.301891089423272
46 12.402228091769105
46 17.492119066002157
46 14.706762121182596
46 18.505002101768056
46 9.819276316154909
46 15.929708910790417
46 20.567047754000704
46 10.841092824548785
46 13.026436649188859
46 9.590138461251053
46 12.729741358150253
46 18.904532825203567
46 18.499313221237845
46 15.327234445815801
46 17.863480375518577
46 10.476360267914602
46 22.414553323190944
46 19.184025667188813
46 11.367263967187931
46 20.316827184322726
46 23.320793804713155
46 15.868367552551746
46 11.641089006383220
46 15.591707950799560
46 20.720346801599693
46 25.345681364074093
46 14.337249095609641
46 10.805717249108227
46 18.011621630864056
46 15.661261439433655
46 21.370420015290087
46 20.966249807253664
46 12.942834292872529
46 10.801913539278285
46 13.356298474871247
46 12.563658334413095
46 12.299878368512443
46 12.783003058481707
46 12.825269096826824
46 17.134742673850475
46 20.212954044695174
46 22.277768577828752
46 10.248952778711878
46 14.275460354573532
46 20.446256235039574
46 23.584876113325798
46 11.533619300232232
46 17.297416344141322
46 9.151978078271295
46 25.881613779091527
46 16.408715776657075
46 8.244094975279690
46 10.142095743017467
46 14.751944840316613
46 6.790762711055306
46 12.482305554214520
46 13.260882634547114
46 12.599385493027217
46 12.060311838950884
46 14.222382311519755
46 14.004138260538300
46 15.933142601859018
46 12.056639825382458
46 14.935400791518470
46 16.328591842764340
46 8.361058188499698
46 11.251468890370541
46 9.043320782140222
46 19.159219988950376
46 16.911921895072844
46 15.984819737837761
46 9.632535615214129
46 9.068355675679026
46 9.148351548514075
46 9.861290115363305
46 15.113170167633189
46 14.596554972300982
46 13.415492862944102
46 7.161703839164243
46 15.025126802632492
46 11.317115338798757
46 15.485337754540250
46 12.734938013782401
46 9.494457064907204
46 13.209378800934589
46 7.767310298784417
46 20.894679990856265
46 10.109683118497268
46 12.870472924715923
46 21.335748399887592
46 12.418553034385926
46 16.155424684953786
46 11.040961189647117
46 13.896320612860929
46 15.301404141400587
46 10.180754849363392
46 12.784997139584792
46 20.565337247831000
46 17.291278640575204
46 15.885593378865309
46 12.285683152325765
46 9.531617983824290
46 11.527760744047914
46 10.059167175320557
46 11.223173215320493
46 11.932339913312896
46 10.722129483771088
46 9.913491319252904
46 23.853431408924106
46 20.047016499589486
46 16.802749623801578
46 23.446941199122612
46 12.461802638193788
46 22.591497515893987
46 13.201328330452593
46 19.046422360847956
46 10.643816604266471
46 10.248759007831680
46 9.855674216983504
46 20.625161013610352
46 14.952393915616657
46 17.816127501854876
46 13.986916887834067
46 12.791017165987462
46 15.390810066640256
46 17.472963747703488
46 9.506145640035703
46 14.288739257817422
46 21.340466271897128
46 12.904554933142037
46 18.019864741899266
46 10.687001606777567
46 12.583786084629192
46 9.134003626278220
46 15.865087871131429
46 10.984413896165242
46 11.621423030672901
46 8.523022902271697
46 24.639799428798383
46 10.538012912136173
46 18.962070005838221
46 11.599147218917381
46 12.937232155217320
46 23.947304453686499
46 20.830452121558153
46 11.815704368559992
46 14.560733615580887
46 16.449627743407845
46 10.872777881430286
46 22.787174496551607
46 18.300777632205467
46 25.340770524799261
46 11.975809359984812
46 24.909753476051932
46 11.813323069662591
46 18.004210409238460
46 17.146535647262574
46 15.505849228410375
46 9.813053057398232
46 14.599937361992547
46 9.170031761550904
46 16.033562423692960
46 16.540368082457022
46 12.344536821715810
46 13.850225189940407
46 12.584240569774305
46 16.927492427608524
46 21.835865062493074
46 25.239031948034814
46 13.238601557698608
46 10.958783647130131
46 10.669596219789206
46 9.679395524483880
46 10.700720973864271
46 14.026888978695649
46 11.374687958913189
46 8.134981889146058
46 10.091525894806065
46 9.098791442979838
46 21.316184778096471
46 10.430330705568668
46 20.303831978865151
46 14.887098643425283
46 25.565803826629370
46 19.919310311349481
46 15.577376700900949
46 5.817679516405760
46 10.365919596377633
46 20.039734101878242
46 16.095600756179159
46 22.075638993025848
46 13.407655793585430
46 13.646653398819687
46 15.558972707825390
46 13.575395422380744
46 23.439187055200527
46 15.837813673813804
46 20.146452044595723
46 15.655594272569068
46 17.067677224153368
46 11.750432565759088
46 13.926876817018425
46 22.554865549036787
46 10.207182008644466
46 13.399873619826895
46 22.370073789394549
46 16.024467958166461
46 8.790891930094048
46 13.723514774272099
46 23.437900196049263
46 9.680135877153505
46 16.142560939369723
46 13.156215798121004
46 16.144306663411111
46 22.191624424003958
46 15.772173088105561
46 12.794463913699534
46 9.568526752020738
46 13.442658024947434
46 19.840522279122524
46 12.671945063919047
46 21.473605308700606
46 23.204456888503479
46 9.845197320943715
46 21.835239550074171
46 15.320836482145037
46 18.194566103302602
46 19.576987708824795
46 15.678436130787746
46 24.722628338240110
46 21.612919391685399
46 16.597179861413551
46 15.036513386826162
46 13.841986585585104
46 11.470202328433668
46 16.469256143576089
46 11.858525230099222
46 18.374940892549674
46 14.501661861799036
46 16.074963125479030
46 24.030668424789262
46 16.077375400044875
46 13.382563191129641
46 11.884538636665978
46 13.234726475925537
46 19.952593973587753
46 12.979407726385459
46 9.968973645818620
46 8.991169558407583
46 8.983932167659901
46 20.144338502339856
46 22.416017940082831
46 17.847171278788426
46 15.646894050186781
46 17.899542224503957
46 18.602727067937643
46 23.880692841185756
46 9.576421164723843
46 11.382507938553264
46 8.001742832665840
46 7.988503487791887
46 20.063772983859078
46 14.018468497923770
46 9.356878045476281
46 11.181851731371287
46 18.661691985843994
