10 0.033682498868970
10 0.030986324452432
10 0.020279904839847
10 0.048895222936193
10 0.029040153261307
10 0.019818560872589
10 0.035796008154559
10 0.017526203825482
10 0.017024993137655
10 0.019208419973527
10 0.027841982796020
10 0.014746803368268
10 0.038728325926017
10 0.047243874192372
10 0.014762208340103
10 0.020379459472784
10 0.019045735873372
10 0.017291324109380
10 0.026832760227768
10 0.027545479403473
10 0.019261247490734
10 0.034566203960983
10 0.030724337848493
10 0.018255133134337
10 0.026336015545030
10 0.029940655660929
10 0.038421582300867
10 0.029876637519240
10 0.035525555539321
10 0.049440715154474
10 0.023514266873597
10 0.029530648098349
10 0.027526044223356
10 0.029991326619539
10 0.024386976710610
10 0.021549211388961
10 0.016051213598546
10 0.018091076259656
10 0.015931349215382
10 0.015592655730871
10 0.018271238560690
10 0.024199120154767
10 0.044013868506970
10 0.021189597642827
10 0.018692007638739
10 0.023770832146537
10 0.018571068715240
10 0.022447713415476
10 0.032065632130273
10 0.018713706498373
10 0.019384698865736
10 0.045782078043358
10 0.043495317790251
10 0.038039292361605
10 0.022271652466859
10 0.033301893485401
10 0.040071563905078
10 0.029660343362059
10 0.029054946291393
10 0.049312166754721
10 0.018675493999733
10 0.014869079190655
10 0.023463942206034
10 0.015224451399063
10 0.016712668443185
10 0.012866095155639
10 0.021036534851481
10 0.026920321421752
10 0.040258395990095
10 0.021791907524792
10 0.032083303048996
10 0.026489206878944
10 0.038679038986318
10 0.015634150563497
10 0.016384841655061
10 0.036846668945382
10 0.024944426282937
10 0.024896655279388
10 0.018537100927218
10 0.030282441173438
10 0.020008678715916
10 0.028773705866341
10 0.029330303156840
10 0.017313982169964
10 0.028725092123046
10 0.024514606988168
10 0.029748924904017
10 0.023534371131580
10 0.036208943687819
10 0.030787449104934
10 0.031266238500981
10 0.036297877194434
10 0.027067246736134
10 0.017162713278270
10 0.030268428320269
10 0.056725430291378
10 0.021142731089335
10 0.038253808579380
10 0.051430016205033
10 0.022794763772788
10 0.017375699839297
10 0.036600872774035
10 0.032348787809374
10 0.011838033158339
10 0.018618986340451
10 0.015044185269413
10 0.026458808674621
10 0.019490069318707
10 0.032417158941176
10 0.018744826117415
10 0.019757595714358
10 0.016972359681724
10 0.016203166546601
10 0.019646911943017
10 0.018313093690212
10 0.022849070470135
10 0.013228549883571
10 0.028075885056187
10 0.024250617109068
10 0.017195194427883
10 0.028634153194823
10 0.022646494529433
10 0.023209567294476
10 0.014196105607412
10 0.034452420936268
10 0.018682046144116
10 0.031087496536567
10 0.022065047883371
10 0.015328691866399
10 0.021215902413108
10 0.024319470269156
10 0.024148506253324
10 0.036338396976129
10 0.024808596039081
10 0.023346123644945
10 0.031134268213763
10 0.015121418261678
10 0.037806688939400
10 0.029686700749646
10 0.022443009312365
10 0.019816536764676
10 0.038459157335190
10 0.031723195559559
10 0.040015962685682
10 0.015773719006607
10 0.039529657696320
10 0.022051966434642
10 0.038808708394129
10 0.024828283564154
10 0.041017969188826
10 0.013165413835374
10 0.025901385862196
10 0.024037834871691
10 0.033257179021675
10 0.022554757128267
10 0.021339637018577
10 0.015129764034659
10 0.043834368591769
10 0.029174261243354
10 0.023300179885392
10 0.011353762358406
10 0.044979247769335
10 0.026154381349084
10 0.038661239585879
10 0.016368149637717
10 0.027295978079958
10 0.034671866664681
10 0.043331336131509
10 0.020935366612645
10 0.038475609171646
10 0.015120085757689
10 0.032726612316347
10 0.023716994704780
10 0.023604851558097
10 0.040713772379153
10 0.018044766341706
10 0.024797222351246
10 0.029417530026922
10 0.019489941995077
10 0.024390269868350
10 0.039795485478566
10 0.045184433945174
10 0.029917244298682
10 0.022385678536574
10 0.021900551434915
10 0.015447904062635
10 0.026748567333126
10 0.055578109118811
10 0.035599125699534
10 0.020254761872926
10 0.020222263719498
10 0.020806785411165
10 0.021066803515633
10 0.033510921070988
10 0.015717233385710
10 0.043142127116583
10 0.031113234486576
10 0.017142276072302
10 0.029577517913680
10 0.033287701680348
10 0.042942565559763
10 0.024565974815040
10 0.030226741596867
10 0.044785513374292
10 0.042449482397025
10 0.027414686679989
10 0.022070021337304
10 0.023129188998314
10 0.015270652163916
10 0.042174632552202
10 0.037712635217188
10 0.024507204172640
10 0.027769841522258
10 0.029790888310987
10 0.030172161065564
10 0.019983911035340
10 0.018446841934455
10 0.018205043743709
10 0.026192665008019
10 0.036029025659979
10 0.012287737702903
10 0.015067103194274
10 0.018803716346007
10 0.035168825531806
10 0.022134895554149
10 0.026441276857092
10 0.020001563850512
10 0.022719253684953
10 0.025194400014147
10 0.035182652942820
10 0.025139787363877
10 0.036817109613291
10 0.018058213438667
10 0.011166529980481
10 0.019938979228863
10 0.015901952367139
10 0.026963530037637
10 0.029911295127412
10 0.021577272854262
10 0.027137602184186
10 0.020858860147055
10 0.024831427591237
10 0.017896365788678
10 0.025775728604413
10 0.018619828980094
10 0.018514655727794
10 0.017588670610921
10 0.045833130421558
10 0.017328868374512
10 0.014512888287214
10 0.018190805309738
10 0.019478758973881
10 0.018599275986035
10 0.030874943777264
10 0.021296546747107
10 0.017798609477068
10 0.016189735375888
10 0.021601507378811
10 0.020040664666908
10 0.015512952025889
10 0.018231592401497
10 0.028900524802946
10 0.041359839726656
10 0.033526391223044
10 0.020324254035389
10 0.018872757467544
10 0.016722023126716
10 0.028313643646026
10 0.026609141241832
10 0.057828606827038
10 0.019677543405176
10 0.021423892504636
10 0.039858808287263
10 0.030528390547007
10 0.018531167745072
10 0.041216484432903
10 0.018067404023579
10 0.042928350524187
10 0.024882478959555
10 0.040126631016364
10 0.014772418916746
10 0.015671838447369
10 0.038159569067004
10 0.025452663460239
10 0.032756375528565
10 0.036141455262365
10 0.040367530073255
10 0.030586897557602
10 0.018742895672828
10 0.025594242737906
10 0.021122558156624
10 0.027460248411080
10 0.015146570822608
10 0.029150973121365
10 0.016833229601371
10 0.033107742739383
10 0.018392511945346
10 0.017400774480021
10 0.017058548138865
10 0.028833826378052
10 0.020041363110651
10 0.037321091732686
10 0.016288851294955
10 0.032918886598597
10 0.019942205049525
10 0.036786414419697
10 0.024624614345068
10 0.028786478539099
10 0.025240353022111
10 0.043042483688050
10 0.022704267691091
10 0.024579407983125
10 0.029241609928288
10 0.022199624191062
10 0.028152538559440
10 0.020180834275466
10 0.039338624379249
10 0.027956566142339
10 0.026647189677794
10 0.013101561247283
10 0.016393744681898
10 0.021263249093652
10 0.041818973535954
10 0.023698077753376
10 0.016918420442644
10 0.027313879372765
10 0.018707628141344
10 0.021155082043034
10 0.031479701427740
10 0.023943245985175
10 0.027286022037244
10 0.022518542633217
10 0.015871082890267
10 0.016446216328665
10 0.025024041085996
10 0.021670971231174
10 0.015375081537089
10 0.030694093056160
10 0.037652250096760
10 0.020122980489956
10 0.030106308562048
10 0.025981461395516
10 0.010469290122004
10 0.026322876547800
10 0.017426010225231
10 0.025125924505891
10 0.021032827211056
10 0.032319335415281
10 0.012011513280227
10 0.022366442727309
10 0.023456769693045
10 0.020438035173965
10 0.017063192199352
10 0.024218249026481
10 0.024000530324900
10 0.043197944943989
10 0.027635248285324
10 0.020304804160405
10 0.030269842373187
10 0.018180501501114
10 0.035481046081009
10 0.028279708158543
10 0.015068323177559
10 0.016770340998399
10 0.022227144328413
10 0.043015035045965
10 0.023346161354779
10 0.040770674639643
10 0.014380897487829
10 0.033424680784724
10 0.024253229205027
10 0.021753545364358
10 0.037595301226843
10 0.028228440237256
10 0.032282431005534
10 0.023072304114606
10 0.026588299970249
10 0.040805195958420
10 0.023119890652759
10 0.031101415052317
10 0.015294516245205
10 0.026754133044552
10 0.020093458021334
10 0.015884989951316
10 0.047153251367551
10 0.020758012520928
10 0.012215449604751
10 0.027490346253910
10 0.035284659536344
10 0.025702946909863
10 0.026698097809635
10 0.041048600063764
10 0.047266181176421
10 0.011306506906421
10 0.025304960336215
10 0.017515801349300
10 0.020227460896042
10 0.016884323497388
10 0.045190758037306
10 0.048261310260073
10 0.025123315815392
10 0.018883292096381
10 0.014807292480462
10 0.029557360227442
10 0.038785528971219
10 0.024609163356965
10 0.035027845991303
10 0.019932865708695
10 0.024685808701439
10 0.022122154095738
10 0.040302054163471
10 0.011524382205956
10 0.035336506472867
10 0.022870497695030
10 0.019366258962061
10 0.018276393506624
10 0.023688971669775
10 0.016996509489101
10 0.018059647905423
10 0.015938294863424
10 0.016141437295137
10 0.024776836387094
10 0.039342544826638
10 0.014793766688944
10 0.017619841432723
10 0.031548849700331
10 0.032285038691147
10 0.025365939240788
10 0.054539808579231
10 0.024587671856570
10 0.019089964182118
10 0.038937203878476
10 0.021481492621056
10 0.017681098718698
10 0.034133217241989
10 0.031471816739996
10 0.038816843532814
10 0.036372095678639
10 0.014756070983569
10 0.019652607974281
10 0.019065317956159
10 0.017041896759310
10 0.023450569747768
10 0.050637696345733
10 0.015909993234494
10 0.025889028954052
10 0.028526699467820
10 0.012650929429985
10 0.026142318745915
10 0.015350572176886
10 0.017562954165203
10 0.016632442851675
10 0.034363679734602
10 0.022279242044181
10 0.037076338695200
10 0.025171167089624
10 0.031740564344622
10 0.018059779060849
10 0.032751779647987
10 0.031973517773194
10 0.024753612160349
10 0.018339370642648
10 0.035495292544762
10 0.026300211849846
10 0.022486451598785
10 0.015794281348516
10 0.022160727479501
10 0.021678076602944
10 0.015613944549710
10 0.028972065123423
10 0.014070547192594
10 0.023043322750994
10 0.029342210103825
10 0.020913450880622
10 0.020509142304767
10 0.012417811193719
10 0.044912393413630
10 0.055259103852759
10 0.020640257134387
10 0.019502115478188
10 0.025038667789469
10 0.028386807369460
10 0.032200567674980
10 0.022989262149276
10 0.028624155729575
10 0.043728846129091
10 0.024095119825870
10 0.034526425680166
10 0.034058277388324
10 0.026074854502268
10 0.041576525741466
10 0.012806911291147
10 0.023768320057432
10 0.028337512024159
10 0.035358069120887
10 0.026884807060788
10 0.029202043318174
10 0.020778245825236
10 0.028057817632911
10 0.047606606179199
16 0.204652075635775
16 0.132200388369657
16 0.145126742795092
16 0.099859064471500
16 0.193354928088173
16 0.274423052775791
16 0.160776016841420
16 0.131980492960434
16 0.236440334546367
16 0.199793195476240
16 0.259771397029383
16 0.107954304523749
16 0.125799401942129
16 0.177331612506159
16 0.127329764929618
16 0.133674594972011
16 0.224186070490519
16 0.358766760517279
16 0.112418107983256
16 0.137677689093312
16 0.145727617395502
16 0.152865641490303
16 0.098948270645865
16 0.143703856244456
16 0.261515640763397
16 0.170240246524378
16 0.123977805975192
16 0.271159359826515
16 0.219306696534775
16 0.093923723364357
16 0.187914683063938
16 0.162822972723417
16 0.230488718293989
16 0.125407508598614
16 0.177727248182387
16 0.153387156199944
16 0.108133809053911
16 0.206168954632481
16 0.147010335591078
16 0.191271628777337
16 0.231763444989900
16 0.163319149443291
16 0.190863470805608
16 0.276951291634104
16 0.178155419931124
16 0.257011404893063
16 0.169240413665823
16 0.200876663769749
16 0.253043040491176
16 0.209008542394670
16 0.266780189301820
16 0.178938218701810
16 0.173288820605827
16 0.185529985869929
16 0.167667412723937
16 0.268379396442643
16 0.147907804585505
16 0.100584083069732
16 0.155712920718687
16 0.221916829008058
16 0.133771358659811
16 0.097119916513682
16 0.273487353880859
16 0.111801572962328
16 0.102737228503828
16 0.335477289366134
16 0.147774925778905
16 0.191811040683277
16 0.214665173586825
16 0.104252373925496
16 0.126451806799006
16 0.253292861913197
16 0.125346663912163
16 0.104891048342996
16 0.164989480868406
16 0.145917940386551
16 0.152418418726423
16 0.128427791529514
16 0.119659701125393
16 0.342003277012502
16 0.278623144716032
16 0.330067634070949
16 0.239616351225451
16 0.308241840226159
16 0.272324338107988
16 0.125554720533885
16 0.234145769237594
16 0.146755934180806
16 0.172294771540464
16 0.088821366329815
16 0.128518818984058
16 0.265513046847359
16 0.092737090783379
16 0.139499916357781
16 0.172984187188911
16 0.149850232509970
16 0.256162355563298
16 0.157234779453186
16 0.157543072120663
16 0.127009342208985
16 0.138917311107106
16 0.151968644483113
16 0.151761154478146
16 0.111294254090852
16 0.172954635613607
16 0.171931077543380
16 0.138710045402283
16 0.204553641769783
16 0.159534340738813
16 0.109444168597498
16 0.121218653095887
16 0.176667914805681
16 0.115788240779877
16 0.087736662648108
16 0.110386077789943
16 0.211232463823365
16 0.133274070049458
16 0.177964830478901
16 0.256722935962875
16 0.099749526535744
16 0.192693565926660
16 0.209869991040482
16 0.223155744783687
16 0.407438109524830
16 0.202487924988080
16 0.193424634621768
16 0.247948532976262
16 0.098740552284548
16 0.176843207266456
16 0.134726737124720
16 0.269268848726819
16 0.232833792707171
16 0.193596645627617
16 0.169281319246447
16 0.278805226642555
16 0.306550377700133
16 0.079531658284268
16 0.203220294685367
16 0.160806003615854
16 0.125070400555757
16 0.144952816148434
16 0.150441686495432
16 0.145027492202210
16 0.163625483933694
16 0.125550551153927
16 0.115312616108133
16 0.116959311249202
16 0.127082212901858
16 0.359000206502655
16 0.187856674212909
16 0.150493013099539
16 0.132522573060141
16 0.213561610473808
16 0.105045159479358
16 0.143231401849176
16 0.155064269717996
16 0.198115593925115
16 0.114534080106814
16 0.089172591441434
16 0.212163893675073
16 0.188296148933890
16 0.145657148588307
16 0.142651999264729
16 0.147218272728146
16 0.270620978132206
16 0.135240365923687
16 0.137461276697256
16 0.206224028204513
16 0.103866135892306
16 0.101481355186181
16 0.161926594930084
16 0.115356225333681
16 0.095820145172352
16 0.185567147895926
16 0.198254055082311
16 0.281590726853375
16 0.100893748952209
16 0.289202442635064
16 0.201016249122256
16 0.123443661353003
16 0.080556861727663
16 0.176015943400593
16 0.194989675657545
16 0.145742060893020
16 0.092049722803893
16 0.107916235208389
16 0.181623167012647
16 0.129758060842104
16 0.185049387317197
16 0.304397004224948
16 0.325392088198242
16 0.260350509583778
16 0.192604146491288
16 0.164931260178551
16 0.228805379891174
16 0.243061142944937
16 0.146732879244374
16 0.093802854121983
16 0.166899118589310
16 0.182113750359393
16 0.117829163595234
16 0.081359663534550
16 0.087777252088700
16 0.173224132559295
16 0.168111361407822
16 0.196539196978573
16 0.181634973650967
16 0.234822244397663
16 0.160523202499024
16 0.110975430996679
16 0.182152179637461
16 0.202863449560336
16 0.107514087609086
16 0.197363300088205
16 0.149432298604874
16 0.092800787272732
16 0.117611985075005
16 0.218350055653854
16 0.173835659821969
16 0.185939878017067
16 0.142566828845771
16 0.279556779045211
16 0.263632552929497
16 0.172641742474428
16 0.134340157898539
16 0.259903159446719
16 0.171681014348075
16 0.145670919020989
16 0.179398143475318
16 0.168014582793453
16 0.160777655962554
16 0.192623814896648
16 0.215839529938502
16 0.131264879566547
16 0.086464644839972
16 0.122437050448613
16 0.111831158283855
16 0.107294759303316
16 0.234887471473368
16 0.073778969288798
16 0.143517788164083
16 0.194865157705082
16 0.101250465925937
16 0.100215151310029
16 0.219686597038030
16 0.189075034252232
16 0.133308024774798
16 0.309147167927874
16 0.135633440039981
16 0.126962986654951
16 0.151018497584610
16 0.196509775853387
16 0.172765096610419
16 0.212192184566766
16 0.132343230928026
16 0.087218614510677
16 0.191327521708687
16 0.258799965637371
16 0.180556840762254
16 0.251243642717238
16 0.228059890642686
16 0.117107437498472
16 0.153568941223604
16 0.150813126084981
16 0.126639294196666
16 0.297674189962795
16 0.108382144933848
16 0.165246290798596
16 0.218304319749092
16 0.239593851173594
16 0.127795577599701
16 0.106883738333292
16 0.165858335398392
16 0.211547070874983
16 0.120093041009335
16 0.129167200741997
16 0.234711339484662
16 0.228909940119663
16 0.205951912449150
16 0.133561626408509
16 0.109877461246459
16 0.117912048111796
16 0.126377463507122
16 0.144800600602598
16 0.165215363082756
16 0.103959782228198
16 0.095603768953679
16 0.118722295543196
16 0.287575379754567
16 0.191963604432164
16 0.209887742295103
16 0.104917042623664
16 0.149379185490185
16 0.097277937080886
16 0.201046039194890
16 0.211703066611645
16 0.169565710276870
16 0.100823102681819
16 0.121948645903647
16 0.187752693236073
16 0.175184339379905
16 0.186425037731679
16 0.124252617878305
16 0.103394474138298
16 0.154173978509533
16 0.188953022413658
16 0.186647661954025
16 0.098208658537444
16 0.133538517433303
16 0.169032894195879
16 0.110432563495587
16 0.266853118344100
16 0.099384819674789
16 0.125325124863104
16 0.225047730399139
16 0.261741698625747
16 0.196671719350526
16 0.113953404473270
16 0.162069912539914
16 0.175905595597504
16 0.220807864967267
16 0.265439630343047
16 0.115993150811732
16 0.124844535191467
16 0.129959664870094
16 0.114974062201482
16 0.184938233179967
16 0.118607158489295
16 0.183189337142430
16 0.236186832898623
16 0.117774663938555
16 0.140114026792364
16 0.232943770843517
16 0.099417824390674
16 0.279110016344595
16 0.094716326078161
16 0.225340338988900
16 0.099679649535947
16 0.170711838217360
16 0.184546669380068
16 0.176231519550784
16 0.192935525670123
16 0.116126680686189
16 0.229386269118605
16 0.106476212960035
16 0.125633532529109
16 0.245349183252242
16 0.102101820946941
16 0.211690742340490
16 0.103811346982031
16 0.173297473850802
16 0.121830031527437
16 0.218115689704023
16 0.138478880594530
16 0.099287091150942
16 0.167658650889353
16 0.114901122103087
16 0.213817961475914
16 0.110665902492740
16 0.294228799825334
16 0.133538122410406
16 0.204058273839934
16 0.112202241896015
16 0.193269724044574
16 0.149218995789955
16 0.293187026447856
16 0.144664389764928
16 0.187900287945408
16 0.145700472222849
16 0.232168316771394
16 0.241832665476293
16 0.210375176995080
16 0.150386787277127
16 0.259047986697890
16 0.135659032632365
16 0.280823442279823
16 0.162372525380650
16 0.316159865198244
16 0.203181230319639
16 0.133871352961949
16 0.371355193274864
16 0.134544652859256
16 0.121250716338880
16 0.165529244647561
16 0.129208018718043
16 0.186592716106999
16 0.189676271348794
16 0.152865370248988
16 0.089139478885670
16 0.180091148408797
16 0.159834498300201
16 0.291170634413696
16 0.180767421836640
16 0.151685441188452
16 0.227320215185480
16 0.143359947833120
16 0.126151435999940
16 0.157107363393211
16 0.191000874174627
16 0.244592281066752
16 0.203795988480902
16 0.326383665828755
16 0.190877174149291
16 0.223114022069087
16 0.110084422863647
16 0.214015319605949
16 0.113312251351581
16 0.147930001604816
16 0.146692450513018
16 0.135849680242631
16 0.130894635610850
16 0.142928746345384
16 0.171226437994723
16 0.120474435092733
16 0.123819625328797
16 0.108149138954480
16 0.232067540129973
16 0.133938888147391
16 0.228749735393966
16 0.162961353284288
16 0.182605950486933
16 0.115979961463139
16 0.138471634068224
16 0.239225615695798
16 0.234285629529803
16 0.194976519932961
16 0.095935693078425
16 0.387092246520486
16 0.129368963006962
16 0.238666393254042
16 0.140161272870456
16 0.156670063835137
16 0.102587394284602
16 0.150024002746474
16 0.354024615822301
16 0.187472804828810
16 0.140522148837424
16 0.270120079598308
16 0.161522754814236
16 0.119128305219286
16 0.135502548434525
16 0.112022107248944
16 0.134507706041380
16 0.125673523468902
16 0.110202514958881
16 0.204428185960826
16 0.166599623209988
16 0.239677908055772
16 0.131192423473660
16 0.273002946279395
16 0.247217319025510
16 0.157903241667304
16 0.215035184284927
16 0.292844010190048
16 0.236021521267670
16 0.129089486727975
16 0.144080955041104
16 0.197192250613678
16 0.248351963138190
16 0.171262391904006
16 0.138915201701917
16 0.159747335056525
16 0.260996374807923
16 0.107625469135714
16 0.198982589384360
16 0.105748220371121
16 0.387016291222414
16 0.113813547714447
16 0.179787828234922
16 0.222017326325989
16 0.102879736304373
16 0.149927916067717
16 0.175662997529191
16 0.140487502787746
16 0.224101070073794
16 0.142708837247561
16 0.132018348813282
16 0.082500024756356
16 0.132641001461904
16 0.213302220964045
16 0.223158985833572
16 0.165020670977543
16 0.192545183474896
16 0.207575243118320
16 0.208130283957961
16 0.245729548203530
16 0.211452159395830
16 0.182350839938737
16 0.216460390548299
16 0.126929797049118
16 0.111647245104068
16 0.203328553398682
16 0.128357190915826
16 0.139199325428779
16 0.120161649286618
16 0.184719919806507
16 0.106809434446296
16 0.189457504849299
16 0.154283016026805
16 0.252682842302164
22 0.693775855672088
22 0.571794278312609
22 0.703598266160014
22 0.992302438471178
22 0.731909386023650
22 0.591607354289198
22 0.397022431483645
22 0.667548721965861
22 0.989802035320928
22 0.475093948842480
22 0.780232926428768
22 0.670871873308514
22 0.540991122640927
22 0.444114439855102
22 0.429353530568303
22 0.436286077130018
22 0.312366560521492
22 0.907097278892564
22 0.926443104798951
22 0.563751030141803
22 0.463572150087445
22 0.343848430754565
22 0.609586297542737
22 0.537532664745618
22 0.655204410849130
22 0.489359501038780
22 0.795916463295148
22 0.824208444315301
22 0.648865467453735
22 0.816270602857106
22 0.352624929777054
22 0.485685430044097
22 0.562466873732091
22 0.583294209760847
22 0.811679129595805
22 0.465754077330290
22 0.488891119429238
22 0.806733932077625
22 0.874960944255309
22 0.496162975963862
22 0.551141835216656
22 1.459577836007352
22 0.461538029832707
22 0.563493255715798
22 0.525434577365287
22 0.544920449112142
22 0.524984152860752
22 0.618110378613780
22 0.644527785031221
22 0.619165079476488
22 1.088687782449292
22 0.421857168748460
22 0.701974440448592
22 0.712611839218116
22 0.808019228270312
22 0.518578490918186
22 0.687236648826205
22 0.561874682949267
22 0.596183777034973
22 0.756030141782003
22 0.668925861748785
22 1.609267128130561
22 0.531658683950597
22 0.485087057986321
22 0.581163264621859
22 1.032722140014358
22 0.985796082422748
22 0.543013039539597
22 0.520731224003010
22 0.565649490712666
22 0.770351274265070
22 0.566807601448564
22 0.583249402491997
22 0.984012055919525
22 0.647235059353533
22 0.595282387499420
22 0.446454247647772
22 1.075583886328161
22 0.417120515296655
22 0.758015998525127
22 0.413625352424156
22 0.704549406593928
22 0.631716243753118
22 1.030286475372524
22 0.278745995525219
22 0.395354219889157
22 0.568564120307696
22 0.428741830642727
22 0.727360837519510
22 1.081217322048114
22 0.513048784589145
22 0.778716616810249
22 0.811151179680603
22 0.769794965378326
22 0.862985383897304
22 0.581758736085468
22 0.639557916078703
22 0.358666051792459
22 0.710659079025870
22 0.689852926895413
22 0.481201340054323
22 0.979112397374864
22 0.587437822893319
22 0.540225787243548
22 0.620286227413009
22 0.303655065425686
22 0.609036533086349
22 0.427017568745779
22 0.425517426602228
22 0.393834331197251
22 0.527413362440251
22 0.773119870636930
22 0.353105279342804
22 1.151759603272279
22 0.731772534590905
22 0.583712969783163
22 0.361941216834120
22 1.000159194629350
22 0.513347233904926
22 1.459452984024712
22 0.601561692700617
22 0.672719705291797
22 0.788408820767398
22 0.711308335239444
22 0.972039964112576
22 0.843100260691844
22 0.801780825647045
22 0.590188538193705
22 0.487604632087995
22 0.469366361433227
22 0.525947894610725
22 0.478512923060352
22 0.576095327668042
22 0.410230215191498
22 1.064567547277091
22 0.370696718698366
22 0.477258603334972
22 0.741550339415448
22 0.749552602075618
22 0.448820783040011
22 0.570340699172818
22 0.524417359773129
22 0.438323484531339
22 0.403077877509789
22 0.456884497464066
22 0.608322297388175
22 0.723960987639946
22 0.825942971402001
22 0.683994133799812
22 0.317434491389935
22 0.676324430747161
22 0.809850182797904
22 0.524992779299448
22 0.283319340125879
22 0.734942219110813
22 0.686443024422131
22 1.232350546149932
22 0.771990910797394
22 0.982185890489082
22 0.427921513177340
22 0.845202121190967
22 0.980709645144755
22 1.188204930529361
22 0.987851886564222
22 0.396025419769675
22 0.546037891548740
22 0.360083534777566
22 0.501194546795524
22 0.524784759669546
22 0.746669687613751
22 0.486567325644960
22 0.793507907932709
22 0.615511585223328
22 0.432900408878482
22 0.492451271917120
22 0.501012265554651
22 0.469908712803912
22 0.342934668497358
22 0.451980350549551
22 0.774819534780278
22 0.381542084350089
22 0.533237092220391
22 0.749742435531312
22 0.750419932442007
22 0.896607135605615
22 0.715234431308098
22 0.914338618961720
22 0.678841449393888
22 0.461102784495799
22 0.576063144990437
22 0.490486790823062
22 0.935654662910693
22 0.837854934622057
22 0.713951082203289
22 0.529196250865969
22 0.874830378504006
22 0.561334831535889
22 0.355487090804276
22 0.593851006920646
22 0.863760298492071
22 0.497225701309370
22 0.773192618637720
22 1.160000820624537
22 0.379475370191531
22 0.702716741721504
22 0.512778937623845
22 0.601577018431938
22 0.889596315407042
22 0.494414040242422
22 0.284011723604234
22 0.485142278200164
22 0.751031292490319
22 0.983954624428062
22 0.360832338391051
22 1.292100471050351
22 0.979823638468687
22 0.650105899397200
22 1.469149527716015
22 0.587526325546157
22 0.483015873455768
22 0.802621041571320
22 0.576555449438406
22 0.740104779744487
22 0.380336471125428
22 0.483180379441914
22 0.512360799037509
22 0.331447617232095
22 0.476064567620067
22 0.756665275032875
22 0.609232853020441
22 0.686011956070833
22 1.091368472370317
22 0.889349279226798
22 0.456532170563298
22 0.538138645375787
22 0.603997726514963
22 0.628065340126845
22 0.717252095294650
22 0.698389789097450
22 0.854691208418269
22 0.287435960495148
22 0.395906005518617
22 0.669567846481615
22 0.530686963008497
22 0.399178126500943
22 0.415322635936139
22 0.577729694285210
22 0.627907255367128
22 0.930294137225042
22 0.670474153076717
22 0.670946206634747
22 0.561547501099533
22 1.194966200767726
22 0.387251209011803
22 0.549684740357997
22 0.558771339633042
22 0.338517634960980
22 0.375056718662535
22 0.636923033872106
22 0.576397662933732
22 0.649437832469195
22 1.024857011942852
22 0.812017833479773
22 0.313557764633659
22 0.711626895568753
22 1.305482183789002
22 0.318343523797645
22 0.457179179766229
22 0.385338351862688
22 0.573256958386582
22 0.832375839369677
22 0.555777937257930
22 0.523736758401201
22 1.025821429562056
22 0.659408337932800
22 0.516898660563564
22 1.109630384447060
22 0.346666380674720
22 0.786039589292262
22 0.527480681271746
22 0.674349198410350
22 0.420110159552799
22 1.049655008079254
22 0.631026979344755
22 0.926977664128732
22 0.488373994813199
22 0.592628172411747
22 1.062647367825792
22 0.623872797115725
22 0.421246165357993
22 0.487317631274453
22 1.143172455694090
22 0.511566645580163
22 0.714179319960080
22 0.552661112026924
22 0.557603764889623
22 0.750495832290256
22 1.090667752827318
22 0.378009467209725
22 0.564205593548361
22 0.516953960155021
22 0.732282131049968
22 1.041104032538725
22 0.492261405971034
22 0.682289953031497
22 0.656126470714486
22 0.537898661756883
22 1.173369011917717
22 0.606037417300426
22 0.397837623986112
22 0.612765176733774
22 0.470538094707182
22 0.824256528194337
22 0.584557203319196
22 0.509773344253162
22 0.573804193432328
22 0.788304079751754
22 0.386709078218709
22 0.345804398307629
22 0.591847747913063
22 0.685184552499551
22 0.946072489852482
22 0.630745768342113
22 0.849894005900938
22 0.552234007141266
22 0.804669273824901
22 0.338922329259289
22 0.277706278694990
22 0.885134769993225
22 0.701270673531745
22 0.556749640812602
22 0.472409454136662
22 0.568515232903533
22 0.497503639619314
22 1.044482269044551
22 0.846728611570560
22 0.513586193032906
22 0.740868788170083
22 0.510742181381862
22 0.757165646942646
22 0.628584381233941
22 0.660453381641626
22 0.478021239314700
22 0.271499867632815
22 1.131904036245675
22 0.531993197815367
22 0.816558524787065
22 0.428240609810577
22 0.439702978807021
22 0.511188757713756
22 0.630917408137562
22 0.715890728702339
22 0.708960309350885
22 0.937625128556118
22 0.517630957124823
22 1.058619182687249
22 0.915070839604261
22 0.578533726314040
22 0.412675259460274
22 0.530796034349875
22 0.437691255639246
22 0.639239830469340
22 0.756464112226535
22 0.505297050695814
22 0.555822844445117
22 0.817970841341980
22 0.548178424114137
22 0.742043423929932
22 0.479299095675822
22 0.717582982778619
22 0.768465028863716
22 0.759816917018031
22 0.616740136898220
22 0.430620131893297
22 0.381671603461387
22 0.725999722029711
22 0.308380426436853
22 1.092530318181839
22 0.430661399059979
22 0.747677459969364
22 0.528951810194551
22 0.587735098280919
22 0.725823423520090
22 0.832271936736723
22 0.736065060828447
22 0.730597829530749
22 0.840390208631888
22 0.665713182414058
22 0.545120871191649
22 0.631771907725018
22 0.799238908213329
22 0.888627950878739
22 0.430726032832556
22 0.371482379651041
22 0.951502476693419
22 0.411568567314336
22 1.021504134960253
22 0.486868282357857
22 0.448606908792612
22 0.649520657419400
22 0.490403282986615
22 0.811386222849951
22 0.640116495319051
22 0.582177535053669
22 0.595342929320884
22 0.530877227244687
22 0.572921007014915
22 0.500624036146659
22 0.524803536468902
22 0.923812599140767
22 0.773644721708467
22 0.468161126133575
22 0.566456260256380
22 0.401954263071786
22 0.534743982202573
22 0.565209910838758
22 0.578146247833292
22 1.263485910159813
22 0.527049402216107
22 0.936632683840036
22 0.684793941306794
22 0.447603245841806
22 0.519238850395622
22 0.600921252322494
22 0.604889616442700
22 0.579191862288310
22 0.788881568258391
22 0.534458709038965
22 1.514784073078622
22 0.479972552403052
22 0.491927017996134
22 0.757206658087690
22 0.685700563183976
22 0.865507200744638
22 0.342515346307878
22 0.583923579593180
22 0.658466545034944
22 0.550032070853495
22 0.589930022709725
22 0.535839342186183
22 0.734906952608865
22 0.719570485082666
22 1.121363991140865
22 0.371613145454708
22 0.878269492558746
22 0.473380229671372
22 0.527356420785841
22 0.515706101664783
22 0.940177510309140
22 0.490371851432036
22 0.771332560604529
22 0.384435867646845
22 0.615163162874814
22 0.399220027501383
22 0.954351440923524
22 0.643987358683125
22 0.499888898657427
22 0.491015659050523
22 0.643567561324716
22 0.674335222934683
22 0.742941150943108
22 0.815390322214917
22 0.625529387497556
22 1.010559483979400
22 0.447885697447362
22 0.403225345911858
22 0.502516900043108
22 1.197198965348237
22 0.565660374983527
22 0.850621396561044
22 0.597894391592432
22 0.479796569259825
22 0.572961881126052
22 0.523382296699867
22 0.750290596697220
22 0.450711394757581
22 0.414975561037079
22 0.939510449432807
22 0.564976520312543
22 0.790550854137654
22 0.560734658286092
22 0.580480313110797
22 0.404703018824590
22 0.631528247497328
22 0.452261974652974
22 0.467749425674133
22 0.350039553612453
22 0.828314602390917
22 0.419629183410808
22 0.684237103323468
22 0.887173740319303
22 0.986762222735239
22 0.489266421210792
22 0.572655872416019
22 0.795796838131402
22 0.465822654059072
22 0.658993873677235
22 0.899426008159485
22 0.685424571755023
22 0.391799437229931
28 1.487262600359385
28 1.384902051601799
28 1.427003748000073
28 0.808457674926073
28 1.146535746234420
28 2.020106160916938
28 2.028848566596986
28 2.127281263299222
28 2.805386061680231
28 1.614172434500579
28 1.151761861802935
28 1.410094910386094
28 0.834250435144281
28 1.438244887417162
28 1.854831659568897
28 2.055094443499382
28 2.536921060217126
28 2.072957208635039
28 1.129441981619733
28 0.944463728301682
28 1.122490222990242
28 1.670896701286608
28 1.237200867832629
28 2.164116909991568
28 1.946965544413774
28 1.837861147888330
28 1.606997674934994
28 2.675682379782564
28 2.213288856318587
28 2.577266236119596
28 1.838105644594640
28 0.778204292278621
28 1.846892314281878
28 2.666547874590242
28 2.380946284051904
28 1.912416617418275
28 1.848958544849437
28 1.442331458580960
28 1.557277378023557
28 0.829803210394584
28 1.411127237182657
28 1.784983827244979
28 2.372431940944678
28 1.137817473132144
28 1.805347104811466
28 1.870606091204992
28 2.932244579617874
28 0.956297274398568
28 1.260459764638922
28 1.580725053391888
28 1.717757036714466
28 1.133276781258825
28 2.710407761135976
28 2.935361361114165
28 1.291342909369199
28 2.441353180248199
28 1.926537956704665
28 2.557002389903802
28 1.853611632539406
28 1.685712928127450
28 1.578245663229259
28 1.827580109242770
28 0.727375136915419
28 2.596973458447303
28 1.728690625465598
28 1.778634146524626
28 0.922218243102271
28 2.124575674943902
28 1.251494884554472
28 1.571021993235670
28 1.496039222903902
28 2.108563807504526
28 1.892512304635313
28 1.357771511543910
28 1.278116034891323
28 2.521229844879506
28 2.477185917214126
28 1.788583329377620
28 3.291089680232881
28 0.913479294729287
28 1.959336769924644
28 1.681759732236703
28 1.406393949826118
28 1.009296111661927
28 3.055906570730851
28 1.228832118262984
28 2.477081791948033
28 2.030780618761320
28 1.429996066555366
28 1.098189932500643
28 1.510785024043788
28 1.761198740561034
28 1.640100148102804
28 1.176950218832440
28 1.728081558741036
28 1.225890860452016
28 1.208236842520042
28 2.753444394134626
28 0.957329454295084
28 1.943541744818135
28 1.218254063543624
28 2.221780668844590
28 1.366854720046514
28 1.578921051835864
28 1.938812543548219
28 1.306195662426511
28 1.494149579098800
28 0.864522699088939
28 2.295186584878090
28 0.877522602163416
28 1.564572768207486
28 1.840317506714708
28 1.209706348295189
28 1.596378142327237
28 1.726341123476435
28 1.893386546125070
28 1.514747201660258
28 1.866184738330316
28 1.474644308598950
28 1.681787699105548
28 1.269061411812312
28 1.452788498226385
28 1.317148453241133
28 2.427212058473320
28 1.009000663659966
28 1.765978917195180
28 1.795919251334660
28 1.568505737480641
28 2.047971260207056
28 2.179294417542747
28 0.726142344188891
28 0.901802911052465
28 1.121270069474023
28 1.460893667525624
28 0.859907753042243
28 1.449829054981960
28 1.188678151849219
28 1.826596713717275
28 1.376529572833847
28 2.041483811816393
28 1.295540261108618
28 2.190881660140549
28 1.275125634221772
28 1.924932205393997
28 1.213231630877778
28 1.807686022869682
28 2.356287906486895
28 2.540368031442242
28 2.508388208338876
28 1.715941597672276
28 1.573486522947937
28 3.518835918370878
28 1.906629569657537
28 1.094158481674280
28 1.310238895705145
28 1.960886532200832
28 0.821560901942242
28 2.838117084412589
28 1.037608894370773
28 1.912034346761192
28 1.374367301895620
28 1.347662946554407
28 0.990903157415506
28 1.343783680006321
28 1.183784002452207
28 1.578919723834491
28 2.034666861759777
28 1.394093518142772
28 2.536895055213548
28 1.798933097164807
28 1.502725632693664
28 2.150298483334369
28 1.745593992602772
28 1.203509381645989
28 1.653016064220798
28 1.810150248223682
28 1.536791111619270
28 2.559268277608887
28 1.846243642465303
28 3.123284908262895
28 1.669679732688844
28 2.263682166445824
28 1.470884285966280
28 2.059182566378040
28 1.060372009708242
28 1.639862181309340
28 1.181094698949696
28 0.897988158988197
28 1.884936974141047
28 1.374502423017216
28 1.605685016526431
28 1.191972649846110
28 1.453681070462036
28 2.453904038042005
28 1.026585849017333
28 1.919000549559527
28 2.070860714247180
28 1.980030053352829
28 1.899913538220766
28 1.843017110347891
28 1.721508047386755
28 0.772326730359498
28 3.246146761693711
28 2.072152902428297
28 1.212228619331243
28 1.823254001040958
28 1.473397999015052
28 1.853211614583008
28 1.661411394737647
28 2.880533757347597
28 2.540528730424352
28 1.391099774586622
28 1.883169672876420
28 2.070817773575727
28 2.151966231277876
28 1.192344397625023
28 1.547916440896363
28 1.891192779725076
28 2.835725642369497
28 1.179314591839719
28 1.740379791725930
28 2.026166557478426
28 2.461882774331829
28 1.434261460081904
28 1.348449024575839
28 2.129976897221384
28 1.188837566216461
28 0.932842317164496
28 2.249296245969697
28 1.155479263085112
28 1.829922965984609
28 1.971099772140184
28 2.049408923311314
28 2.108507685378406
28 2.271535979554738
28 2.159820803010949
28 0.884162780330772
28 1.497935550451588
28 2.050282686302792
28 1.490282045972246
28 2.034422873016564
28 2.676896319770450
28 1.906368120433356
28 1.759747183160441
28 0.832147640665046
28 1.161366078128542
28 0.934818422584750
28 3.075442157328814
28 1.171038884329494
28 3.850876517037375
28 1.364877920742217
28 2.611320119601565
28 1.365277247591973
28 1.211016466415093
28 1.127466826652989
28 1.402805200802647
28 3.055977705205429
28 1.682848586298542
28 1.690996090404827
28 1.134824525308113
28 1.984445705966371
28 1.089561486113057
28 1.098403358859722
28 1.190182281380380
28 1.250525834082262
28 1.286201175310505
28 1.194578506876137
28 2.015168498011016
28 2.035660621544243
28 2.060463296779225
28 1.332859264745164
28 3.015513427669132
28 1.690015871930482
28 1.734920103331746
28 1.128863536876253
28 1.693403413037692
28 1.393763598304984
28 1.395804186881202
28 3.143592685407670
28 1.990628955626367
28 1.444791627045803
28 1.541394627311957
28 2.776224429552120
28 2.208458913790154
28 1.914615902031364
28 1.109078750306586
28 2.134257124362849
28 1.570524345540079
28 2.320539792728590
28 2.046663085484767
28 1.358170386160711
28 1.879028160778411
28 1.202145855798122
28 1.332126734522901
28 1.331319256898809
28 1.546631589277538
28 1.414060710087462
28 1.481935332776274
28 2.177684087057403
28 2.104875312651473
28 1.799459187283682
28 2.330476642062876
28 0.937124235508172
28 1.362804966132525
28 1.196594012988023
28 1.328675777424225
28 1.152293365850234
28 0.969654254522222
28 2.540727450669069
28 1.443841305496857
28 2.099283897019760
28 0.991226169181791
28 1.272913826553527
28 1.625457509639882
28 1.137747755002640
28 1.671523832629542
28 1.474820868436845
28 1.952915492034027
28 1.274192161727795
28 0.928372790443324
28 1.114942879319120
28 1.113398555322980
28 2.171295488478866
28 2.112365347197863
28 2.605166278838678
28 1.910547705913928
28 2.819977465196216
28 1.601253032999347
28 1.314614855687338
28 0.992729458669717
28 1.379627332941409
28 1.133216088007915
28 1.094762947133949
28 0.865275741011610
28 1.676484354009878
28 1.295410345984998
28 0.914947012381255
28 1.388274609354316
28 1.985650626719607
28 1.324079710539094
28 2.966229905630413
28 1.747614921300318
28 0.905449487332049
28 1.452014790992714
28 2.245260091183612
28 1.211556774945857
28 0.872758202821315
28 1.775536442061162
28 1.890200123473817
28 1.503663502598390
28 1.050937010472103
28 3.391594215792032
28 2.781699565771814
28 1.378975547088895
28 1.378037380418374
28 2.811543865126102
28 1.708964003478126
28 1.196537652062485
28 1.014470545726289
28 1.791685614494525
28 1.283305573649641
28 0.895361358568223
28 1.135996613635403
28 1.445864214878522
28 1.933138016831922
28 0.923070604174730
28 0.694173857758156
28 1.755298340292334
28 2.935506425986574
28 1.160645174460647
28 1.276658712018176
28 0.971744660838755
28 1.593578410237742
28 1.509677646719626
28 1.426845134110866
28 2.821362077537108
28 2.045298765017832
28 1.845560508717357
28 1.429308101174786
28 1.375370854368390
28 1.726884941078260
28 1.965023992259637
28 1.730345960060569
28 1.426008911277659
28 2.506895755938779
28 1.218024595350014
28 1.427579459481775
28 2.559781673851978
28 1.530597397244464
28 1.927536152696181
28 1.615947997514755
28 2.307344050733369
28 0.804989692429599
28 1.778718045329496
28 1.323631405417617
28 1.035605140184063
28 1.151869346035484
28 1.644162657496515
28 1.873635152877005
28 1.743066167881589
28 1.825533684686029
28 2.431776491292331
28 1.907609625655838
28 1.941650157932635
28 2.072594323127903
28 2.400386180516842
28 1.727812647847997
28 2.094573968639608
28 1.449517690433724
28 1.346587317961179
28 0.861775144676236
28 1.734688658090690
28 1.333869234597063
28 1.554655405894565
28 2.164068305277246
28 1.528623053161887
28 2.366843089042813
28 2.364415229632344
28 1.886372275026438
28 2.993405980667475
28 1.522940310176498
28 1.714377388146763
28 1.577529860374962
28 1.555811830234575
28 2.310959350954583
28 0.920479740105762
28 1.632021972952980
28 0.660948482977125
28 2.229737394743352
28 2.800094961218474
28 1.939937651940736
28 1.399534512912207
28 1.436070421113319
28 2.371448862016377
28 1.675051860483875
28 1.094445041720886
28 1.780091227854536
28 2.765464037438891
28 3.110463510719956
28 2.956747706038346
28 0.650302692345051
28 1.990793199709407
28 3.822998847878410
28 1.055444156862554
28 0.943457728295069
28 1.790739767559185
28 2.134852552031163
28 1.363989767521039
28 1.482596270990696
28 2.741333521877467
28 1.729822943451059
28 2.153606439540325
28 2.203947581958611
28 2.663786299425489
28 1.769441970775542
28 0.871487449618421
28 1.520570562997052
28 1.211271207052751
28 1.119092030299429
28 2.137289103375065
28 3.288496949698591
28 1.855846522873194
28 1.913316058168480
28 1.472895464370152
28 1.949851490597614
28 1.603861907751214
28 2.545013947409223
28 3.270724124205790
28 1.135898258999292
28 2.766311686289077
28 1.360357687007043
28 2.324859060359455
28 1.863474334646337
28 2.536293880470926
28 1.951083291495419
28 1.611595989778380
28 1.421802414779523
28 1.345419852778774
28 2.184497030771033
28 1.841006724047055
28 2.286061718923335
28 1.498818875966634
28 1.409100994010534
28 2.157207442009842
28 1.875768731713085
28 2.295213640118070
28 1.826556040866238
28 1.139395432610095
28 3.021934300780075
28 1.094093884383128
28 1.538913340797898
28 1.910735511649615
28 1.340218597882896
28 2.023553308756550
28 1.219687264927789
28 1.126121015311387
28 0.965731871967603
28 1.576065882746789
28 1.815144678592520
28 2.200735864331416
34 2.396967679031668
34 7.177572490518137
34 2.991712471672768
34 2.783051119109420
34 2.258458514339566
34 2.538384307914072
34 4.163402747996900
34 1.825615157702612
34 2.854539165123496
34 4.727689996438474
34 5.138273507223076
34 2.186942416186151
34 2.824968703704593
34 4.641964857878017
34 3.120942069949488
34 4.082740818942519
34 3.003511758727659
34 7.975463923460275
34 5.433281889707749
34 2.903887937419799
34 7.464148679960927
34 3.151452453136470
34 4.305537521901980
34 2.913983157336077
34 4.157780391340316
34 6.217297221373205
34 8.039408999036194
34 2.328887347282848
34 5.730855698849209
34 2.888739488870903
34 4.986574504008417
34 4.949693293199406
34 4.372325433138045
34 3.918510974622155
34 2.121785712002169
34 3.766438701020559
34 3.271941667434649
34 4.421399706896810
34 5.232960175356873
34 4.629265078994035
34 3.452771584506913
34 3.321305945830287
34 3.443521907626934
34 2.646512898640812
34 3.289415656457522
34 2.053193513144514
34 4.397686816823034
34 5.430974461427703
34 3.763768212548504
34 3.421703538668575
34 4.741458825003527
34 5.340966043086021
34 2.713370011948402
34 3.956325930058701
34 2.852166235134228
34 5.391648824756771
34 3.194415539793090
34 2.724438573728346
34 5.174459738850778
34 3.718537660108758
34 3.753632024097518
34 2.387847500549239
34 2.844067865305911
34 4.269291704807212
34 4.056209282173494
34 2.950058188311502
34 5.737990820831900
34 4.756197793776685
34 2.095215734874755
34 3.227984214296479
34 3.447009433172648
34 3.448259760026479
34 2.920329005655587
34 5.286246219223712
34 3.542413172255836
34 4.674929375091871
34 4.968791852433080
34 4.524771294533166
34 2.751650088262830
34 3.099622826341126
34 3.179505572236212
34 3.395565464808464
34 1.824100489019559
34 2.482603792386596
34 2.533870989262427
34 2.940525454465423
34 3.871191514654657
34 1.626871289788927
34 3.516297694809766
34 3.368915876234368
34 1.879953194288652
34 8.080105090100297
34 1.935932120559855
34 2.121950852316218
34 2.620952123996103
34 7.212517669211906
34 4.543680693086847
34 4.993667738615286
34 5.656267675588282
34 2.241107719539759
34 3.922070528162216
34 2.510856726385873
34 6.769265566785617
34 3.345779968177692
34 6.300003322270857
34 3.178769666650215
34 5.681371044861530
34 3.516321917358288
34 1.804107805300686
34 2.650558667355357
34 4.788306109949007
34 4.306809550305092
34 2.629058506339133
34 1.939214363967809
34 4.615550653103412
34 3.059385677336049
34 5.323884615902158
34 6.342683767868733
34 3.932958001617456
34 2.774615375499220
34 4.554993205629755
34 6.255813639242985
34 3.406154530734193
34 3.419618683561523
34 6.310313098460393
34 2.445601862137404
34 2.945498939791632
34 4.453099878116443
34 7.066386780349625
34 2.920386146637656
34 3.040006347466801
34 4.654054438917168
34 2.390534955510740
34 3.311515632914243
34 4.222085789910582
34 3.468915407092307
34 2.888807591015566
34 2.956288996846482
34 3.910237139365852
34 3.369021294484813
34 6.529411448006490
34 4.980864099441049
34 3.777765943931115
34 2.451664757463178
34 4.009010617473654
34 2.506473235086676
34 2.994179512126372
34 3.062144075135497
34 4.978301587354676
34 3.549024473805139
34 4.572426460169208
34 5.136931845550186
34 2.994090439964705
34 3.087676107111850
34 9.042475123985250
34 2.457990738841120
34 3.961619805523136
34 4.532037291408197
34 3.970253619479352
34 4.155742489749943
34 2.687440970765467
34 5.156268815143630
34 6.256442753236443
34 3.615004123495482
34 4.843743160740632
34 4.356024618707982
34 4.061124836631755
34 3.129863041397527
34 2.575047880194199
34 3.145561351049496
34 3.561205181456570
34 4.263066498328444
34 2.383402821742180
34 2.889751800945563
34 6.871784329899175
34 1.926499107726249
34 5.230019364637631
34 3.942349654126265
34 3.867114296271962
34 4.231395733047376
34 5.533449524072493
34 3.110845740735465
34 4.951213229336148
34 2.211239296304721
34 3.397480049124797
34 4.834201588942045
34 3.505599218705262
34 4.344907504412628
34 2.911491871876281
34 1.971376345690742
34 4.210338640245745
34 6.214943588001837
34 3.624887872121506
34 2.397892347616366
34 3.583659586301872
34 7.025691527780471
34 1.691985296070039
34 4.980248128062165
34 6.543086074464045
34 3.918637986023352
34 4.752487046512777
34 6.167175192922730
34 1.700516708802719
34 5.181820312475659
34 2.627848320612395
34 3.839367826389936
34 2.866690908915499
34 2.470615803483430
34 5.231263155717667
34 1.666226481471147
34 3.204994113947448
34 4.339228158849689
34 3.236976746912560
34 6.993157612187995
34 7.571268037747950
34 3.727602801870857
34 3.996082903125716
34 4.163706400796539
34 6.757442679233754
34 3.916820164418865
34 2.837595699445225
34 6.425512254188851
34 3.202994083879871
34 5.347352585421140
34 3.740454843713850
34 1.984611052204449
34 6.406755899774715
34 4.411984359693105
34 4.976655007235054
34 2.384889148195086
34 3.130827082056555
34 2.389370864442196
34 3.736508400427076
34 3.419749957308084
34 2.125416720364957
34 3.868817180648718
34 2.934662616565376
34 3.633097840282423
34 3.608536826090087
34 3.482912911535293
34 3.134877377121853
34 2.866208193933115
34 4.699883111589272
34 3.277711180017839
34 1.775838147225914
34 2.715319766456653
34 4.030067324881927
34 3.579745031100939
34 3.996284303253883
34 3.561673466025466
34 3.072454779415219
34 3.957350995100144
34 3.671067383305664
34 4.357392370284511
34 3.609991123757033
34 3.575760587600793
34 5.467160520838391
34 4.769393516329423
34 2.016276858105593
34 3.554204463123355
34 2.240621965609217
34 3.321506869907979
34 5.947149927806569
34 4.048553356570753
34 4.033619098325954
34 4.178087665349867
34 4.634086262161275
34 4.967139605431923
34 2.081008997866881
34 2.553743805249674
34 4.626633230379447
34 5.121368228730699
34 1.747541540270166
34 5.202808898526804
34 3.483230725061804
34 3.680108892427424
34 4.764394137163073
34 3.732075425950748
34 2.615095060327860
34 3.832503748332249
34 6.664962867289357
34 4.908403915842849
34 4.374108987949467
34 3.225919932368381
34 4.368158604522077
34 2.818342009426914
34 5.267818367791604
34 2.938306591566818
34 4.020300335923416
34 4.812337254173401
34 4.308472272208672
34 4.160774692345346
34 4.692592018702012
34 1.953254784236477
34 4.408713356953037
34 3.271554161823992
34 2.290005905256052
34 3.309339151311260
34 2.379835417051390
34 5.278463608893796
34 3.328223018562291
34 3.832204808878455
34 3.077126281595662
34 3.396963417893123
34 2.473250061677625
34 2.648705475655547
34 3.148044693967182
34 2.931726838758898
34 2.181449029757376
34 4.465611569298033
34 2.766281302520399
34 3.349054311288898
34 3.697530713742631
34 2.717100020465974
34 5.148037253129288
34 2.768532975911001
34 2.540502375047356
34 4.585443007157243
34 2.756744775808112
34 6.667237710698137
34 6.587710746613178
34 2.809529746046338
34 3.757820979065813
34 4.622878875551184
34 2.792816132867014
34 2.585065179613306
34 4.905554654832063
34 2.923766320759386
34 2.523554285918421
34 2.075540163580095
34 3.650415305197093
34 6.428916658612756
34 5.746498530598196
34 2.859449134473528
34 4.597895017309124
34 4.765438186826996
34 4.283131309926367
34 3.910469843679771
34 2.944836745122363
34 4.633445763537497
34 2.200360723482492
34 4.018770380691230
34 3.881428478417383
34 4.205426389096321
34 3.603967661906257
34 3.863983004899666
34 2.656951242382799
34 2.727310797552606
34 6.230217672280515
34 2.828469660602296
34 4.697596120088506
34 2.912692329191676
34 3.635263724176212
34 2.703292063233757
34 3.386451097831257
34 2.977066523114594
34 2.798165392288086
34 3.372372206503285
34 3.581216228427209
34 2.329528903796316
34 2.819923369732145
34 3.291217795788938
34 2.435325708111823
34 3.230319613283814
34 3.651307504086111
34 2.266068792517107
34 3.336079492113504
34 4.623658016059190
34 4.656411732089507
34 2.259939317137677
34 2.587805500486267
34 2.063491269671554
34 2.600360486512162
34 4.924295305416202
34 3.550234212372861
34 5.568658372411806
34 3.102679572986371
34 5.490891763019299
34 2.431742167138231
34 2.713840020031891
34 2.418958688123874
34 3.194964679365177
34 4.087100499730614
34 3.178848629716962
34 5.507865564823234
34 6.790984529023692
34 2.818013530371630
34 4.635830897569536
34 6.421356726866887
34 3.332868867274519
34 3.260840224731469
34 5.111726009748681
34 5.135857710758817
34 4.223144331276683
34 5.843396948022215
34 2.401331908668598
34 4.430726935980604
34 2.922758248845574
34 2.377454049341101
34 4.638871265485981
34 4.137688249939763
34 2.425151050081581
34 3.839595485800629
34 5.353789582631099
34 4.640962869425413
34 4.238748477996772
34 3.413355867024166
34 2.627188246092220
34 4.766428645709424
34 5.418893083073387
34 7.154099679604974
34 7.001443481668901
34 3.711063508516064
34 5.083997501879378
34 4.383914435145289
34 3.325418827318373
34 3.388127993385138
34 3.010823422217072
34 2.479520933533336
34 2.059149864516211
34 4.246669933032199
34 3.683001323079312
34 3.048603007432631
34 3.479002817757211
34 4.361631845647690
34 4.019388694327893
34 3.533341627067060
34 4.266348249959498
34 2.252529610015054
34 4.035438810796093
34 3.979475457905366
34 3.567039256488457
34 5.579032140633945
34 2.249096531798893
34 3.845958405653342
34 3.614412176379385
34 4.589844019000679
34 3.271663538084461
34 2.295187228125237
34 4.346559175619300
34 1.755191773744989
34 4.624868640449270
34 4.729944167708711
34 2.962532731940648
34 4.398717416827530
34 2.709043678971459
34 4.046072571184653
34 1.749131898041503
34 2.257868909481530
34 3.597773747477734
34 5.262378345593159
34 6.807114265466637
34 4.579088649765113
34 4.241348531401926
34 1.701158150608028
34 4.827357055060953
34 3.311909425961915
34 4.816865773929501
34 4.165133470993725
34 4.266926745911899
34 3.612271862718562
34 4.113406216303396
34 3.816554854456677
34 5.656989716847111
34 4.255991109291384
34 3.587449079335491
34 4.247083825810765
34 2.880896800923882
34 3.959113937975884
34 3.353657135678432
34 3.074793970758165
34 2.376888052146648
34 3.200458280055040
34 1.956341468361102
34 3.842342981816024
34 4.684005018993369
34 2.637712857297428
34 4.248300984334828
34 4.539633797846992
34 4.359873713723890
34 6.064946130340487
34 4.925053689053120
34 4.730747516369000
34 5.346023697559654
34 3.866671098000858
34 2.848955324581212
34 4.419526566008547
34 4.890827601318011
34 4.404260267417394
34 2.745257117569863
34 5.061328598599984
34 2.911152965974020
34 3.454910256289572
34 1.771786218273062
34 4.501369272949683
34 2.169161433484505
34 2.787463899054541
34 4.224515523162619
34 3.408667848507399
34 3.000411608855359
40 14.282694811370343
40 7.856918910100832
40 4.804922829358997
40 8.939024763460528
40 6.084024978397165
40 10.844450221122850
40 6.625062857222316
40 5.592405763543828
40 6.248432385075040
40 11.433337606427788
40 7.967346464540523
40 4.184109162766983
40 14.276735886461902
40 6.346635064888746
40 3.590431462471861
40 7.809030889600823
40 8.894631184744519
40 5.305624368050738
40 9.701507072423285
40 10.614606324161945
40 9.508125588277778
40 6.916869723230063
40 5.725305255826189
40 6.863503583751323
40 6.874219693770439
40 5.035422663982374
40 9.021720469920069
40 12.607291899446057
40 7.007518616658880
40 6.735006001458743
40 11.346433891498938
40 4.798931144972638
40 6.253847351743457
40 10.983263806198549
40 8.062487209005919
40 6.646663644795565
40 4.545651082896111
40 5.628057200209805
40 3.987382985137152
40 9.880422777481639
40 9.779030708791257
40 7.704686161606334
40 5.742412946268892
40 7.578671633526618
40 9.660877538887558
40 10.135158206875412
40 7.553564766134306
40 5.048136003728660
40 5.049357897388568
40 7.465070608864124
40 7.809151069725925
40 8.559881903722991
40 7.078419505809338
40 4.982826766368101
40 6.612194421092422
40 7.087990578649537
40 13.863016703005650
40 12.999703131727360
40 6.093071293524099
40 4.882642133650785
40 7.957615852220018
40 8.814715514263460
40 5.388106308684838
40 8.093011140497946
40 6.449166464075446
40 6.266251509656784
40 10.470088761564176
40 5.961264827383079
40 7.448901582622767
40 9.764005575226683
40 9.251828409537906
40 6.667741334430961
40 3.930513738758489
40 7.470407664101551
40 8.555612701210336
40 4.721383168165136
40 6.093381691722192
40 6.601789082637619
40 4.965753765927413
40 8.934253403402622
40 7.564240218470371
40 7.471905274087275
40 9.074333254237047
40 5.239496567767782
40 3.270284536532953
40 5.785651717197839
40 10.147750604153250
40 5.687217428692513
40 6.330300877977399
40 6.673771335667986
40 9.125496154755911
40 6.113783279373612
40 8.051939988672785
40 10.023429698240010
40 7.539698361415544
40 6.978411186681790
40 5.348760923925793
40 8.364543385369053
40 8.132546402715805
40 7.278474364890974
40 4.395485835424603
40 9.347107588562961
40 5.572329918136465
40 9.446697041525960
40 5.737756037972405
40 7.192598374284898
40 5.537905960983566
40 8.152449013579618
40 5.939905234958514
40 7.178125501475595
40 8.461402219235881
40 5.811304401482126
40 4.787594145366780
40 8.132193667522126
40 6.149750185010861
40 7.000233686264064
40 7.706127714283573
40 11.743355147739241
40 10.603279273079792
40 5.863700794954982
40 8.148183491051844
40 8.762610112757823
40 4.442556510401168
40 5.491001798938905
40 14.666270198652763
40 9.120336992711515
40 8.376992379272426
40 7.932629069115983
40 11.717430280108021
40 3.858240334702833
40 6.499033651587942
40 5.169051569087994
40 6.820517556888889
40 6.734219111844478
40 7.189915745937725
40 11.566360930449690
40 7.591494927511233
40 5.635653063869128
40 12.397067656871343
40 9.448146755675491
40 8.034083748129973
40 10.385314085051242
40 4.664913601819297
40 8.519438259206826
40 5.890618983316998
40 5.875387190445295
40 6.862475375070476
40 9.851459902623287
40 10.441246940093109
40 5.609954673430305
40 6.262866124529366
40 6.410271711957738
40 11.775971506247776
40 13.964310647847144
40 5.333067313748417
40 5.488282942193624
40 10.513886266209964
40 12.480761666077198
40 7.406413077343666
40 4.779147163049286
40 5.928104019212513
40 8.725121284746843
40 4.772686221300642
40 9.174918250346122
40 7.394060206627966
40 8.519981671615062
40 5.963810801363357
40 5.501524499824777
40 5.736917957503938
40 9.973557393553829
40 13.289486994429822
40 11.061189995026435
40 8.708953457231321
40 7.483516226492154
40 5.954619090501698
40 6.064323998385998
40 9.750399013020184
40 5.477666764330413
40 9.909690104476075
40 12.365365357103325
40 4.415329363882487
40 9.462117137012658
40 4.905952497806306
40 11.077216620769775
40 9.990182941672964
40 6.204337732674057
40 3.782400585827556
40 8.592804013970081
40 3.586976999992469
40 3.816817862711586
40 6.266184592510086
40 9.851168939676807
40 8.946469272551564
40 6.299923252676162
40 8.778713681478825
40 4.535435537626270
40 9.067722636436368
40 9.678414768954557
40 5.167355266810993
40 11.402928241385027
40 6.823930818046072
40 8.467675983529309
40 6.798787076643301
40 7.409952355859202
40 8.929781994762569
40 5.673235607940077
40 5.344343249157840
40 6.408202778188503
40 4.406729454777084
40 3.427674141763623
40 6.241481460847467
40 8.634227900648250
40 6.568415393808422
40 6.821723612794420
40 4.850704044971021
40 9.089595782041496
40 12.718505743171757
40 6.269279357781551
40 5.130658966028262
40 10.689742288107848
40 10.453753313108901
40 8.930171112936822
40 8.237170274544031
40 7.923455389983371
40 4.401760686454013
40 14.020413553829782
40 8.851225966572597
40 6.481147327943752
40 4.393782434492206
40 4.960655098213868
40 7.971633386707254
40 6.392102043713217
40 6.468323472294427
40 10.360180041407265
40 8.297807415888339
40 6.308921756432010
40 8.777090381357221
40 4.865050307390936
40 6.876991029435988
40 5.350510356983767
40 14.958796540139620
40 4.556133130629489
40 11.407791639069808
40 10.591603312925727
40 11.536709137504980
40 9.114379370462336
40 4.313990775685603
40 5.589830689285706
40 6.594312913003067
40 6.133996881395351
40 8.854479293487008
40 6.416369067955994
40 9.020410753790278
40 6.499585525454263
40 3.648078096969229
40 8.355336397512344
40 7.479074631883456
40 4.517718536351007
40 4.285884048685583
40 7.958789216198348
40 8.908821842905761
40 5.018872994713043
40 7.025489540398626
40 6.296938599311140
40 5.096954273206955
40 4.432558375758108
40 10.426818296103509
40 7.094454422718789
40 7.748478098922213
40 6.810642319688728
40 5.581516192910193
40 10.640800240643570
40 6.907797344358121
40 5.492393948027230
40 4.667108497704884
40 14.017903518862660
40 5.568367794503324
40 9.878631988631453
40 13.340436229185293
40 6.705217399058537
40 15.344824871736641
40 6.952566195212766
40 8.951803980705398
40 9.281980598382422
40 4.418678102489018
40 7.037414896573337
40 5.938217314955679
40 3.725556644878434
40 10.060090898952268
40 6.036645164032546
40 6.593019881626292
40 5.105094747500781
40 6.223093682451765
40 8.784008947926001
40 8.604268349648763
40 7.403607674852013
40 5.131539194365576
40 6.304453584039089
40 7.434513863477076
40 5.986531202195550
40 3.522568063499456
40 7.809452331938180
40 8.267403322588748
40 4.141370542901647
40 4.976320965616198
40 6.205512016235184
40 8.594107073346509
40 8.963175590586363
40 8.532513674783681
40 6.505659778920563
40 4.007869870699112
40 8.106250474120358
40 8.628804888148014
40 7.597157416110465
40 9.800360433295559
40 4.131589100246014
40 5.629728367441523
40 3.664298213524485
40 6.420245799234038
40 14.438859778064202
40 6.513947361955379
40 5.977398407139377
40 8.774814589832680
40 8.586213379133063
40 7.860388805955195
40 6.897991168669208
40 6.715796618176748
40 11.021431287514766
40 8.047347161251531
40 5.424210860420514
40 9.079958041475303
40 6.894665200999526
40 4.299940503315099
40 6.336149172833146
40 6.556833377268136
40 7.366200425428286
40 11.632153302105056
40 13.963435429275986
40 8.296729537731139
40 13.265824975958886
40 7.139617636919738
40 11.999295406951257
40 6.407716122565952
40 7.433969379121400
40 9.103005025070356
40 5.294575244607229
40 5.556149845215548
40 5.991900886015399
40 5.788120342295365
40 10.354156449386654
40 12.108721189363262
40 5.363137643892284
40 5.244657923550546
40 14.330438170660146
40 10.971284768780173
40 9.120985139245489
40 7.654319353189491
40 9.812716710874485
40 8.744691658229904
40 13.442006481593811
40 6.728355748167943
40 8.267660971499128
40 7.623455536997453
40 6.062275841872507
40 12.234668435597341
40 9.121744513218333
40 6.425001648310245
40 10.307981279800643
40 5.470701778914195
40 6.844510222214156
40 9.424685475940974
40 7.578388097533788
40 9.946943874266360
40 6.577097484673356
40 9.453718686757773
40 7.098559839182536
40 4.602750625626710
40 10.694508858939328
40 7.914383605040133
40 7.854328880811670
40 5.125500519968353
40 7.825718629263536
40 5.072640301073054
40 7.947533436732629
40 9.814551661014665
40 11.172761440676886
40 6.782764022682649
40 6.471957848049252
40 6.934416054505576
40 13.745089934916372
40 6.869461514006119
40 6.598039758876931
40 6.204626300137903
40 7.410822702202854
40 8.509582556936868
40 6.905665874994151
40 3.744605199630296
40 15.446546332852282
40 4.801185589654930
40 9.064278097864655
40 7.859013682630549
40 10.708694928985187
40 6.432830848791578
40 7.906242654525089
40 5.894904250147722
40 11.363785816267242
40 4.949654002953855
40 6.718515120148344
40 10.062535797859260
40 5.819462330180176
40 5.287563998395212
40 3.389143721975804
40 8.775204853692834
40 7.658493574565320
40 6.028910517551138
40 4.359532319781228
40 15.618107394570343
40 6.478408050333845
40 5.467309442424106
40 7.974242477429784
40 6.135577651699843
40 10.378434347789320
40 7.157496493776872
40 5.246901224664001
40 14.428023917432370
40 5.896099280337687
40 8.916998365758973
40 8.414753715284329
40 6.168860747385743
40 8.068306898386830
40 7.579425159064897
40 4.153186984524783
40 5.744773609985051
40 4.535693279898268
40 9.219250831425549
40 8.659859579152615
40 10.254631373975391
40 12.159522548911044
40 6.029638233839659
40 5.931419630775252
40 4.313457117389996
40 6.187162226399957
40 5.556014557046669
40 9.847590011449178
40 5.516314922046606
40 12.441322502360130
40 6.217897196591977
40 8.804030616756604
40 9.274661479823868
40 11.050112579412179
40 9.966023593203230
40 6.647982495752236
40 5.743628250148661
40 6.429880987834460
40 6.134605003246290
40 7.797113718193014
40 6.986522061449757
40 6.306201432721714
40 15.040333536501539
40 9.941764756167180
40 4.892937004826690
40 9.097667593899891
40 5.462082418605626
40 7.471359389870141
40 11.483294890540636
40 7.450617289027999
40 6.209103571301592
40 3.581230885775124
40 8.119965056368347
40 13.605615421454019
40 5.886024758038037
40 5.874805503748137
40 5.701917447410146
40 7.698291795419467
40 13.101931455665573
40 5.195393814471183
40 8.900123822126076
40 7.809875973840164
40 9.624613006225905
40 6.796978967222850
40 5.792763943380484
40 6.732507652906778
40 14.150270706004763
40 7.162308036239054
40 7.665986613238195
40 7.387489602459766
40 10.748517757549056
40 7.194871832603040
40 7.819092190462012
40 18.374883256265413
40 11.204572351338783
40 7.180207654147241
40 14.788623457474483
40 6.949064876390368
40 7.905318429208162
40 9.587850271181138
40 6.613316324812773
40 6.271760874270345
40 8.506717297563474
40 7.350597198715475
46 6.608734621384307
46 15.933752870053237
46 12.215154104330171
46 15.100052720117787
46 20.786543590482331
46 14.389037397458903
46 9.427951386920203
46 9.725025092975370
46 6.785263379366794
46 14.196595578791193
46 8.397734742350330
46 8.738394432157595
46 12.949632240332026
46 12.501211500630298
46 15.460126229657323
46 19.049673619887230
46 7.594359382840296
46 17.854910577119590
46 8.008906476200066
46 11.594927476675320
46 19.487530594417258
46 15.658801695422982
46 14.162723921979403
46 25.626576926756087
46 14.147674639269024
46 7.905732166517391
46 12.153211295130417
46 18.171591372427702
46 21.041188273889929
46 16.263893077855631
46 24.703132393728929
46 22.567271111712202
46 19.457729155637377
46 13.052122480091107
46 8.844914320017132
46 8.728615033496435
46 18.497922450829130
46 13.702465653674594
46 10.059090126041777
46 15.323860469951221
46 24.647532608769474
46 13.859295114949964
46 12.960341014711867
46 8.807673149052349
46 8.378269869730971
46 18.351866994520321
46 12.546522815784446
46 11.739272577197113
46 7.968553965022099
46 11.058383341658836
46 16.251429746814757
46 18.610310250540500
46 12.872853461363480
46 15.176261533989003
46 9.147841224927923
46 14.794053066230527
46 10.756538155127163
46 20.500048050691603
46 8.011559572713292
46 12.591036854481544
46 13.510238044932301
46 7.142639061772742
46 13.793615614588997
46 9.525647807775343
46 13.499192694498507
46 8.711696752111319
46 8.416452221780338
46 12.743481190847081
46 14.244239511932793
46 18.097050064639124
46 11.717457286717766
46 12.213552906447292
46 18.893903243396799
46 10.330984575215350
46 13.817712747523453
46 10.274588524791081
46 17.167602000540118
46 11.441534676279815
46 19.274693832713510
46 14.033601452077370
46 11.099843750662750
46 13.915144287219551
46 7.934143874272007
46 20.735504915992284
46 6.418275162133104
46 13.124506798308229
46 23.125244350848028
46 22.362761350662044
46 21.176944236847934
46 21.954964723972793
46 18.348285629113949
46 20.499087303210612
46 17.991594141517758
46 8.003134878190124
46 9.246958547780959
46 14.588983968854290
46 7.420298478502797
46 10.369244548205282
46 13.236902097247178
46 17.478511171894006
46 9.552335383999225
46 7.048589259146159
46 9.975784484228015
46 10.079563040284359
46 14.093418615692617
46 9.538087736297097
46 15.123976900008902
46 11.782868260798733
46 11.350192894836097
46 18.110384643778634
46 17.990264569100699
46 13.666262615481152
46 22.737235065265111
46 18.280364086566944
46 12.493704463741460
46 19.122916267082427
46 18.647037077239869
46 14.222513776029725
46 16.262315363142548
46 15.771721485380571
46 13.849753942305547
46 12.860776068914944
46 22.934855520457255
46 16.197560420537123
46 19.196875259807008
46 8.659018546154545
46 16.228877736416564
46 10.120472291959505
46 10.957504637272706
46 6.930770434594928
46 13.995077338172294
46 8.130866769892185
46 7.901689190990561
46 10.399451332689761
46 20.900893880577737
46 11.583995643904707
46 10.985935781959910
46 10.407603589341528
46 9.411899217841459
46 10.797137975933664
46 12.261066827763628
46 20.977146474275660
46 12.023224789378419
46 6.772957304063981
46 15.816582563817287
46 9.884074916178200
46 6.269873409964214
46 21.330410700004816
46 14.793980309017666
46 11.989197363213256
46 15.381856159320435
46 15.559356643197347
46 13.156018389394834
46 11.449626139062149
46 17.678495196022205
46 20.826818889636169
46 17.234501578226645
46 22.803334106926666
46 12.571002019048256
46 16.988628389996670
46 11.329578617772089
46 15.241239631981188
46 10.045654261078690
46 16.584447772911474
46 18.485901689905688
46 19.316197581191716
46 8.065659729358842
46 17.192472443737383
46 16.324710199626580
46 15.867592100442149
46 16.349208223948679
46 7.423562434543586
46 23.238824453615543
46 22.128750509585078
46 10.906503742084706
46 14.050904935793888
46 10.635546953444699
46 8.226854650872482
46 12.916724152386800
46 10.864251890697822
46 21.644493056466459
46 10.633622292973030
46 12.642216375801578
46 14.113671720479473
46 19.367684222382096
46 17.874398772069220
46 15.894766624894675
46 13.727817935176549
46 8.843888240253669
46 8.476863393469817
46 20.028766248187686
46 11.165473221744939
46 15.827062893637081
46 15.262088190277897
46 19.726239597758564
46 8.875025272598243
46 9.545930286890496
46 17.465102473515259
46 8.768662311347731
46 9.260918664718444
46 18.378546882716805
46 21.523795457679221
46 14.342283016764558
46 20.916244954341032
46 16.605245873797273
46 11.528329602100360
46 11.865334920042027
46 15.483990622041361
46 14.975626221623306
46 8.131672159167694
46 16.682680599256525
46 16.402808970031714
46 12.998798075288988
46 11.307911372785323
46 9.608205673202132
46 10.404545284117379
46 14.295435951461222
46 15.796665901074970
46 14.457902836002859
46 14.140262344394985
46 19.298826704622279
46 12.454523354987312
46 20.691902449877581
46 11.329615782780060
46 21.782291792490330
46 14.191659600490979
46 11.944835308894469
46 18.653646749978115
46 14.778506356207089
46 7.241019505817525
46 9.341989672350326
46 15.188243361388018
46 9.891461264245471
46 9.577480585018753
46 12.558606553024644
46 16.334861733164573
46 14.453444022591327
46 21.212111303274121
46 7.192277600628564
46 12.991751525051669
46 11.484820427958827
46 18.314274134756289
46 13.630454772352198
46 16.131818816297443
46 17.305735113322910
46 12.060927768234794
46 13.441662276424800
46 17.433315162408526
46 17.885595168603075
46 8.469299795871677
46 9.963465073440933
46 13.578781398901640
46 18.651376813469664
46 19.849089707330890
46 15.173609983192829
46 20.491698096986436
46 12.720604504367419
46 10.750413648388225
46 14.778119393145481
46 14.656430093209195
46 10.473583577111079
46 13.071447303840099
46 10.142203927886097
46 21.124163324450581
46 17.269190777242112
46 14.069970783862512
46 9.138518655407843
46 7.872789958256015
46 19.750041004719623
46 12.583298063945390
46 11.652031074528967
46 8.638865794826001
46 14.678020845797970
46 13.663002918407093
46 16.177063577120428
46 5.760727983603607
46 7.937559377643248
46 15.817203571137814
46 8.782499335243035
46 9.758266309609127
46 23.887989819988206
46 10.609991684657741
46 20.879118386951969
46 6.188082931787279
46 23.464629909998671
46 9.845578095812513
46 22.349708405004229
46 13.087084163804448
46 11.146504936995457
46 16.266041001160250
46 14.960004351744630
46 13.319565203094413
46 9.226492140691130
46 14.463715747967752
46 13.632941539296191
46 10.893875080754192
46 20.509385117825691
46 9.452284914165761
46 9.127357535862156
46 14.569499359777762
46 7.282207309169489
46 9.171885214831152
46 6.447284087327454
46 9.329461854868399
46 8.559373961025345
46 10.811112643757216
46 21.184721284854909
46 22.345290596047672
46 8.930742150537565
46 12.485219815913162
46 14.048282159090007
46 10.056211939920857
46 8.379969146615107
46 7.457807808115430
46 9.131984406878896
46 10.858433406452278
46 15.992413584128608
46 8.303887451005107
46 7.640208065719811
46 21.121521408840099
46 11.558583161964613
46 16.433266752998392
46 13.018016075388331
46 13.207155283991154
46 21.700465672419220
46 12.208097409058926
46 14.700925288579754
46 14.022862268921850
46 18.749204738774939
46 11.009951773023154
46 15.455228140412739
46 10.487671264687688
46 11.211731414758287
46 8.913757853351989
46 13.031210917260129
46 11.340114634512030
46 12.938138811700995
46 12.431492192037796
46 19.445248995914511
46 13.137723219666526
46 13.382561026080555
46 7.695232191500939
46 14.715089181250022
46 9.845520855823269
46 16.888132100668198
46 13.997863627027339
46 6.971289679043041
46 12.067305638773657
46 19.121115172189178
46 14.417141742132934
46 11.761960932924751
46 8.818311582439758
46 17.009676530549058
46 9.856520447178735
46 15.945159538168815
46 14.599110085066467
46 8.092666936502745
46 10.750667823979866
46 13.666591100517863
46 18.713368055540975
46 8.913970946257248
46 13.367078253744619
46 10.560115980230059
46 14.073580825429119
46 9.099727661527833
46 14.647089872400546
46 24.727746626714115
46 13.599885350837841
46 24.076272918853977
46 15.741141954889127
46 15.016153904201818
46 14.976646611625569
46 15.650080608142183
46 10.218169805675013
46 12.977002682428921
46 17.517151370478526
46 8.558114034379120
46 12.693641338051183
46 20.545504534619035
46 16.607922367920239
46 11.108541975054770
46 11.629015646472403
46 11.342112259733090
46 26.527398743492029
46 7.897187432811915
46 19.705173429322926
46 9.724154009864275
46 10.511300067852108
46 8.838456942288582
46 14.920417896503849
46 11.993769781388760
46 25.388738189241753
46 8.582834773530164
46 12.183525104714818
46 22.135889568831846
46 12.176145013886064
46 10.743661416667283
46 8.152584537295461
46 17.492601114979912
46 10.520412764574949
46 14.152700350244103
46 17.263389917831226
46 22.398522846896231
46 17.913100259314444
46 10.272134140299670
46 16.109447366392644
46 14.822914519224671
46 12.495189845086792
46 9.406523399032189
46 12.908979046299919
46 11.991575194304069
46 13.230767382764920
46 11.752609768216534
46 8.344103229598691
46 16.816537398337871
46 15.176841018565444
46 12.572742660671981
46 21.847687774704436
46 9.052850761578302
46 22.770969383264294
46 16.079167022533369
46 12.732405698271265
46 23.562827626430909
46 11.056221836234140
46 16.066525997346901
46 16.204939042109022
46 14.141181326186036
46 15.714370517437247
46 21.827642470654087
46 14.209287967537094
46 10.297637784035370
46 14.745516007308700
46 17.972671827510435
46 13.747710480236890
46 18.653343198929402
46 17.578073097885895
46 8.029427796247099
46 15.278023141921413
46 8.939393447026415
46 13.415797120837343
46 9.513599214137408
46 9.653081193280174
46 15.873132839925981
46 23.488355721882893
46 12.410891494672050
46 13.340572544772154
46 12.047735396632991
46 8.628887041479942
46 18.291538750858059
46 15.896722374355054
46 13.605200815554108
46 11.525070240194903
46 8.426907871494826
46 14.379513955560496
46 8.389696453774004
46 9.059979011781222
46 19.285708941773759
46 9.012320081885598
46 19.860859386121618
46 8.061914646295776
46 8.709130043421750
46 10.239264350815532
46 9.996454674311096
46 7.380414027494000
46 8.239712317369980
46 10.688282280039605
46 14.589852654339493
46 11.011622449691210
46 20.449987566005092
46 10.294084946645425
46 11.592971680177165
46 9.638405788519323
46 15.300753164019310
46 20.653812309589043
46 17.183283159594065
46 15.032919132640519
46 11.453049791833468
46 13.699902701874905
46 11.332668078097461
46 11.306251907607773
46 7.938534767841199
46 17.788257137139176
46 10.836726432148271
46 20.073195790016985
46 9.555858964331575
46 18.933662912121612
46 7.297781414555894
46 18.012576705689892
46 21.466566634510787
46 12.710626316214217
46 17.983744277621874
46 17.644055920584758
46 11.823762947625642
46 9.240011921073030
46 16.847254857611368
46 9.635447321800189
46 27.401424631564950
46 25.712179817262776
46 11.579307461102875
46 12.491252802782494
