10 0.012461358309033
10 0.007226674635893
10 0.014667314758944
10 0.013129621994711
10 0.007427350169515
10 0.008703657434871
10 0.016079864343074
10 0.012490769182857
10 0.008099472227518
10 0.011298321423238
10 0.010881439360802
10 0.013424417566386
10 0.016717736455628
10 0.014721144041375
10 0.010548325127730
10 0.014519692112781
10 0.007345095234998
10 0.010076230499916
10 0.008881759311600
10 0.016758496225748
10 0.006788279291264
10 0.007728616806596
10 0.005688934341157
10 0.014318864140392
10 0.008095179299530
10 0.008164761360508
10 0.017863122043616
10 0.013520163935779
10 0.007707962240645
10 0.007606347306848
10 0.009130515404884
10 0.013853273873661
10 0.012536786852256
10 0.017324686348915
10 0.006514893152564
10 0.010551343443416
10 0.007853220095614
10 0.010330390507396
10 0.009715922185682
10 0.007892514854325
10 0.012553317176009
10 0.011475683213168
10 0.012756452935083
10 0.014659070611867
10 0.017653494669327
10 0.011141975392260
10 0.013875450992867
10 0.014468900333794
10 0.022490623249840
10 0.008693640067262
10 0.011994494896086
10 0.006678485998243
10 0.012299482737741
10 0.017054038101423
10 0.011098967133356
10 0.009152335096478
10 0.009628426273945
10 0.009897529310767
10 0.014119007066436
10 0.011834606266068
10 0.016632803405058
10 0.013759487850007
10 0.016481739307084
10 0.008475823925069
10 0.010612560099772
10 0.011006084234583
10 0.008319315042384
10 0.012023541620234
10 0.014185646291333
10 0.005899515900204
10 0.017327794161646
10 0.009224200676389
10 0.007462433571273
10 0.013559936396121
10 0.009866023450662
10 0.009019380768754
10 0.020380831742709
10 0.012314717314834
10 0.012105376719351
10 0.009781405486743
10 0.017785849070483
10 0.014125709145737
10 0.005331607637496
10 0.012059299319967
10 0.014508164262198
10 0.013307568925639
10 0.011587382582202
10 0.016794121188058
10 0.011597743377223
10 0.009186726568530
10 0.026014203681199
10 0.011082856977325
10 0.015977279561803
10 0.009497199729472
10 0.011196594377700
10 0.012464982419297
10 0.009112863858020
10 0.015046998159072
10 0.012572363334058
10 0.017238050345677
10 0.018819590690281
10 0.007599655710466
10 0.027026275557498
10 0.007979955528556
10 0.015445440863412
10 0.007934619024032
10 0.013148843676684
10 0.007672344296143
10 0.013347621222618
10 0.012067168369476
10 0.011193985708838
10 0.006424053634704
10 0.014840074478943
10 0.016887504622600
10 0.020569909503223
10 0.007672845475558
10 0.011452837423385
10 0.010820026933189
10 0.013157482377682
10 0.009961704597318
10 0.013699564021944
10 0.015401979681333
10 0.010111740242306
10 0.014038991652539
10 0.014690110097017
10 0.008969224809795
10 0.008917465578437
10 0.008087255880556
10 0.004761720234410
10 0.018613401865961
10 0.013187930526714
10 0.009103987468546
10 0.009072388219704
10 0.010054093794455
10 0.007983689065309
10 0.009191257542737
10 0.007651324013337
10 0.010939209341061
10 0.012350300900274
10 0.016431322488903
10 0.010208431029556
10 0.011465468564324
10 0.014233146895652
10 0.006997992868953
10 0.007433746666465
10 0.011791484695380
10 0.005088584174524
10 0.010083167761183
10 0.012715650829513
10 0.006839277670744
10 0.014437077220038
10 0.013645149060778
10 0.010016714760172
10 0.009118725559220
10 0.011681813674027
10 0.011250242067021
10 0.008308669891970
10 0.007834828320628
10 0.020022903720396
10 0.011812145255474
10 0.009346693688673
10 0.015319097865483
10 0.021561313158643
10 0.008866568100356
10 0.008873822781467
10 0.006004743553159
10 0.012904291116814
10 0.010028206643740
10 0.008667316777197
10 0.006247846136433
10 0.011654606939037
10 0.013615757057584
10 0.020168183355292
10 0.008761495801694
10 0.008375347175453
10 0.012911997976820
10 0.009070328922778
10 0.007267400626268
10 0.018235105740191
10 0.012955556069941
10 0.009193596183673
10 0.010346716339761
10 0.017950593679591
10 0.013154803279914
10 0.024955692430160
10 0.007029699553070
10 0.012919968833348
10 0.012487123247116
10 0.013838320871267
10 0.012144367031491
10 0.008703989822286
10 0.021245358229797
10 0.007385763119790
10 0.018145100368843
10 0.009860626246145
10 0.010146121199498
10 0.008407632317958
10 0.005839551400808
10 0.007668631947566
10 0.013349115246365
10 0.017398760560966
10 0.008842095996249
10 0.019214445572877
10 0.014967510353566
10 0.015373538210883
10 0.012177339978765
10 0.012961031028519
10 0.014651600181515
10 0.012071188371187
10 0.011513464929859
10 0.009613934063940
10 0.013457464485118
10 0.016939968052890
10 0.007902136990819
10 0.016250456758613
10 0.014516727874553
10 0.012511529198255
10 0.013865887480630
10 0.006936729577989
10 0.011394313703087
10 0.005805181450959
10 0.008544498409710
10 0.007818213453186
10 0.007593385300267
10 0.016440201819270
10 0.009826960272190
10 0.011703601088220
10 0.016837838496683
10 0.024505502348323
10 0.007075074047083
10 0.018727477973129
10 0.006097033218426
10 0.010262950160272
10 0.012085712895544
10 0.012724723008806
10 0.008803909272212
10 0.016793872780504
10 0.019113602791376
10 0.011461593674616
10 0.013882892776711
10 0.016439452134376
10 0.010799463154715
10 0.011271702143322
10 0.015782861555772
10 0.019507517646896
10 0.016021570952294
10 0.019210723329902
10 0.013079763757382
10 0.009283665161642
10 0.015444375709341
10 0.010195235032430
10 0.016037550871617
10 0.008920509602573
10 0.005424297586858
10 0.017356606054838
10 0.010861277922010
10 0.009802137490960
10 0.006949689146744
10 0.014310448139844
10 0.009936775122135
10 0.008449054768665
10 0.012698533212801
10 0.011004811380847
10 0.011422063809999
10 0.007904172756112
10 0.017134505504405
10 0.008890017498193
10 0.008332955474867
10 0.015378070595696
10 0.010644414016138
10 0.007033411889983
10 0.011360375943070
10 0.013754149182997
10 0.010229276731878
10 0.008938603555597
10 0.013487508208338
10 0.013261340934906
10 0.014054159436930
10 0.016364777078750
10 0.011382214580607
10 0.013767192429265
10 0.012478160504309
10 0.009832351831004
10 0.008769272472858
10 0.007483127717534
10 0.027527997035585
10 0.005907253956301
10 0.009140643021692
10 0.014212658893114
10 0.006550275385617
10 0.013210889880826
10 0.013060528993653
10 0.006363799292804
10 0.017761552588833
10 0.007679530038136
10 0.010514340367346
10 0.008478186160557
10 0.013411073766389
10 0.014159878447041
10 0.006256025543307
10 0.012339288438813
10 0.013960574082982
10 0.020749479463705
10 0.013883810043964
10 0.007221152333612
10 0.011811141603923
10 0.008868025044427
10 0.006571038542687
10 0.020415815358082
10 0.009108930488953
10 0.005047525626183
10 0.007143618324769
10 0.008936846950808
10 0.013405539114538
10 0.007911278024758
10 0.007204921558679
10 0.014670943755383
10 0.006719174473320
10 0.014108627057749
10 0.008046036070505
10 0.014126036092424
10 0.012185255038336
10 0.014235892137619
10 0.009924296410632
10 0.007678615489854
10 0.015697099420026
10 0.011489312815996
10 0.007687726339054
10 0.012152585288999
10 0.022298164109343
10 0.019999046885914
10 0.006733355158577
10 0.017847542197531
10 0.004913526809576
10 0.012276931038340
10 0.013864885927170
10 0.018361387041395
10 0.011573855263957
10 0.010958562141443
10 0.011298809091241
10 0.014009289127741
10 0.009403935990280
10 0.021529937519385
10 0.010103599686771
10 0.010676847748579
10 0.008736160556282
10 0.013830482526986
10 0.008230025300499
10 0.012504252394092
10 0.018716366931669
10 0.012315643422985
10 0.012896613466988
10 0.008691234525725
10 0.005822342763699
10 0.018453044037428
10 0.017561396048026
10 0.013418185476507
10 0.006396855608057
10 0.009347703185375
10 0.006422738170656
10 0.009885671982104
10 0.010252033665871
10 0.007322093483200
10 0.007727031953855
10 0.015271624921226
10 0.012826471507442
10 0.010795733295519
10 0.010737325945998
10 0.006920236445146
10 0.019307121889340
10 0.012180123056693
10 0.006881803243976
10 0.011145403692212
10 0.019632463556070
10 0.008109175019458
10 0.007687187842771
10 0.009558217248515
10 0.016088369239655
10 0.012657660384828
10 0.013763575004055
10 0.023485231328508
10 0.010952929648160
10 0.014712769267850
10 0.011280381157820
10 0.007911127833427
10 0.011863120981869
10 0.016706712041891
10 0.005850471759989
10 0.012394966163141
10 0.008830717583689
10 0.020632943030161
10 0.019887455178634
10 0.018703491620893
10 0.013180467830903
10 0.018958886166335
10 0.010577881773648
10 0.019165893068702
10 0.007881507593019
10 0.013760785586049
10 0.019014036074281
10 0.009582810051610
10 0.006685065393353
10 0.014316378635421
10 0.009084232857712
10 0.012755931263111
10 0.010954336708764
10 0.011385534587383
10 0.011746206757602
10 0.006742001173385
10 0.015674335947343
10 0.014431985650633
10 0.013729060720682
10 0.006687961122190
10 0.015613449544213
10 0.014415709399998
10 0.020160675430154
10 0.009310233964673
10 0.006508338037403
10 0.014258789995458
10 0.012813309740795
10 0.016218779811680
10 0.015159534554059
10 0.010346892139265
10 0.009015797491754
10 0.013343801083815
10 0.019312602820195
10 0.008942438568635
10 0.007872993537229
10 0.011140329852985
10 0.010965234035309
10 0.009016910672783
10 0.018062920436301
10 0.014536997063060
10 0.010637969844508
10 0.012549382516289
10 0.023437009462421
10 0.012509265207667
10 0.014682776962718
10 0.033469944110128
10 0.009612192854004
10 0.008949737309359
10 0.012233829569240
10 0.010359629219460
10 0.009853312582436
10 0.013109475166771
10 0.013615830928597
10 0.008613572236867
10 0.009067576367483
10 0.008974061022924
10 0.008286970905721
10 0.020885059931213
10 0.012467088560366
10 0.015580950610155
10 0.008019498536580
10 0.012937968863965
10 0.011808115830513
10 0.014908525812111
10 0.008753112530047
10 0.012228088147714
10 0.009603333428612
10 0.012157447077983
10 0.011813179232162
10 0.010305132490931
10 0.013264623717100
10 0.012573590695050
10 0.014586983426992
10 0.014378781958371
10 0.010805354654942
10 0.012432218956262
10 0.011957123053771
10 0.006991495383089
10 0.007559102542189
10 0.011911358090482
10 0.008424503966355
10 0.009785092817288
10 0.016005351518005
10 0.006774306071565
10 0.014760797789810
10 0.006050297492150
10 0.022890322786399
10 0.007777308040686
10 0.009373551391931
10 0.009274961431244
10 0.011817131715978
10 0.013034625871452
10 0.012581678577662
10 0.010805633042843
10 0.012365605644868
10 0.018200644043065
10 0.007295863763033
10 0.012918721037861
10 0.017213929300551
10 0.012297699433827
10 0.006276705900964
10 0.008845899799533
10 0.009686745515797
10 0.014416158169455
10 0.008665494006326
10 0.015379896880527
10 0.012917530719031
16 0.067187993674439
16 0.073721184195486
16 0.123843618745328
16 0.053505354491935
16 0.072149640625513
16 0.090491285911964
16 0.091139116913202
16 0.135694537049138
16 0.092392215367688
16 0.091414433424678
16 0.073775641021803
16 0.078017220505632
16 0.090810751852238
16 0.101434432902897
16 0.052250344503189
16 0.085503025817320
16 0.042261253886441
16 0.080058771054655
16 0.089259442571192
16 0.059110567410434
16 0.058760153400941
16 0.106755194411450
16 0.081463457026001
16 0.052791400810165
16 0.054915923860367
16 0.047178711585291
16 0.082578027797542
16 0.058695045066230
16 0.064298081521545
16 0.073913055850131
16 0.061501172454277
16 0.115679179713537
16 0.056543993879417
16 0.094736119467763
16 0.084814700836092
16 0.054363122038252
16 0.074709221016731
16 0.059431921832988
16 0.072274550884350
16 0.096012034323039
16 0.080377270006355
16 0.102025805857441
16 0.129658365613931
16 0.080550677130928
16 0.102762213249242
16 0.074570545180947
16 0.077870389732441
16 0.116551302707651
16 0.089995330742658
16 0.121712870609216
16 0.126374897390835
16 0.068065754927690
16 0.167233781256823
16 0.075294967780004
16 0.121259811558161
16 0.068456783911311
16 0.140898867872869
16 0.115009148994779
16 0.075545556249845
16 0.105060501046400
16 0.089635268623631
16 0.045416707859578
16 0.051619020323877
16 0.068141034388776
16 0.092045894270476
16 0.059522627886881
16 0.060851528204802
16 0.098330105382238
16 0.090612875989675
16 0.087668758204058
16 0.057971488240027
16 0.051582490471566
16 0.074788912870800
16 0.130744513393491
16 0.073273308582694
16 0.046314870591015
16 0.067092393628176
16 0.102388864825630
16 0.096939287598436
16 0.059288859594151
16 0.065819678877724
16 0.055160668332218
16 0.046205881697441
16 0.041163081658087
16 0.065372775229479
16 0.093929505311429
16 0.092318338440431
16 0.057261709784898
16 0.122497575395041
16 0.066144828940849
16 0.072022398011004
16 0.047329434970008
16 0.081860803796973
16 0.067426869227080
16 0.059703094521071
16 0.066356893602647
16 0.059308262847157
16 0.149055623012382
16 0.142191764672749
16 0.085176364111991
16 0.071759096788772
16 0.084779024415136
16 0.062544329714271
16 0.046083913347493
16 0.055547207493718
16 0.057283505933286
16 0.069026728012017
16 0.072604778219222
16 0.084826738758814
16 0.065519810346836
16 0.097882320321719
16 0.095028459089324
16 0.048057008262434
16 0.076611253382083
16 0.081531168712233
16 0.045586746931814
16 0.103782703308094
16 0.064226731901410
16 0.093340823480173
16 0.033368236741181
16 0.048861182263555
16 0.080930221926349
16 0.063164777688580
16 0.061019673391982
16 0.104676380899023
16 0.088127725518478
16 0.063013261546977
16 0.045339753404333
16 0.072043819025875
16 0.052112350822874
16 0.163271340917550
16 0.051329932161063
16 0.058636025406371
16 0.077375775565480
16 0.048574243665958
16 0.098549039812010
16 0.103341418417447
16 0.063346473527135
16 0.131751556911174
16 0.060041335111694
16 0.072007785703704
16 0.178079375700147
16 0.079979363286469
16 0.067208661412022
16 0.059301400061865
16 0.065742424722144
16 0.064442003796298
16 0.099651167651537
16 0.080086516736646
16 0.088658546820368
16 0.057483996263995
16 0.068307075256697
16 0.065576726192408
16 0.047177113650074
16 0.061353517414205
16 0.058496111624055
16 0.072979947630450
16 0.112236482161868
16 0.095284908044282
16 0.067044043831703
16 0.055878072101562
16 0.090413826268005
16 0.074202783854807
16 0.121252839572894
16 0.063815476370981
16 0.143179732223913
16 0.112987178430411
16 0.065519602878887
16 0.069540441043751
16 0.055041538534724
16 0.068183419211599
16 0.046522791368853
16 0.078596281380328
16 0.039194637896552
16 0.121532886152959
16 0.113089914252120
16 0.066418258579611
16 0.104445025677252
16 0.051266133562655
16 0.108788844622575
16 0.065204916195483
16 0.058601715017619
16 0.059215103122822
16 0.079152576934353
16 0.065119012713366
16 0.114426648181254
16 0.061347782441542
16 0.130714304818314
16 0.036067302510786
16 0.059173067568825
16 0.177845136341900
16 0.060686292048747
16 0.046649584511947
16 0.085190294711689
16 0.039357809261203
16 0.096963318344691
16 0.066957821403363
16 0.057521701516513
16 0.070896326160022
16 0.047430662545454
16 0.048376407814232
16 0.132897407805774
16 0.064128918234278
16 0.081308461665483
16 0.066831165777309
16 0.074363480977412
16 0.097352940065816
16 0.083802332533756
16 0.062225724406205
16 0.066261024363634
16 0.057097724733815
16 0.049458592891246
16 0.094314927110458
16 0.064678025128609
16 0.070043843610072
16 0.064453103359972
16 0.089285646044918
16 0.052417651559237
16 0.068089827878235
16 0.112896320067753
16 0.110195000112182
16 0.099960817056736
16 0.140384774533931
16 0.150962413491848
16 0.055199547855061
16 0.084774963442946
16 0.140197268475714
16 0.065909462214929
16 0.090868819957830
16 0.042759069250573
16 0.048314240915373
16 0.070804140462260
16 0.066106910508728
16 0.111869851383579
16 0.091758570584302
16 0.071173172661026
16 0.065934597111193
16 0.083535740130538
16 0.122666564526425
16 0.184360356167907
16 0.099840032555485
16 0.103067341529938
16 0.038880993442551
16 0.096567328498677
16 0.049102301118304
16 0.085473383340579
16 0.133637106238435
16 0.052920373653988
16 0.068386575801255
16 0.057627170655813
16 0.045912129732826
16 0.087784151752096
16 0.067210540826304
16 0.074321529474777
16 0.059741545808126
16 0.105690095397778
16 0.065928666712584
16 0.144200320691409
16 0.078938283397047
16 0.054066813686592
16 0.106011424314018
16 0.059057709740700
16 0.088759657355289
16 0.093633837678277
16 0.109193121035010
16 0.053093218167385
16 0.050544510380395
16 0.111145785769476
16 0.118807599663571
16 0.144271992713135
16 0.108141204271264
16 0.105492817003868
16 0.159695837608833
16 0.075212329501792
16 0.036007254388305
16 0.045868819819489
16 0.069607835924181
16 0.072175361512094
16 0.057983261086822
16 0.062199765902209
16 0.046910705450333
16 0.072596613149594
16 0.033060102124134
16 0.037794896807945
16 0.069015384462603
16 0.037987602017573
16 0.089314038884884
16 0.059103145883646
16 0.030101801790909
16 0.103798972279837
16 0.103783545869769
16 0.088620775153816
16 0.079761401607789
16 0.055406534679843
16 0.084306938486925
16 0.078398333023017
16 0.098948536957429
16 0.050737434622322
16 0.089031336915985
16 0.040142125544066
16 0.114000684085635
16 0.097125650574335
16 0.092388097259466
16 0.126323013363313
16 0.091985176542120
16 0.030430914731587
16 0.064234567406015
16 0.070884873975754
16 0.118174148714258
16 0.082012084324287
16 0.084512437302633
16 0.094635567169520
16 0.058356714902794
16 0.050978746634864
16 0.062995127470903
16 0.106904780803370
16 0.087593172429079
16 0.095986058672112
16 0.068350485870403
16 0.099876640653450
16 0.048199723208843
16 0.047800324956352
16 0.063802807740185
16 0.052323035007511
16 0.069002676631751
16 0.047864220502332
16 0.115717189453955
16 0.041802811536533
16 0.137705575691558
16 0.075061421281607
16 0.120561870095321
16 0.054290969675661
16 0.061411727267796
16 0.127033474126408
16 0.053499735977441
16 0.076760451568029
16 0.055253496386526
16 0.064910536331833
16 0.088685716025476
16 0.049153283294883
16 0.077276417392266
16 0.099617514063246
16 0.087301400576820
16 0.040499538708261
16 0.082723472767607
16 0.121638888443693
16 0.051396170397743
16 0.073190067851982
16 0.134564674511496
16 0.053692564680393
16 0.089712890855937
16 0.028069161812533
16 0.096670268192813
16 0.068378657413325
16 0.098005269606178
16 0.054801330739172
16 0.113674952972637
16 0.088984130045446
16 0.090698075540782
16 0.112904718245332
16 0.098679715205798
16 0.059525630760941
16 0.056904087508675
16 0.121406654725497
16 0.063471429046067
16 0.056506877906847
16 0.046037771047428
16 0.061014443014318
16 0.045786586659160
16 0.067854249059097
16 0.088107185836942
16 0.061882337780041
16 0.074330231435560
16 0.058378010303587
16 0.137684171690490
16 0.083230285475548
16 0.110108023990377
16 0.092799031207936
16 0.069201579526433
16 0.058501179693349
16 0.042934872088209
16 0.144368929192036
16 0.144802361511985
16 0.043832175085121
16 0.082694336752905
16 0.127234689401672
16 0.143409149249675
16 0.059457157119054
16 0.103281507630217
16 0.090671000975176
16 0.104572894763610
16 0.122708010730766
16 0.076417202189142
16 0.038475230248226
16 0.053654328365134
16 0.057385289356525
16 0.074519975150687
16 0.044828062888625
16 0.093711862324376
16 0.134769825658340
16 0.046700334155608
16 0.080969358187387
16 0.122152931385159
16 0.052304632332155
16 0.059314639219405
16 0.067557920544366
16 0.060136889243175
16 0.061812969646952
16 0.095294142685572
16 0.133809184013425
16 0.186471044662047
16 0.074282192509735
16 0.126738580393533
16 0.089403303664036
16 0.076787090173356
16 0.087708672894719
16 0.068325814445865
16 0.077963208156623
16 0.079455135023015
16 0.058686180662756
16 0.082943068477887
16 0.142744870662807
16 0.044680546166851
16 0.151809684086733
16 0.056911519118527
16 0.139157895869236
16 0.061922417745502
16 0.057762205440405
16 0.061776075993764
16 0.074739166883400
16 0.074798663303614
16 0.122612032077532
16 0.067188898612738
16 0.043211443183749
16 0.141243719352676
16 0.055616369392835
16 0.049960607534446
16 0.039343532804988
16 0.050060103790394
16 0.034909354893548
16 0.065699832989593
16 0.084557677457908
16 0.071705451778923
16 0.068398710218971
16 0.063118958168295
16 0.131729041040180
16 0.110532745263469
16 0.052225150012747
16 0.100974599115698
16 0.048543636216419
16 0.118679365377950
16 0.118623236125532
16 0.056293734020362
16 0.141645577159805
16 0.101377574796857
16 0.057425228158741
16 0.082884424506477
16 0.060772060672491
16 0.080542709039945
16 0.135113196800520
16 0.061406304140020
16 0.043374094736911
16 0.052959427964440
16 0.083826289175139
16 0.091942079380421
16 0.060243204723526
16 0.048233720108772
16 0.051624356443178
16 0.058064226384579
16 0.063946641575551
16 0.058950355285725
16 0.086227270407713
16 0.060093131091847
16 0.061540165689935
16 0.125192631398109
16 0.102013112647149
16 0.082911823006651
16 0.051895273129884
16 0.085811365114857
16 0.108747391057396
16 0.044086602821720
16 0.086122179462992
16 0.115627429690970
16 0.054081590346934
16 0.117763782699004
16 0.036227523699165
16 0.045840372565095
16 0.047537169437843
16 0.072311475053268
16 0.070021877388091
16 0.069678749661632
16 0.090348570961544
16 0.090308359917121
16 0.086026676408270
16 0.073411375944758
16 0.107057002523333
16 0.062049584166111
16 0.084784427920516
16 0.117587713873763
16 0.045402371149262
22 0.363681907333509
22 0.394368134752571
22 0.237730457530721
22 0.205172108868401
22 0.210076638028447
22 0.231641989926787
22 0.194860219676332
22 0.272721086054482
22 0.162531804228487
22 0.202862206679557
22 0.262793448844935
22 0.270398008849275
22 0.273494966959032
22 0.189313129578075
22 0.329021269848046
22 0.278044830892658
22 0.311077928420493
22 0.238184973518622
22 0.414031567946105
22 0.186483891236083
22 0.223484071771748
22 0.302010773066955
22 0.407104034506985
22 0.376145067376887
22 0.486450677185279
22 0.312665641333764
22 0.233998129172857
22 0.321279891361991
22 0.345403368890302
22 0.184652426886741
22 0.195786651824907
22 0.326137610571289
22 0.209492369480322
22 0.159890671452967
22 0.255112204946335
22 0.297891803036120
22 0.381965745411643
22 0.121736535746614
22 0.251663211817525
22 0.428452039898880
22 0.162820926316748
22 0.373743771740107
22 0.259012673504881
22 0.179716042206407
22 0.301485833407702
22 0.174017399318502
22 0.170326972917533
22 0.174283458283277
22 0.228400324567730
22 0.313575184004531
22 0.325501896846601
22 0.293796886764799
22 0.259814862526170
22 0.178468075330502
22 0.206138017314579
22 0.247735070187606
22 0.160612960965010
22 0.271592617774457
22 0.260616016695652
22 0.184422755800991
22 0.732301694796488
22 0.385578164957938
22 0.385450939153562
22 0.232851493633178
22 0.345459640681888
22 0.141331340629714
22 0.368384958572018
22 0.451033642865755
22 0.208239371777556
22 0.364120372892896
22 0.364263385814312
22 0.316943116280032
22 0.293918477817023
22 0.235171602455223
22 0.261205724144399
22 0.259811028251305
22 0.569080328619650
22 0.380638526798739
22 0.124806079332395
22 0.381500892946943
22 0.339267947925894
22 0.231668657184182
22 0.283082444802724
22 0.255131384475019
22 0.330747359823917
22 0.249674575239556
22 0.154966596692534
22 0.211369484988654
22 0.435706703160578
22 0.275390423758711
22 0.237542519178548
22 0.390128282466090
22 0.217382034763312
22 0.441743723396078
22 0.283408853443159
22 0.179518268796210
22 0.182445961185095
22 0.237194890579596
22 0.332329123905123
22 0.243423426634532
22 0.171952572660231
22 0.277302654010892
22 0.206478371594493
22 0.227339384761495
22 0.196889061907493
22 0.349769386800456
22 0.242808436228699
22 0.340558325160156
22 0.373763882018885
22 0.371312361167773
22 0.219046761537653
22 0.482746426190205
22 0.110103621819296
22 0.170730722843513
22 0.109042911580700
22 0.297413572721053
22 0.376325656342247
22 0.220902506033428
22 0.365043131095594
22 0.249666148695178
22 0.466678641253266
22 0.383946560863039
22 0.389109503868267
22 0.222302208202911
22 0.175639576910845
22 0.215753685147065
22 0.282578964256577
22 0.408299607702508
22 0.313423938952455
22 0.343734573265252
22 0.253778111723163
22 0.355199700995022
22 0.307036813311037
22 0.436313411766903
22 0.149980646999325
22 0.202735577536786
22 0.308223661652078
22 0.187191964836718
22 0.369522099172764
22 0.326367178600080
22 0.216500785469644
22 0.445028983840528
22 0.244997998314837
22 0.296268261156029
22 0.220788817286481
22 0.410963556443651
22 0.325679417604919
22 0.250549386668819
22 0.283389524762062
22 0.264714265768068
22 0.268252564561028
22 0.191896633013869
22 0.265966633212819
22 0.353610501729238
22 0.275090569556947
22 0.303285551044832
22 0.347546250493543
22 0.342863741351237
22 0.219461977817169
22 0.239719043580384
22 0.166764799634800
22 0.189882164886717
22 0.269932897174117
22 0.250322077168224
22 0.233596784866447
22 0.241273108078828
22 0.237694681036855
22 0.163227450349308
22 0.423827264774958
22 0.262619564896254
22 0.261813581871099
22 0.349593052405979
22 0.382096282678527
22 0.447523391328707
22 0.311296981544380
22 0.256302238058072
22 0.212782490572951
22 0.222384741770383
22 0.261200385996565
22 0.250093096653961
22 0.199302441194830
22 0.215805238866123
22 0.330917726601677
22 0.363229350794451
22 0.208717748018438
22 0.441338402091192
22 0.278975486025230
22 0.312003781783807
22 0.193414960031866
22 0.371524103517944
22 0.313025341374104
22 0.116522577671750
22 0.212598089255781
22 0.339131660976986
22 0.214140026154768
22 0.235327199990767
22 0.182752851200292
22 0.148871686869279
22 0.284530637537339
22 0.410790686740519
22 0.377193011470664
22 0.233557693081542
22 0.222630081585198
22 0.207247785060604
22 0.155796685751228
22 0.222056038855153
22 0.295328360142882
22 0.175336455360196
22 0.310577146088073
22 0.206509786489206
22 0.363429341660227
22 0.320271187222516
22 0.494894137233255
22 0.163919485590451
22 0.231401672757099
22 0.303974242759619
22 0.290603615242778
22 0.208698085667639
22 0.405432409701277
22 0.153316270689614
22 0.236633900634551
22 0.168435097527864
22 0.297384119117095
22 0.337964183832976
22 0.271418877023926
22 0.300566651801854
22 0.268006129005095
22 0.358962938913541
22 0.148042205086705
22 0.319167535148274
22 0.281693570609705
22 0.223665968625634
22 0.179212642777740
22 0.208063595920810
22 0.234003239446974
22 0.155204137458857
22 0.537381441473189
22 0.131428255451941
22 0.309104910330002
22 0.278290800136468
22 0.205330076757548
22 0.207520799754654
22 0.235603515053791
22 0.481176454142314
22 0.236798039241846
22 0.646346064650418
22 0.279613167668535
22 0.247299721356107
22 0.287830159216647
22 0.233523674869629
22 0.150123968774138
22 0.155524031310635
22 0.303133030607279
22 0.287815008331172
22 0.264399107248214
22 0.224359840181971
22 0.301425637158716
22 0.129157155584001
22 0.227819580811365
22 0.237059539158769
22 0.349126700614413
22 0.107119980156794
22 0.238481146571998
22 0.290068211656518
22 0.124864800416045
22 0.152279723520203
22 0.402863377044532
22 0.350490685780991
22 0.244563327987495
22 0.320347665353251
22 0.273779082762896
22 0.309804471996796
22 0.251858850890156
22 0.216912188311810
22 0.261047811246408
22 0.211557044059738
22 0.472765333104162
22 0.181933357535413
22 0.172787212750876
22 0.228718230368689
22 0.427311437820115
22 0.239293513929293
22 0.260825726983976
22 0.259183550496912
22 0.367908548882700
22 0.204730923111076
22 0.473595655737199
22 0.415581943045667
22 0.509709834713548
22 0.325125671151817
22 0.344143964490021
22 0.122563596538601
22 0.270490268112300
22 0.301420694421167
22 0.243866425978683
22 0.290965460787279
22 0.167188372973642
22 0.214016079601658
22 0.235271106903802
22 0.395958132163228
22 0.478111933903532
22 0.232139025333381
22 0.164485539970000
22 0.249051180805001
22 0.247808616636444
22 0.364739441476309
22 0.256624677946108
22 0.193065037862139
22 0.356339261773134
22 0.269796886684569
22 0.321335958218232
22 0.162937219370345
22 0.172570243448364
22 0.224643534003564
22 0.352961501184200
22 0.303689634550824
22 0.361229317588464
22 0.200529871785452
22 0.366555619181682
22 0.178762647668447
22 0.244693091713816
22 0.300714763986927
22 0.205513664738909
22 0.188826599788374
22 0.192171139621306
22 0.353333600005890
22 0.265850880688629
22 0.163135845141675
22 0.222394724147358
22 0.189118758638258
22 0.353355457801648
22 0.216562817015815
22 0.266193870743500
22 0.351674961553297
22 0.190033225905732
22 0.215482196841372
22 0.381935065494685
22 0.465519962477880
22 0.170043092075250
22 0.442473023902271
22 0.303226773469725
22 0.579866291862661
22 0.149768762229727
22 0.400083625935212
22 0.234696905056421
22 0.426069302451275
22 0.244788564700494
22 0.218748522681432
22 0.174334661392762
22 0.179128503030438
22 0.245960259530014
22 0.401404108513348
22 0.402644087401574
22 0.165354030404492
22 0.286115727019482
22 0.245675293352090
22 0.319699863982391
22 0.356115982884414
22 0.212907850570113
22 0.149875715872519
22 0.227689480288685
22 0.234697528207053
22 0.294236111981173
22 0.329183094439778
22 0.237393058176425
22 0.384746078262624
22 0.232836886151419
22 0.222629298879132
22 0.385497750188158
22 0.312189152002434
22 0.233315756854156
22 0.160171258445744
22 0.215613959135598
22 0.196966709347560
22 0.240937110214637
22 0.252466207235456
22 0.235833483950937
22 0.200494797364879
22 0.222442132369736
22 0.233755049703980
22 0.175822822278295
22 0.252671883966427
22 0.287791511947317
22 0.327461478927098
22 0.209316804081900
22 0.276620753998880
22 0.214753933683057
22 0.395959227575742
22 0.180302608109610
22 0.388660135733005
22 0.308936399630845
22 0.321991492731112
22 0.201446100376506
22 0.185369484480159
22 0.258298829830452
22 0.270009674457763
22 0.160428347647791
22 0.276288485629892
22 0.185952830819976
22 0.331593725735940
22 0.207257374035498
22 0.195894467491358
22 0.252669682882485
22 0.188628655425334
22 0.367441529486488
22 0.258503138647314
22 0.189961705337546
22 0.200696413070806
22 0.196327580698761
22 0.215669964352599
22 0.233698273867219
22 0.368028908039175
22 0.190144958819222
22 0.414009788474952
22 0.245354701769276
22 0.562951365419639
22 0.277207284417786
22 0.146477810421599
22 0.189252823111406
22 0.300230319232158
22 0.129082256470553
22 0.203434183998126
22 0.251008459813805
22 0.226731907175898
22 0.352461095703697
22 0.121656840051073
22 0.413246755989814
22 0.176089810988177
22 0.170768629926264
22 0.327462181762401
22 0.342083221092959
22 0.188293738468808
22 0.491325145777228
22 0.416514205323622
22 0.280055034148655
22 0.211983997726662
22 0.532466072371358
22 0.157639253660798
22 0.317086517630450
22 0.177676809429145
22 0.120545915943255
22 0.224694366336204
22 0.340205897829782
22 0.197845459289097
22 0.293182303255554
22 0.262316807351606
22 0.420836383875081
22 0.215933803549177
22 0.302283262769976
22 0.163260809170589
22 0.524584667773658
22 0.143816763596602
22 0.332846549997454
22 0.422334230326025
22 0.259357035034358
22 0.327284065099178
22 0.352291931061953
22 0.411304846888859
22 0.312808198589007
22 0.156532872136459
22 0.126523126882716
22 0.161939663955702
22 0.298908248002991
22 0.178630650995565
22 0.227308901396233
22 0.168663244031233
22 0.243082028551872
22 0.291227707395499
22 0.287116295015060
22 0.407544712966586
22 0.228372355000431
22 0.163490745323402
22 0.205228070072004
22 0.555603043076951
22 0.220697109679686
22 0.172925032795314
22 0.363741463973652
22 0.192431581618444
22 0.183202620311934
22 0.270683509718094
22 0.373300216836841
22 0.187247241060601
22 0.313588679578458
22 0.220222848439638
22 0.158698925169503
22 0.328314775191229
22 0.280553147666390
22 0.207688907955788
22 0.305290688311699
22 0.250365685966818
22 0.283294392201169
22 0.302358596219894
22 0.407107982916544
22 0.283175539392923
22 0.177989730477906
22 0.162698518817908
22 0.146195227666615
22 0.246274239149426
22 0.473820252724634
22 0.391759019734475
28 0.965199962486802
28 0.871204780730079
28 0.822558429829396
28 0.539166857950700
28 0.724658816263475
28 0.802042779423013
28 0.884851713088388
28 1.081040111877815
28 0.477450638415197
28 0.448262852891828
28 0.570324066092793
28 0.681097799744304
28 0.767063080537418
28 0.617973666408421
28 0.508455297110217
28 0.417142623803257
28 0.606965989448760
28 0.454567061243274
28 0.547471824658041
28 0.656614951903214
28 0.579410949805499
28 1.306098961437090
28 0.782291887338059
28 0.342225404258275
28 0.623424075495632
28 0.548603972016878
28 0.474584273384155
28 0.691276655237325
28 0.518014463773611
28 0.514090370918054
28 0.810487412979953
28 0.547473591795882
28 0.391234654450184
28 0.841000425419557
28 0.739578319750812
28 0.640208232158741
28 0.612597737467539
28 0.463931223999579
28 0.759936092507744
28 1.160436910826851
28 0.353310260654502
28 0.719137234854584
28 1.425757382128259
28 0.527023577424675
28 1.035767815255812
28 0.470238131559855
28 0.574485987079549
28 0.561391333199307
28 1.203447558987994
28 0.755571511688623
28 0.911836341630464
28 0.447611597528174
28 0.451574174793196
28 0.540948119388167
28 0.615261407539236
28 0.424131694429885
28 0.361556074757125
28 1.099544724021590
28 0.673104739317638
28 0.588292454420756
28 0.796823642011006
28 0.917886518056199
28 0.652401023312302
28 0.622336900066233
28 0.513375018189967
28 0.993856824422222
28 0.506472141677150
28 0.741906764174352
28 0.609006841697674
28 0.400010561187904
28 0.558276903061453
28 0.453636067971054
28 0.723501139141290
28 1.015721467523501
28 1.039827748012715
28 0.811171433657343
28 0.760524781188355
28 0.807155103408316
28 0.736316638043963
28 0.969147394677860
28 0.783900580390074
28 0.407699101004325
28 0.433784504383935
28 1.064440703623271
28 0.661729396201849
28 0.747534940538118
28 0.991383414650950
28 0.632036463938580
28 0.557595917244786
28 0.671267409545145
28 0.636364833321226
28 0.434182021057416
28 0.544187572755701
28 0.844636131306649
28 0.760386303790608
28 0.632299458843052
28 0.344885682052421
28 0.788499021876931
28 0.752501612686030
28 0.846231532407394
28 0.631641357838628
28 0.404599229374272
28 0.642497191956783
28 0.871790700637820
28 0.792086070043866
28 0.804880888485981
28 0.663733131489410
28 0.596612001580660
28 0.742282634120054
28 1.055280300941782
28 0.745304154507610
28 0.469027098499018
28 0.741267270141657
28 0.420212954778907
28 0.412171299615232
28 0.543437745814585
28 0.793216105748596
28 0.788688829753598
28 1.180465598750749
28 0.837840001519208
28 0.651030261405497
28 0.669679443760288
28 0.762023109340433
28 1.014913720349016
28 0.838580375011209
28 0.616868215961433
28 0.918571822557178
28 0.784008945315212
28 0.586274019564192
28 0.645937463698285
28 0.548518463571892
28 1.261960064838683
28 0.587730031522720
28 0.551570236632037
28 0.488670666582590
28 0.659422944319533
28 1.077737315953694
28 0.908969815776536
28 1.277841175009145
28 0.915183168218390
28 0.430518177400405
28 1.163970880396992
28 0.905614504126668
28 0.632687678850573
28 0.600273906213163
28 0.583290832745425
28 0.646552982207420
28 1.257837798343286
28 0.475999724659441
28 1.173914172854441
28 0.610877252095178
28 0.873917087972269
28 1.044975286440363
28 0.418163362776825
28 0.648122764868782
28 0.588895081193769
28 0.447949106258709
28 0.630250420021079
28 0.880566157319489
28 0.491801731085087
28 0.934119168139801
28 0.763784939388631
28 0.530937076055829
28 0.448659336088607
28 0.860963036099384
28 0.686110821257648
28 0.953027510265298
28 0.452836299448794
28 0.760488454655915
28 0.790947964646165
28 0.417918883207690
28 0.618906737094640
28 0.512975226265859
28 0.762657354187210
28 0.810570949772798
28 0.395334298586191
28 0.510871202922536
28 1.008224569473225
28 1.295372592306118
28 0.928320506868976
28 0.579653873173160
28 0.869004139359349
28 0.547933170752286
28 0.606939421575293
28 0.807250621532708
28 0.326795075361059
28 1.177801606503292
28 0.603676903166029
28 0.703612681102471
28 0.571069592950429
28 0.664819189484615
28 0.743339854024045
28 0.863666588399232
28 1.044394829445347
28 0.324115925284036
28 0.936572431402297
28 0.905094886132400
28 0.590117032635312
28 1.248601232591874
28 0.703882032396626
28 0.861498348676349
28 0.417746032795216
28 0.515996229728168
28 0.765844210047623
28 0.640405405584334
28 0.624817799064991
28 1.250575909486255
28 0.677947822458016
28 0.933678352006103
28 0.973973922978014
28 1.093881007257304
28 0.877595815783763
28 1.394943117291058
28 0.820296850662902
28 0.671717280107182
28 0.815031205465198
28 0.805226292994596
28 0.576249311035652
28 0.694339376078000
28 1.028470903445131
28 0.590153113686624
28 0.772180335737368
28 0.833115165648374
28 0.903736770697018
28 0.834469641300720
28 0.886008777115703
28 0.774218743449254
28 0.475135093187489
28 1.630162920504644
28 0.974555389309606
28 0.465910664431621
28 0.940473953187732
28 1.212294837444460
28 0.719166023465894
28 0.666752023337589
28 0.606735680321487
28 1.198226170760239
28 1.022586544541854
28 1.087484512667783
28 0.438568197766152
28 0.556730993983032
28 1.132764093116919
28 0.510128274871641
28 0.652664914004536
28 0.580067884709177
28 0.885722692264700
28 0.835864318670239
28 0.643437741128845
28 0.781821958880530
28 0.514035745835030
28 0.735583343520577
28 0.468521451634849
28 0.575325863842773
28 0.465417947539442
28 0.769442696102327
28 0.742055207635525
28 0.663731683807856
28 1.095652205065406
28 0.692696677210177
28 1.202911745933640
28 1.038137955305463
28 0.698585086098840
28 0.377336236495325
28 0.595166489986852
28 1.129078999484958
28 0.405593147933487
28 0.399140803206278
28 0.617282430806301
28 0.427648043663932
28 0.394767461508263
28 0.677150466232372
28 0.955987923467135
28 0.482809289883642
28 0.974528487648097
28 1.041728740834119
28 0.746355771876681
28 0.812545871791013
28 0.786604668867434
28 0.728523921968262
28 0.557062783917268
28 1.461575612609048
28 0.749915916884198
28 0.625218496248542
28 0.994440749720566
28 0.666380878000591
28 0.984385843208790
28 0.482933533145362
28 0.658947476004705
28 0.791288432212571
28 0.859695545799178
28 0.568222095783962
28 0.615995405134424
28 0.413602415309755
28 0.464374188088741
28 0.719621992595020
28 0.527640442879251
28 0.712744878823433
28 0.575465203732327
28 0.555045404760799
28 0.645810578751936
28 0.977704389601824
28 0.931206192630552
28 0.296096557398380
28 0.735962429567661
28 1.058206905310465
28 0.505336886684376
28 1.264654729474882
28 0.366516322642050
28 1.408212840118016
28 0.636506551285125
28 1.149120608768719
28 0.672957202018295
28 0.804098369699837
28 0.604339629674912
28 0.454855338595907
28 0.663513984662579
28 0.622859895503191
28 0.690649591420726
28 1.236452851536199
28 0.900384277167958
28 0.874893511914446
28 0.390289287485094
28 1.020510029270318
28 0.401988696639256
28 0.742162975181555
28 0.822214969941213
28 0.483552252712896
28 0.443823267623283
28 0.553382377671892
28 0.672702064394188
28 0.745419062533254
28 1.580699750357928
28 0.568820557513866
28 0.991616040185058
28 0.595349241201200
28 0.550080864627875
28 0.573295647744452
28 0.932734218014525
28 0.579883106386911
28 1.498808025892276
28 0.857094934009110
28 0.689049517771734
28 0.901164238735268
28 1.177551496518653
28 1.193351065950520
28 0.650166855484121
28 0.732050900884896
28 0.461119375102647
28 0.482228035244896
28 0.808636062788768
28 0.445572986699118
28 0.668855458799231
28 0.367854135240592
28 1.156666104404289
28 0.528834308506231
28 0.693023021666462
28 0.779330911839653
28 0.609991633906358
28 0.541983421371715
28 0.641926970031601
28 0.433444571530553
28 0.717849129309271
28 0.590261555002181
28 0.613190933051437
28 1.203689522640233
28 0.816267534072361
28 0.618695621844007
28 0.914546884110077
28 0.934253953737477
28 0.377840663478182
28 0.570283710716313
28 0.654589190138722
28 0.790836104046428
28 0.809892453055240
28 0.877608131512066
28 0.476956532679405
28 0.655678761670083
28 0.557186115419398
28 0.982467902419284
28 0.622668264150022
28 0.948206355015137
28 0.746631480458978
28 1.134364289175440
28 0.610101421866608
28 1.115496660759129
28 0.537203746969181
28 0.665369302397474
28 0.415582635501589
28 0.602228248524744
28 1.972978993552951
28 1.284574772242603
28 0.736978817945981
28 0.565556461713146
28 0.658365588422441
28 0.488658697462159
28 0.696820583180812
28 0.514247244754777
28 1.226548809144311
28 1.505853305879077
28 1.106019607300113
28 0.847780185599833
28 0.517036221108573
28 0.544416328651415
28 1.007685720958404
28 0.837706965319019
28 0.711094191235567
28 0.659870800813406
28 1.064403501277520
28 0.786777674728577
28 0.418232584335714
28 1.223651905015918
28 0.421984473619777
28 0.578711071400197
28 0.857759591128639
28 0.509193890095749
28 0.579267675271284
28 1.021378839091009
28 0.665922528751676
28 0.957136219388020
28 0.832694919665321
28 0.599131511752622
28 0.790105750237794
28 0.720614101494955
28 0.539778138783477
28 0.889119966541724
28 1.094232243673529
28 1.076165351891884
28 0.844006296802104
28 0.572277999946996
28 0.802476819403149
28 0.435195788378692
28 0.709359344547993
28 1.150650501207315
28 0.671971841897451
28 0.653683469411662
28 0.388691907751136
28 0.509011656593010
28 0.625350138156072
28 0.485880710623405
28 1.028107425288316
28 0.939088509113828
28 0.810195123718678
28 1.137107847993352
28 0.489796999910529
28 0.682982241958080
28 0.887141401505992
28 0.768803923016910
28 0.579263298052545
28 0.395395206539959
28 0.574103408301977
28 0.417117344396111
28 1.009071291266478
28 0.752604492690454
28 0.956024346911040
28 0.679706271208746
28 0.624638131428659
28 0.726456884079751
28 0.812149395707547
28 0.582235519897015
28 0.987264853899656
28 0.769861782514484
28 0.610293970884558
28 0.439740786504017
28 0.879842988192967
28 0.751904323588032
28 0.643838795212226
28 0.725463510798023
28 0.588363972410611
28 0.460853354481216
28 1.324051553346518
28 0.491027868076483
28 0.668747720386209
28 1.429925393913233
28 1.262315352459754
28 0.784315990118135
28 1.570853257181349
28 0.433022434169298
28 0.979001158586303
28 0.765423300412450
28 0.722082014069590
28 0.801639447460047
28 0.578438857413255
28 0.598564957853310
28 0.797091233341155
28 0.619879193221706
28 0.777775900917089
28 1.000779344335431
28 0.510694668378715
28 0.698437088254981
28 0.792937495451650
28 0.819215462286139
28 0.736407091873534
28 0.632690233169721
28 1.045376732396609
28 1.029571271022497
28 0.591035340861741
28 0.506585024680884
28 0.453540114279074
28 0.666998199512809
28 0.864259668333464
34 1.169246453362317
34 1.401972591757608
34 3.007818623420055
34 0.995504971550180
34 2.303117366586751
34 1.389131432344562
34 1.231313972978646
34 1.806870936878300
34 1.760712005529069
34 0.780919833367263
34 0.976562312622519
34 1.756649050345108
34 3.655351053725141
34 2.440693726197244
34 1.235902482724911
34 2.400423406839201
34 2.411974898545264
34 1.329532329065605
34 1.524403833630499
34 1.661315022157011
34 1.109624794268124
34 1.224215734826983
34 1.413492338193026
34 2.028823962942730
34 1.127271599982769
34 0.986570695088110
34 1.344814277249113
34 1.985597207930773
34 1.312350098871903
34 1.248266202829281
34 1.061625137621140
34 0.878536703177135
34 1.759420342020150
34 2.845680796520612
34 1.580732950939832
34 0.844904062489669
34 0.926602108179464
34 1.796045397139454
34 1.620998341792218
34 1.465979170402283
34 1.422921363899321
34 2.854333660036847
34 1.600416191961414
34 1.473408879951172
34 1.814466632780164
34 1.680542872411026
34 1.202471030954516
34 1.908980747688624
34 1.509503800215118
34 1.024471573260455
34 2.603296823156849
34 1.262583195725682
34 1.102018592656218
34 1.546424843663766
34 1.837133111879657
34 1.467092954100148
34 2.944406468251474
34 1.186191934568773
34 1.654639320191023
34 2.625252144842687
34 1.830903221605760
34 1.083176227697807
34 1.892352920459114
34 1.375840501054642
34 1.689547707101170
34 1.514733106500879
34 1.937233560995019
34 1.101397836928465
34 1.402937221848253
34 2.144461307833323
34 1.420704819527469
34 1.103336393006241
34 1.407365859882598
34 2.835324188681356
34 1.091546814849312
34 2.058819902661108
34 1.570261163859896
34 1.787833116853154
34 2.485226254282730
34 1.456893645613568
34 1.605262917457401
34 1.942201488635460
34 2.018183419559837
34 2.144428377938079
34 1.449025767331805
34 1.658056475632861
34 1.758367000346992
34 0.964213792734564
34 1.944627431620969
34 2.481593995452294
34 0.948191884314688
34 2.875009433230138
34 0.744580149854933
34 2.269686506414113
34 1.405114514098250
34 2.540230542286007
34 1.575277756438336
34 1.745613867853638
34 0.780284652131444
34 1.880861745878887
34 1.976767922727821
34 1.581046484798198
34 1.539297678961105
34 2.284111350061284
34 1.241723884194895
34 2.175081991646923
34 1.919532461153634
34 1.529159096629184
34 2.106716679400263
34 1.364897251719909
34 1.286538584935049
34 1.478641475152249
34 1.886154349376550
34 2.397609005278583
34 1.322195304090732
34 1.844459439755222
34 2.086472864397575
34 2.293708719555887
34 1.814967527547894
34 2.134499903086156
34 1.224478040841731
34 2.692801134304290
34 2.400628947177440
34 1.507449146720261
34 1.294877039958578
34 0.944275230170191
34 1.074747235215110
34 1.773326167651977
34 1.379371331675541
34 2.210290096803735
34 1.149584571441146
34 2.143028180417075
34 0.897686458608594
34 2.359273876375862
34 1.341714030934591
34 1.052769300692022
34 1.945777796135048
34 2.794612064804613
34 1.685516629114090
34 1.084858682196058
34 1.022963029745251
34 1.354035060313269
34 1.356563003406013
34 1.722393404054380
34 1.594006770967114
34 2.670948543812678
34 2.348797724712734
34 1.751352456347069
34 2.163618771683174
34 2.066847934439896
34 1.620886090520511
34 1.367258311794959
34 1.754346481914966
34 2.540102461084794
34 2.420564286194511
34 0.942843620440506
34 1.125838570866222
34 2.652088017427094
34 1.843166125813552
34 1.560741509131739
34 1.427741551770274
34 1.248450247750758
34 1.877171600083761
34 1.386223201422863
34 1.222699450147748
34 1.180746466989392
34 1.685366258451585
34 1.517136330971059
34 1.068774060522627
34 1.126817058722055
34 1.685397340763086
34 1.976236077239529
34 1.988382435840491
34 2.582853695459711
34 1.584921491269626
34 2.064582705245965
34 1.576706457057799
34 2.017418951052517
34 3.041511656753979
34 1.549187417905928
34 1.464122231683601
34 1.578291369605991
34 2.358513380673550
34 1.667891772354727
34 1.126336315198344
34 1.219794463925861
34 1.680976092181820
34 0.927661992881728
34 2.226652269104738
34 1.638377568977471
34 1.091134783835495
34 0.971622935798520
34 1.087154842477859
34 1.151011835246296
34 1.832263571452674
34 2.249171239281398
34 1.047998727507675
34 1.459942743001403
34 1.376017153345901
34 1.062832652818752
34 1.065909264929321
34 3.669547442514142
34 1.047005820145917
34 1.983626703289252
34 1.933092331000484
34 2.146593410742804
34 1.717617831410259
34 1.007950638108863
34 0.848049696794754
34 1.186526090218896
34 2.254082037529225
34 1.042146308007908
34 0.802938495693111
34 1.206117659392654
34 1.087431949731940
34 1.407717728588356
34 1.274984086920333
34 1.209952476868987
34 2.224700593919008
34 1.508581359068962
34 2.375917990350694
34 1.230324160186911
34 1.036863847798288
34 0.953157587556026
34 1.002887688989481
34 1.662505900048432
34 2.032988469678893
34 0.995336438183468
34 1.539044887781558
34 1.508092342198183
34 1.817248082595905
34 1.410518105077234
34 0.880637205711262
34 0.838189527908778
34 2.078165425542837
34 2.367917551470154
34 1.196740523431962
34 3.204006484347966
34 1.525854338901203
34 0.972491860955328
34 1.898397266976603
34 1.764998054665408
34 2.176929348352751
34 1.222021687161274
34 2.429895316831656
34 2.008007892053844
34 1.583409548876262
34 0.920258111586121
34 0.827356944841888
34 2.115386143603318
34 3.364151813704630
34 1.369821528269296
34 1.529306008188492
34 2.542132375475808
34 2.547946020201719
34 1.337050426093507
34 1.162079480526965
34 1.291957885947689
34 1.510140416278138
34 2.457276522907123
34 1.254419520661044
34 1.854132602002739
34 1.995807610726755
34 2.462383432804266
34 1.440183961743919
34 1.719259026781490
34 1.222317690553374
34 1.493547504118925
34 2.611485617605775
34 1.352958642770630
34 1.276796658088799
34 1.872713491330089
34 1.217513929745223
34 1.749713796562152
34 1.334736640854280
34 0.943674893542973
34 1.072434384176812
34 1.477315032045504
34 1.822635479785768
34 1.255510458300582
34 1.522554435913198
34 2.561459952768456
34 0.868555040994399
34 2.411743277676170
34 2.250188185897443
34 0.903352439345321
34 1.233730060252772
34 2.237295652660127
34 1.456949116493988
34 1.327196878173734
34 1.164370163865344
34 1.639056644429948
34 0.622238687306730
34 1.153019587632003
34 2.085253818988618
34 1.862330292357326
34 1.082961662054036
34 2.171714069891023
34 1.314545729924424
34 1.315868030066759
34 1.214330083953732
34 1.190311144930308
34 0.913294295256565
34 2.004209783534458
34 1.027440997379662
34 2.421764781378279
34 1.784385283480330
34 2.689215120627042
34 1.394986822685266
34 1.023615346289090
34 1.963117426710225
34 2.215317379363213
34 1.699439956828657
34 2.230802764709242
34 1.043845937909057
34 1.144163737143152
34 1.914730861367391
34 1.439520695817460
34 1.537980873176390
34 1.988659844824926
34 1.406272703277883
34 1.067863975236148
34 2.199047367918810
34 2.695950010725973
34 1.209366507324705
34 1.015401977959288
34 2.206698427751750
34 1.599784837584298
34 2.360862880729670
34 1.550302018937055
34 1.301646262023183
34 1.471647200210434
34 2.157041522733429
34 2.603087024099961
34 1.643466779160483
34 1.494585406459491
34 1.137190099307444
34 2.599931489946443
34 1.347391562206680
34 2.401597610516691
34 2.080209036795992
34 1.531638626476430
34 1.481174514785118
34 0.991781943676448
34 2.968686282100486
34 2.307538457676194
34 2.001869354998920
34 1.492425476843544
34 0.892938301572780
34 1.372225922865709
34 2.303425969160574
34 1.557637223066000
34 1.611808578276338
34 1.445003513209373
34 1.062874665984181
34 3.143413573038422
34 0.798486468028098
34 1.459906828920983
34 1.849290188922867
34 1.100286685164172
34 1.352043496886738
34 1.029242032877637
34 2.053878018766357
34 1.501544430394811
34 1.715040843570494
34 1.679963324483713
34 2.553958657807574
34 1.710088725731914
34 1.825179336983138
34 1.230171226212772
34 1.501564135657489
34 1.528842741565514
34 1.818197295701055
34 2.214783628390311
34 0.976107224540276
34 2.860183162343451
34 1.884012799049565
34 1.984929729460099
34 1.413835978277124
34 1.675553351185039
34 3.032197022963193
34 2.084651178106690
34 2.585535483262706
34 1.317800169698047
34 1.836209641235210
34 1.980114077989207
34 1.558263673361658
34 2.183710172365302
34 2.905884540717211
34 1.791375490621055
34 1.265351628093419
34 1.585216240031479
34 1.661959526170453
34 1.017378434557467
34 0.954762517120653
34 1.959627242457075
34 0.897241076836778
34 1.652529622726967
34 1.670042979771096
34 1.512985394365563
34 1.464516591763726
34 2.151307094687130
34 1.183205108180810
34 2.313586971856539
34 2.457173368782333
34 1.671289591265973
34 1.440113064695064
34 1.060959717599907
34 1.402496174606830
34 2.046024958088285
34 1.489297729560799
34 1.631874021543825
34 2.218999351604752
34 1.566091697291836
34 2.878431610196611
34 1.399493034410244
34 1.321299019885141
34 1.334601678611330
34 1.744081145586810
34 1.820172572902830
34 2.500574644873783
34 2.259847166695364
34 0.836959671983218
34 2.364225209225950
34 1.121650717879741
34 1.139847574160422
34 1.716077947626555
34 3.765408241560827
34 1.678344192642995
34 1.215526149655993
34 1.926448467385560
34 2.097644749912194
34 1.236471382980256
34 1.026157755889395
34 1.519835616538708
34 1.472113811176005
34 2.916768392942291
34 1.241179028425704
34 1.984102927192506
34 0.892355763445194
34 1.744048128380146
34 1.947443078606397
34 1.006334797961059
34 3.593401639181141
34 1.445076659203946
34 1.888576704862575
34 2.725577380012982
34 1.329530656207571
34 1.507591699230495
34 1.395260498292649
34 1.660480762433983
34 1.603478315951855
34 1.060888805573247
34 1.888737959459577
34 0.972296883662319
34 1.440965246837439
34 1.852676034289297
34 0.805237180633677
34 1.726481230105226
34 1.754488627431361
34 3.196885822985426
34 1.576038012534879
34 1.254941537966798
34 1.347292999635381
34 1.433162341940162
34 1.689907295870069
34 1.360169473398150
34 2.065055746760588
34 1.847923519383897
34 2.031662134581695
34 1.199790372505025
34 0.936496473822946
34 2.009051358926039
34 1.142935957389397
34 2.001750317735182
34 1.628776597489911
34 2.048402889197575
34 1.866185087986744
34 1.320759714005742
34 1.497136873873592
34 1.934888764827148
34 1.384303990218256
34 1.657248835344316
34 1.864777272002513
34 0.758551088348248
34 1.299545579309123
34 1.993697375334902
34 1.315272243667307
34 1.754694871554979
34 1.561435825253562
34 1.713863669057731
34 0.874630949412912
34 1.644716458239747
34 1.139835741957269
34 1.516456978121988
34 1.016685556432668
34 1.408903749876163
34 2.560577233263678
34 0.911452206251230
34 2.150126169025492
40 1.801408173542253
40 2.780642592082276
40 1.870185582173342
40 3.335470509423940
40 3.045536039639747
40 3.145905039160622
40 2.868949695756697
40 4.525122481052206
40 2.416222100942653
40 2.727048468218841
40 2.256883772623986
40 3.254923430653459
40 1.999686077434229
40 2.472082754423843
40 3.786205327039060
40 3.413604109436454
40 3.607156043343245
40 3.769145466225600
40 5.711539465838142
40 2.508242429698274
40 2.445178921984835
40 2.122601554365932
40 3.288407494587927
40 3.756572313339648
40 3.546792393091371
40 3.831002690844180
40 2.648583916108359
40 2.386180962953407
40 2.260447530365387
40 3.586706819052445
40 4.531831188011477
40 2.627517137173440
40 1.886513321519799
40 2.685133765551234
40 2.309071856245071
40 2.556052740763215
40 3.272230630892350
40 2.793330145738903
40 3.318902843558723
40 2.316927206095448
40 2.668421858044267
40 2.995270660944872
40 1.928276354355494
40 2.686903174832173
40 2.553872035613991
40 2.227048470222162
40 2.067421815333404
40 5.373878963276947
40 1.967065948524139
40 2.459070396312102
40 2.606340336681559
40 4.685912077074649
40 1.944531938635139
40 3.833715302883498
40 2.427290233129654
40 2.893464951870850
40 3.671845052905452
40 2.403321111652081
40 4.354828052634621
40 3.146406865937934
40 4.608212808907781
40 2.356985965502954
40 5.096120474705377
40 1.641508440075045
40 5.011601293477257
40 4.946107936003382
40 2.612262017085853
40 4.548639426532054
40 4.795779711173454
40 4.234793790212732
40 2.724114866411135
40 2.207264561318684
40 2.163151936231351
40 3.416908045004003
40 4.768362959119412
40 2.113645925491614
40 1.925277013925864
40 3.949161862585935
40 3.495501680358897
40 5.762486375815146
40 3.348571654550017
40 2.644163989728696
40 3.981468223038909
40 3.970568630751266
40 2.596854769915228
40 3.912196953452860
40 2.978002852040499
40 3.471243066962133
40 2.655831714630238
40 2.420771242126046
40 6.679594708575300
40 3.290859541744325
40 3.757063024695579
40 2.462871475797932
40 4.472941445867745
40 3.067426149154259
40 1.829852178927780
40 2.180307817872487
40 2.373439103274231
40 2.024094888314118
40 2.404461473119722
40 2.427873863948267
40 1.296143601486438
40 3.109536223367213
40 4.117943793325349
40 3.202329134134090
40 2.760492092386229
40 2.480947263503186
40 3.197491982132643
40 2.057209838721333
40 3.688482488977824
40 4.841642078839412
40 3.914655284782315
40 4.305474224283428
40 3.332114120762490
40 2.845152008856614
40 1.582173039548250
40 3.208822597121271
40 3.515885629060142
40 3.951356021098939
40 3.296461964685703
40 2.940733850769072
40 2.304573513109595
40 2.377084233462925
40 3.073199875668813
40 2.330452703783561
40 4.422396577206129
40 6.001593198531955
40 3.004106877190907
40 3.435689986652994
40 3.053530258969404
40 2.814080465861188
40 4.751636384162395
40 2.405952805017234
40 2.933213675923470
40 2.081312110835038
40 3.346240118357128
40 4.760994985074230
40 3.643405053895801
40 2.317912095713078
40 4.249819210694891
40 3.169056480509163
40 2.883947627139944
40 3.044088798554485
40 2.513501741049315
40 3.834735283847111
40 2.513426961256220
40 3.936897655579390
40 1.594202966234907
40 3.291247545810686
40 3.520028172115275
40 3.160657447261203
40 3.705411290603524
40 2.773598128460439
40 1.798838302764425
40 2.545063449194256
40 3.411260861449605
40 2.162613123532367
40 2.928411906930860
40 3.175074658338641
40 1.861852674822705
40 2.045507552170259
40 2.073941717826518
40 2.737001119112052
40 2.452837120415934
40 3.336636102915857
40 3.476951670728791
40 3.948296399302531
40 2.167706319196063
40 5.307157963537868
40 3.405367177895114
40 3.413115061199845
40 2.622491156599490
40 3.017886488300400
40 4.240788875499209
40 1.805143942957730
40 3.245748082661766
40 2.589487091658841
40 3.642552664122997
40 2.360392840705295
40 5.556618081905119
40 4.239334937722829
40 3.334997886364621
40 3.115231330526242
40 2.130522116504485
40 3.302104613935610
40 2.356762806800589
40 2.565661749834971
40 2.738449628742055
40 4.698859458920257
40 2.827616874795968
40 2.938762479152599
40 2.317986803118893
40 2.510382820348118
40 1.852424184030349
40 3.216148972076983
40 2.281037354350890
40 5.123696082855490
40 1.936492260230121
40 2.247450358333143
40 2.994257685444236
40 2.343987411723511
40 2.339590154961854
40 2.858963601514700
40 2.605579161703008
40 2.480152373066624
40 3.972982327983871
40 3.484840917314977
40 2.497721532384700
40 5.732658126119741
40 4.219710959453796
40 1.912466753158553
40 3.806342342539534
40 2.966262173876347
40 3.686166945517575
40 3.834630786665158
40 2.179707946931782
40 3.954262888333661
40 2.341874643403210
40 3.091462390182398
40 4.000486203206611
40 2.341678689718986
40 3.522796269524986
40 1.857969046953497
40 2.006115647936815
40 2.114764734541765
40 1.483628468174991
40 5.054528945337342
40 3.688801678794045
40 3.163871679632143
40 2.320015026678782
40 1.614884741816413
40 3.880294832066104
40 1.835533141286683
40 3.120221380869330
40 2.884061380000633
40 6.269110308700084
40 3.698533839774740
40 3.792096662549214
40 3.580118126523598
40 2.809463554012702
40 3.147538503486736
40 5.483141979611649
40 1.638662206376114
40 2.311174801626464
40 2.243803511018558
40 3.359712751748537
40 3.847276152646362
40 4.401641602632262
40 2.744104993620546
40 2.984012345458297
40 4.678736224873166
40 2.159220169336406
40 4.380154106864223
40 1.791480332298551
40 3.357085363243364
40 5.564416503660665
40 3.043348222911710
40 3.243949086623305
40 5.127087841874539
40 3.296357918406924
40 1.664411110081994
40 2.561980208411523
40 2.779335750152001
40 3.069412317969618
40 3.174625302564219
40 3.973521635264238
40 2.465534244847322
40 6.201655857129916
40 2.324189356536310
40 7.478777458304940
40 1.888264237874404
40 2.416755926879281
40 3.082722678628985
40 2.090006998844030
40 2.059230993722894
40 2.339768159680736
40 3.443677932491413
40 3.107059636726538
40 2.200266688339313
40 4.871033721052678
40 2.715468515296861
40 2.053650906922297
40 2.598038816894020
40 3.229195732847892
40 3.614631647180702
40 4.258927531903137
40 3.323724642003917
40 1.774992797845748
40 4.496238267584731
40 2.297013885862581
40 2.959969999483244
40 3.646713191495998
40 4.320932698253218
40 3.403090258917043
40 5.721201736079340
40 2.868506065917399
40 1.455398720567840
40 4.732016641999602
40 2.365053992304401
40 5.001329143459229
40 2.931173453316418
40 5.632715757560625
40 1.690697541710035
40 3.152653408090440
40 2.735567339606413
40 5.006649765341883
40 3.047218887728542
40 6.226927008683074
40 5.554275785911061
40 1.551383884356254
40 2.809771717198366
40 2.319016591704461
40 3.456783832990139
40 4.484082182902775
40 2.421612313202887
40 2.657600219905127
40 3.016354354040359
40 3.216171627536092
40 2.513993375036138
40 1.966426490388823
40 2.719039890891787
40 3.063619870472998
40 3.883371727861332
40 4.136457555809505
40 3.275537360141664
40 2.625337210548452
40 2.432565224610995
40 7.251843101923139
40 3.672509974691748
40 4.290733743242551
40 2.944051034161176
40 5.618858211515025
40 3.393831990802392
40 2.515306578362820
40 4.392617967642682
40 4.087391434144068
40 4.040408122429314
40 2.380475700915493
40 3.025652486268116
40 5.032336009516008
40 2.299273039950164
40 3.162080438406360
40 2.543718127699583
40 4.846812827643097
40 2.211961753361546
40 2.381771994911369
40 1.797924866129636
40 2.696177455990913
40 5.151309719971799
40 2.477762992667515
40 4.489633513026273
40 3.588117231797712
40 2.755429874194242
40 2.675095484883160
40 4.886142990816331
40 3.050759413900158
40 2.932260510110467
40 3.656938801355038
40 2.437930915560589
40 2.373014138092367
40 4.115401655292493
40 3.203732925592682
40 4.304336357583027
40 6.203534723507213
40 2.413223892599898
40 2.954393366434134
40 2.336901526478027
40 3.179823781063220
40 2.598232503652728
40 2.398074653484551
40 4.258709050726939
40 2.176374014442874
40 2.219503388782551
40 6.035779031050547
40 4.021157834254652
40 2.085388195704664
40 3.425303677016306
40 3.457513649144351
40 4.157981478444094
40 3.815392375260412
40 3.294733277778990
40 1.388862257468852
40 3.346403673290198
40 3.482363367548180
40 3.373179835949237
40 2.876893706390723
40 4.085636496937585
40 2.914967946011762
40 2.793177688663130
40 2.979675302788461
40 2.498265808398759
40 4.513652563309702
40 2.985625429927831
40 2.677812430654356
40 2.771757866709141
40 2.561445268054998
40 1.987592820457358
40 2.058959974636462
40 3.814017767969414
40 2.702845883555810
40 3.592212608802727
40 4.605050403941904
40 2.594929538115219
40 1.712583078803203
40 4.021327008654921
40 2.078744869463094
40 2.923898801547253
40 3.032153515187566
40 3.583268548688800
40 1.952021588371339
40 6.890223848318885
40 3.301311229809899
40 3.429659109292052
40 4.575534563388974
40 2.576829885083308
40 2.488726102820682
40 4.319775880048581
40 3.499470565292786
40 2.357079499600681
40 3.560879007292541
40 3.313273374374655
40 2.731210465073100
40 3.214517570391335
40 2.529003500189113
40 2.172503209149006
40 3.344382363652265
40 4.227455270264015
40 2.474272491025323
40 3.467497286010175
40 1.670105574539505
40 4.150284603523916
40 2.559462312813558
40 2.049099868660674
40 3.737509742746038
40 3.642630745161561
40 3.967009099487624
40 4.396694677766940
40 2.226940900627815
40 3.360383593281501
40 3.987089671542043
40 5.355688107311044
40 2.666649536762559
40 3.527221321125386
40 2.330392275273331
40 4.010070057438980
40 3.530465140115908
40 2.410651092382848
40 4.283853223023034
40 2.502835053362663
40 3.862415896464395
40 2.816965839041272
40 4.859639560843968
40 4.313528978312009
40 3.437658228923957
40 1.861406856187003
40 3.880916114347921
40 2.144900679641657
40 3.752247436155122
40 1.791687994383101
40 3.806281536019955
40 3.240050473703830
40 3.047961156934555
40 3.699504182856959
40 2.573192823218527
40 2.598292036637405
40 2.362505882010625
40 2.929932442754296
40 2.035464779323982
40 2.372617782182290
40 2.390240082105983
40 2.841718094031883
40 2.226721369890146
40 1.867648433997336
40 2.185508385222957
40 4.388209664790821
40 3.629003971281906
40 2.924447783401631
40 5.501065771123104
40 1.845048354368755
40 3.404598415075108
40 2.925119398374662
40 4.035559238563685
40 3.738317668509774
40 4.098874069985778
40 2.460974002449671
40 2.648940837731577
40 5.530328550402265
40 2.488512922130625
40 1.792939925352558
40 3.064243364356665
40 4.005659457394442
40 2.102098088058308
40 2.208616520010198
40 3.226837011449224
40 2.642049601396383
40 5.048723224143105
40 2.468715252132956
40 4.862136996044371
40 2.165069240090140
46 8.031649775807500
46 6.423689526021063
46 4.264527007975175
46 3.903068827411637
46 6.681438561895011
46 7.460988414879820
46 10.887981350164296
46 4.767699020256336
46 3.821709431782405
46 4.212856402841290
46 6.761290875298579
46 3.856698239658238
46 4.306374374816578
46 4.025736339906472
46 5.360217828909422
46 8.426067905561915
46 4.802562823923079
46 5.235485985531219
46 3.289657193038168
46 4.866057111834871
46 3.941930651391785
46 3.825211703188124
46 4.584265219153502
46 3.887403471132244
46 2.208591072220518
46 3.240404372318060
46 4.749095993506768
46 2.930884814868569
46 3.742104897635666
46 5.408936287399550
46 8.044253164051138
46 3.730708334133564
46 3.182762559106376
46 6.371701725121647
46 5.944429752117095
46 3.502381874920475
46 2.823215207024771
46 3.942762067931638
46 7.489137428776834
46 5.519652361998821
46 3.984075225892998
46 4.389166254208014
46 3.774969059283591
46 5.577406124866496
46 5.378053229832494
46 6.689754371884807
46 9.919044767423923
46 4.716892304702385
46 4.953258244237596
46 3.881071483477471
46 6.065743726877268
46 5.139682463315729
46 5.217754129561867
46 7.681408829630491
46 2.850632443213428
46 8.954954527678535
46 6.424881601370740
46 3.947542633641795
46 8.651385639419621
46 4.038787443225937
46 6.821473158277241
46 5.549950726421105
46 3.275253555121346
46 4.805627595408807
46 8.676472726383480
46 5.600397290276723
46 5.343064148880385
46 8.438531156453411
46 4.507079627365330
46 4.424114694200458
46 4.167474993849165
46 8.223130956744754
46 7.650545952416508
46 4.913908478947987
46 4.645245392184664
46 5.808628431808436
46 5.464847410587308
46 4.053755704981061
46 5.724780803679719
46 4.600728331369643
46 5.824602880586166
46 5.475784800499463
46 8.343428791562751
46 3.809978697061224
46 8.291643112634100
46 4.887922157427029
46 5.694493742249365
46 5.035282004558665
46 5.825299608060363
46 3.458850296450067
46 6.217856193289782
46 6.334511644022653
46 5.639814462523207
46 3.449079513988745
46 5.108699431104867
46 2.948756959244673
46 3.849375311940157
46 4.398218125510788
46 4.485398789584121
46 9.159022141242954
46 3.733907198879282
46 7.047856355058630
46 6.304377492067222
46 2.953962605129487
46 5.032318439152711
46 7.598429622087351
46 3.198449402636349
46 3.424933783249258
46 6.057081044903274
46 4.987276415023336
46 7.989933098797817
46 5.078313552078344
46 5.138384177706044
46 4.325110188749557
46 3.905783312000386
46 5.725294163124343
46 9.001473102800837
46 7.333807707022153
46 4.271364127308782
46 3.388655461162097
46 3.836204059328832
46 6.814363807406062
46 4.422831117884650
46 3.129426400285777
46 5.982838408190936
46 4.386503973085123
46 4.889105067232343
46 6.671298564782063
46 3.428579468798812
46 4.852104119661797
46 6.646314950099649
46 2.744023963615694
46 6.578414735281266
46 10.600848436513544
46 5.426512930064721
46 4.239805141892204
46 8.165892236295370
46 7.323733432583180
46 6.596241226707924
46 6.294719452615397
46 7.097317004169173
46 5.905184541278672
46 8.859090815905866
46 7.406163975956167
46 4.349196804855803
46 3.526799182859985
46 4.659087072298182
46 5.756097805517164
46 5.136954199865444
46 5.037756974321328
46 5.276780093120670
46 8.788319190697807
46 4.518006385021753
46 3.914883493529170
46 5.969096467864117
46 6.527068593225437
46 4.635797580378675
46 6.801473239947764
46 8.094704064879130
46 3.770493934881426
46 3.004522606732959
46 6.099645951700968
46 2.525700633085153
46 3.622432061713889
46 4.592375392237349
46 7.909264886508304
46 3.387550029125843
46 8.431507535534401
46 3.214883187462423
46 3.436686217400866
46 6.068240336405593
46 7.476679943331296
46 5.373973174421529
46 7.258690873170917
46 5.097497418593005
46 7.859527368061913
46 7.015858886536058
46 5.128856076800708
46 5.365060901919621
46 3.829302864382703
46 7.062668651220801
46 6.022665873760750
46 5.770386155578278
46 5.938429704159771
46 5.777368015085922
46 4.283523285025184
46 4.968261617504727
46 3.553632474287244
46 4.636308530899674
46 4.538286143078217
46 7.803184296123166
46 4.030850093867858
46 9.007642349858870
46 7.954734988931861
46 6.425573766404389
46 3.030248581732938
46 6.832349647557278
46 5.168928521877652
46 3.947461822109709
46 3.848404286735010
46 6.007874440037890
46 7.385255819121628
46 4.943726132200547
46 5.798179311146647
46 5.026172747262317
46 2.596092824319056
46 4.209078884959905
46 4.020783434863227
46 4.765412157587363
46 5.265207613866687
46 9.595020358298443
46 3.842420868387758
46 5.067247721953074
46 3.934467927292259
46 6.726837855262657
46 4.214983152358005
46 9.727582383443240
46 4.920464121849671
46 6.533493344596017
46 5.540146924147464
46 7.237309041156942
46 4.383909022829451
46 6.832589131639477
46 5.930550580656123
46 7.646793670764401
46 6.918686635881651
46 4.176940760032229
46 3.302993936774832
46 4.542664151415384
46 9.416754877031323
46 7.084388325395910
46 6.708243475259524
46 6.551709609976605
46 3.688093396554985
46 7.295020253853547
46 6.229809555223676
46 5.799092717120329
46 3.139193716671112
46 4.848496448041988
46 8.703736422817602
46 4.566624540877775
46 8.936298173978443
46 5.171488958227618
46 4.957952124546522
46 5.402373976039902
46 3.604104764154121
46 3.226492982284451
46 5.719009401105097
46 4.059599226769171
46 5.799136261217260
46 7.459151236028887
46 6.997794079730409
46 3.994339894272497
46 4.719705300632311
46 3.363855529526113
46 6.046821929544492
46 3.805200543889129
46 5.176353466619225
46 6.321277813330697
46 7.259183882267484
46 6.429453935532710
46 3.169481313827638
46 4.574101533454635
46 6.349963281969393
46 3.851072146040114
46 6.080262809627563
46 5.359294500633301
46 8.006647747625689
46 3.459292901138169
46 7.457037457748406
46 5.737345666749034
46 5.332831836925997
46 8.367768659592247
46 7.539071429857602
46 7.320642297417940
46 4.126400458623507
46 4.129079648446024
46 6.058581188139084
46 3.711328172686635
46 5.984563840494115
46 8.804088008804925
46 5.643004953027102
46 8.177291741840101
46 6.419690008126923
46 5.594464344744462
46 7.115055740832156
46 4.052712025649223
46 10.095248131903114
46 4.459637598162458
46 7.212673886342190
46 8.512358008453313
46 4.472456093672363
46 4.459317053651375
46 2.658182687588751
46 4.621471667575817
46 7.841556339306901
46 5.861095119544298
46 8.706564979123639
46 6.867164482325339
46 7.289229735950434
46 4.254654029773920
46 4.037585106115428
46 5.947520543681366
46 7.788897875105726
46 5.626233161145658
46 5.634555296679013
46 5.233811697728233
46 5.761834963932829
46 5.254955060591933
46 3.447499890834293
46 4.597195958455750
46 3.137955983742665
46 8.112475476902185
46 5.582136848029074
46 4.813867265629886
46 6.177177685968022
46 4.027509486756464
46 2.705439131781885
46 4.147141280368039
46 4.284096164649198
46 12.118137909370340
46 5.039126529760708
46 4.761389751438601
46 4.537523918109222
46 4.663670254008874
46 6.835771493526811
46 5.461880516758560
46 5.235241413377786
46 6.407624963077680
46 7.381219383132608
46 5.540474353604325
46 5.721220920404149
46 3.890107757561041
46 4.440220954347478
46 6.464925352734626
46 8.803989301741630
46 4.192399010940599
46 5.299242948321039
46 7.224830771858491
46 4.497446635674662
46 5.240955284100417
46 9.895063760992089
46 7.228619050261658
46 3.263429687858343
46 8.032001816960054
46 7.399090480238502
46 5.085133568116688
46 2.981925654318695
46 5.791111477438186
46 7.816174460126303
46 3.321445262493152
46 5.879172348946123
46 4.067926491000586
46 3.705276581134684
46 6.868233105525652
46 5.733846405307697
46 4.117965563831049
46 7.647948686515664
46 4.607145985590696
46 5.804363159507112
46 4.971750185417232
46 3.972226150634795
46 4.223365394838237
46 7.945732526519601
46 3.817849141550009
46 8.068901236967577
46 4.704462938535381
46 3.798513603515067
46 3.996830730511747
46 3.658294682606783
46 5.690233417388782
46 4.665623667933734
46 4.792273905018703
46 8.166313967573934
46 8.629911488425002
46 5.707049066434540
46 3.697661819145607
46 4.752863123935384
46 3.087097194221419
46 3.779459820588452
46 7.647762444110140
46 5.003015080029307
46 4.423027846309668
46 5.176226024541390
46 6.703090608195542
46 8.350943261174065
46 4.314227025210049
46 4.919373804863060
46 3.985264747826637
46 4.142259523605488
46 4.987082751653947
46 4.396399479561074
46 6.342268414878206
46 5.944070425813623
46 6.695674106666144
46 6.878035220660093
46 6.700937066257869
46 3.678162848729603
46 4.163591190416229
46 4.688405926231209
46 4.776663476048716
46 5.865154295784348
46 5.757545709325669
46 4.883317506687385
46 5.351276119036111
46 3.612590074102326
46 4.987669906414371
46 4.758437154082258
46 2.728690019828570
46 5.575504921865761
46 10.358076106469007
46 8.049844521578379
46 6.224809748971366
46 5.547714947754285
46 6.330001096863056
46 4.548096611536799
46 5.664876760859380
46 12.667911503046838
46 7.505876406171287
46 10.344235368887567
46 3.196705764202903
46 5.798650614538121
46 5.295777997151782
46 4.094589046170264
46 4.081864574653663
46 4.023472843458827
46 3.192553953368540
46 9.154210646801671
46 3.013875071003335
46 4.171643513535934
46 5.561246602876388
46 7.374712202881943
46 4.921765249431505
46 8.713112843479088
46 5.250717388913502
46 7.839417008467066
46 5.146463729795238
46 5.170180869137734
46 6.146694412449511
46 6.052295612655733
46 4.944494237994107
46 6.045913276635897
46 3.520929153443601
46 4.341443359565908
46 5.070561736560028
46 3.319583840153626
46 4.921697487793082
46 7.257621918102670
46 4.575847826500924
46 5.658392081650341
46 5.160120502878222
46 6.015963113432395
46 9.627874409633440
46 7.648293775468979
46 9.797633039263506
46 3.095224923034847
46 6.060249551181864
46 3.593424568490198
46 5.661436804459941
46 5.723132510864123
46 4.514344672649798
46 4.741062021924392
46 5.370342528396177
46 6.821871618444696
46 4.959891735497958
46 5.206932305946804
46 4.509190667840079
46 9.172814689925946
46 9.329122982956102
46 4.076693601557476
46 4.388132280181783
46 6.228159889749501
46 9.185913174735791
46 5.823311908965740
46 8.605758574716720
46 4.298936982747156
46 3.207638670614312
46 5.271982072203726
46 5.670543593338194
46 6.776619124844458
46 4.148179112323362
46 6.558243426978575
46 7.021795616312401
46 7.861877225816244
46 6.535404074244212
46 5.038647972312225
46 2.842158206250196
46 7.711083717102937
46 5.614356429829639
46 6.762557096579881
46 7.765196865611957
46 4.763417048215988
46 6.415729781285080
46 3.523083099905933
46 6.662170335777873
46 6.090536271645290
46 5.818028575411190
46 5.519682141205896
46 3.562505045241585
46 5.962496862678091
