10 0.032372865092314
10 0.024305364591366
10 0.030316525189372
10 0.024087972969587
10 0.027610480036020
10 0.022657639753354
10 0.025871884193622
10 0.029492557857325
10 0.028379779419945
10 0.030406095012991
10 0.021547524328211
10 0.015112025006326
10 0.018270148163524
10 0.054371668500325
10 0.018635801649691
10 0.031667989929204
10 0.023288432012765
10 0.031446863549779
10 0.020418888424106
10 0.042131137176132
10 0.023416924864729
10 0.021025643808804
10 0.024899326893636
10 0.041869220623686
10 0.014849692235287
10 0.032876565855358
10 0.032498139373950
10 0.013615882414526
10 0.041826784131791
10 0.025170392876171
10 0.036826464986651
10 0.016018480920013
10 0.031093375865049
10 0.018686517550433
10 0.022211621624504
10 0.029221386354330
10 0.021691107694767
10 0.021236374579737
10 0.029098857417090
10 0.016978351926881
10 0.031098804693052
10 0.038804950158469
10 0.020971683159325
10 0.029416955093889
10 0.039468539163167
10 0.033630261602476
10 0.027315326147056
10 0.022507275814095
10 0.014333400687487
10 0.014979698953295
10 0.019252321813311
10 0.011440753860722
10 0.013691361592754
10 0.030796401059815
10 0.036152758778379
10 0.024473623804816
10 0.032692634476423
10 0.033242364829484
10 0.025974585995147
10 0.023244725943657
10 0.032142118914135
10 0.024440005755987
10 0.035173460157118
10 0.038516467269819
10 0.018754707268133
10 0.025810795663117
10 0.019496647876055
10 0.019526257653383
10 0.025604379199611
10 0.030626871459786
10 0.015705555336343
10 0.032217093878256
10 0.018303653223766
10 0.024779008701758
10 0.020007237484540
10 0.024876721637305
10 0.027174443939944
10 0.038545139038288
10 0.014818887879595
10 0.029304712083422
10 0.026631336783585
10 0.017907710951353
10 0.023854839962204
10 0.026065200961493
10 0.017731965216204
10 0.031296625928937
10 0.032612356163699
10 0.026720025026463
10 0.032147886496772
10 0.024659714764011
10 0.030565851051695
10 0.027575846008783
10 0.021266990102608
10 0.041093972295889
10 0.041463963686800
10 0.022821050435259
10 0.016238763926086
10 0.014831077255935
10 0.035450223479488
10 0.017029689914805
10 0.031084800283223
10 0.020337208985750
10 0.023525477975949
10 0.020380799544215
10 0.029243789762035
10 0.023264174924228
10 0.031452826237160
10 0.031980192342648
10 0.027939161723470
10 0.035946880923718
10 0.024152746994144
10 0.027642402147770
10 0.020357306971101
10 0.028714195431163
10 0.018425582595658
10 0.027202255415097
10 0.024613601575267
10 0.021865710288275
10 0.042260561109132
10 0.021608704901736
10 0.022503348844708
10 0.016607485661749
10 0.016936117420314
10 0.022473380780998
10 0.034677370091271
10 0.012108943217231
10 0.022978936917967
10 0.019227240252273
10 0.025489076307378
10 0.025660394686283
10 0.023702588879417
10 0.027804843579633
10 0.016910710554166
10 0.013868392897418
10 0.031930708681253
10 0.019796318463882
10 0.024293386440466
10 0.035110324689497
10 0.022807266059622
10 0.025457650068442
10 0.038592182806305
10 0.020181647737069
10 0.031441996034758
10 0.022776310519301
10 0.016796900661832
10 0.025750297619523
10 0.027130653174885
10 0.013039338626082
10 0.040079448104036
10 0.023582449462553
10 0.021095722956646
10 0.026922519859985
10 0.026660381151347
10 0.014037909616881
10 0.015713673211646
10 0.031814983737602
10 0.041837752420663
10 0.029582427448712
10 0.027599671494836
10 0.035651942751262
10 0.040865714595448
10 0.012590438299202
10 0.045611341330298
10 0.011755023537786
10 0.038049716603732
10 0.037169032733111
10 0.038085217839010
10 0.013984137615517
10 0.031860664838066
10 0.026140106552193
10 0.019165282094239
10 0.047071112775896
10 0.020745264162463
10 0.023004585759184
10 0.020792671741241
10 0.025390054815737
10 0.022684132066789
10 0.028982417708461
10 0.029362252967965
10 0.033658122397726
10 0.022689979056686
10 0.023344593023201
10 0.026977191236724
10 0.026605407466692
10 0.046673062655082
10 0.025070020285500
10 0.024768116000666
10 0.023645223937576
10 0.041739682158527
10 0.023343399767817
10 0.017742474788765
10 0.021672530641957
10 0.019688942845047
10 0.016582185791837
10 0.016777586390252
10 0.030204144004634
10 0.020494357435932
10 0.044300258630267
10 0.041792515929715
10 0.015910217354607
10 0.031856543245203
10 0.027740358830718
10 0.037952787902394
10 0.015592034810833
10 0.027665672974799
10 0.031608288225785
10 0.022135633638378
10 0.024250006782241
10 0.036074273355629
10 0.017468387900298
10 0.031031192656783
10 0.019625102418953
10 0.054102697796560
10 0.015768855467250
10 0.017539895871454
10 0.031829042860209
10 0.020676330981440
10 0.013177530431071
10 0.014185682058676
10 0.011493776727544
10 0.011773336499539
10 0.018371488302219
10 0.025326874299546
10 0.028620003381798
10 0.029967083530375
10 0.020284721342114
10 0.024007786396895
10 0.038185057310608
10 0.019054959885825
10 0.032228190154975
10 0.023279585093334
10 0.044984543696367
10 0.029072612783465
10 0.032871081996289
10 0.023671943736134
10 0.027269941141263
10 0.030773289122277
10 0.016396191103960
10 0.018380075742080
10 0.020394732069584
10 0.022212052902146
10 0.023387445930890
10 0.016168559065109
10 0.043125281856358
10 0.017119458556557
10 0.032486005532074
10 0.026000955918917
10 0.021271593381918
10 0.020003915810879
10 0.033160875664722
10 0.028416454554939
10 0.027108498379950
10 0.027815691950234
10 0.015801918776698
10 0.028039557997775
10 0.013068688167576
10 0.020215093837022
10 0.039595746002256
10 0.035136610998362
10 0.020014165617908
10 0.026619874764188
10 0.017223679785968
10 0.019304587740045
10 0.013305147721516
10 0.033204811801929
10 0.018252171134300
10 0.022536979054707
10 0.021995476091326
10 0.041993536639147
10 0.017837062980166
10 0.016462032318985
10 0.020695291195198
10 0.019465397168074
10 0.033802448019989
10 0.012303125996470
10 0.015536781468877
10 0.016750520688909
10 0.014550535184333
10 0.033521228712535
10 0.019988525975869
10 0.038460726362064
10 0.031908487476468
10 0.017886043504153
10 0.034859399096536
10 0.021543585158680
10 0.034437845347039
10 0.018380238776489
10 0.012230058341357
10 0.037425406609093
10 0.033971553604227
10 0.023566570357492
10 0.017681622715424
10 0.046613890401134
10 0.024880069301692
10 0.040320571958509
10 0.042817226544035
10 0.023699456992074
10 0.031783307077673
10 0.017852972677559
10 0.061528904517473
10 0.032779719684703
10 0.033878021663829
10 0.048428603342564
10 0.035772028166571
10 0.021897459527688
10 0.019744150536735
10 0.023248891333372
10 0.021971307488337
10 0.022219856741471
10 0.045725123630856
10 0.022437076237231
10 0.028875660275455
10 0.040396299196176
10 0.011412753821583
10 0.026048033592360
10 0.019279391625457
10 0.044537989987624
10 0.018483363342500
10 0.020511427588547
10 0.013685959266269
10 0.023550099734453
10 0.015648906223630
10 0.029375453351701
10 0.025468731957632
10 0.025954299583009
10 0.019675770910532
10 0.027599010297968
10 0.041487187939505
10 0.018943124637549
10 0.013024298160700
10 0.040770559118450
10 0.023780366074562
10 0.027771447019423
10 0.023785670953695
10 0.022181855479614
10 0.019867976777734
10 0.019412681839809
10 0.030522907603827
10 0.032625541949992
10 0.034754505098713
10 0.028583098426080
10 0.031474281710017
10 0.017265227565439
10 0.046273270393052
10 0.018473853526402
10 0.015796967010655
10 0.033412457203252
10 0.019701565609919
10 0.010605199863458
10 0.034217452409462
10 0.019969009418409
10 0.053018483445101
10 0.027738973844988
10 0.018365162874622
10 0.016020248204203
10 0.021489946874064
10 0.028644511066155
10 0.038210014619932
10 0.041826800743356
10 0.034590528190527
10 0.034215509121360
10 0.022042255162701
10 0.025487362985220
10 0.028297098953585
10 0.023458285324586
10 0.042720233210951
10 0.020532749062015
10 0.039859240943784
10 0.033787911186625
10 0.021109084777986
10 0.023008261149014
10 0.022281640702543
10 0.021525955648618
10 0.018638869944515
10 0.020942776903646
10 0.024410493881713
10 0.031725484577777
10 0.013375984366814
10 0.024347858962604
10 0.013376362806189
10 0.018759493682734
10 0.031686259654723
10 0.029259641549291
10 0.017455100985074
10 0.043188758926084
10 0.032831674203668
10 0.026732511351885
10 0.034627032706849
10 0.039559616536472
10 0.027810725258323
10 0.048466035706523
10 0.018081985245389
10 0.016405745803698
10 0.018322240811026
10 0.025422890885165
10 0.027314811609401
10 0.020374799937924
10 0.031826031634754
10 0.022287459001981
10 0.047639366584825
10 0.014638929201509
10 0.045530792983134
10 0.012915505662697
10 0.025107789229455
10 0.023874900439402
10 0.024797771034689
10 0.031641091576953
10 0.018133521577451
10 0.018971840387562
10 0.022164021943806
10 0.023755686727159
10 0.025005518127572
10 0.020834461600047
10 0.029771342306959
10 0.044076193927334
10 0.019027651496081
10 0.028616836788065
10 0.020958371150063
10 0.028844175676827
10 0.026146197549245
10 0.035591275223207
10 0.026828113292947
10 0.038136065898874
10 0.039459263739837
10 0.022090575651128
10 0.021873717634596
10 0.035307168190379
10 0.018940752573127
10 0.013854139517177
10 0.015123824026060
10 0.027830424338754
10 0.022502938979337
10 0.033212334854632
10 0.025767829293167
10 0.028459392091163
10 0.027973829842148
10 0.020045994139515
10 0.037424772696495
10 0.029028802767767
10 0.045290786585257
10 0.023589670789962
10 0.014930923383859
10 0.022630143551490
10 0.027952916513918
10 0.027805157041080
10 0.024040401112336
10 0.026918400415786
10 0.032207845126685
10 0.016589900178355
10 0.023421733604504
10 0.014486380396549
10 0.024348674373199
10 0.017600441393114
10 0.014512642733245
10 0.019838406549261
10 0.023171545371134
10 0.022724582028724
10 0.021170307699923
10 0.027813666476343
10 0.018348893511603
10 0.020611529353194
10 0.019399816824784
10 0.029150667356608
10 0.043976820865981
10 0.028540065099287
10 0.023373101560044
10 0.034698272985647
10 0.017112402579638
10 0.022613862678969
10 0.033144505095160
10 0.017386510108562
10 0.036439342491559
10 0.029493585859143
10 0.026071049578637
10 0.053672973347661
10 0.054428005122735
10 0.021831930655783
10 0.013885609237919
10 0.013582418807462
10 0.024653466177871
10 0.025497311527856
10 0.017331553678622
10 0.035035658849074
10 0.024480800774762
10 0.019246267705076
10 0.031347818847094
10 0.018206169910560
10 0.021987506719134
10 0.014791959274590
10 0.025988294205266
10 0.023597184194793
10 0.016935808055994
10 0.042241138150658
10 0.023437956535265
10 0.020501108870002
10 0.013272684879616
10 0.039176720144147
10 0.018522615440033
10 0.018645314275009
10 0.026072394281245
16 0.160997525037504
16 0.225411936904876
16 0.139866209040962
16 0.169678835120051
16 0.142796410850103
16 0.182577903029252
16 0.243512310214707
16 0.170173791328889
16 0.119916805151236
16 0.221952115710354
16 0.075160516129960
16 0.110714768201806
16 0.199425292635915
16 0.126952054775623
16 0.172610121143743
16 0.084891795688805
16 0.280378948290487
16 0.125301474544356
16 0.140042227593065
16 0.167546637850111
16 0.185134004141932
16 0.109840773895151
16 0.349747780728483
16 0.190535166826502
16 0.124123167185334
16 0.222416016124389
16 0.274623653629859
16 0.116224195350273
16 0.193474935258875
16 0.393984025701837
16 0.197940961058109
16 0.157668757607225
16 0.078622432852134
16 0.143061013296904
16 0.181488093039638
16 0.162477760332386
16 0.148042528414671
16 0.238948994807044
16 0.076653675536691
16 0.102366802108044
16 0.235832001693044
16 0.109556011126724
16 0.129923636168035
16 0.192746981504234
16 0.181160473174907
16 0.113601457219002
16 0.243429388741849
16 0.116577131522783
16 0.147525803898682
16 0.153765892277676
16 0.172758655597532
16 0.239483950505093
16 0.124101419140681
16 0.157984546210247
16 0.154404114840408
16 0.145980515523913
16 0.234568509253857
16 0.116686676346886
16 0.175284262011248
16 0.132945582337512
16 0.135989631656590
16 0.105737128730989
16 0.249949748441466
16 0.126656993833156
16 0.160326127456709
16 0.203256617170184
16 0.120889126110253
16 0.227939370572032
16 0.194197669407467
16 0.088739522699241
16 0.142937271929844
16 0.282436539814216
16 0.211766686576357
16 0.142563576384167
16 0.170608582844274
16 0.260529250137289
16 0.125753732439432
16 0.288634072813157
16 0.184452347700355
16 0.171663857203998
16 0.268366637413350
16 0.135562678609537
16 0.150257402356735
16 0.151889007071265
16 0.114873503795045
16 0.214067322275385
16 0.164716721874556
16 0.139687067702143
16 0.128618746531476
16 0.262183985311178
16 0.145972172615904
16 0.166270279870079
16 0.140099025695789
16 0.155264545434780
16 0.074609373845703
16 0.125634208478444
16 0.199263071870634
16 0.156245607879051
16 0.142278887992845
16 0.075604630718145
16 0.179563489005726
16 0.234040637315231
16 0.138119715888228
16 0.310697376820954
16 0.078058798742640
16 0.345595185860985
16 0.111689372981597
16 0.260963889503305
16 0.201011400419985
16 0.239242132258058
16 0.127558995496666
16 0.157678653300331
16 0.115768314842531
16 0.182854959143769
16 0.181379972692714
16 0.218557293363517
16 0.148476382084333
16 0.206219831933681
16 0.230022218323838
16 0.122625936007106
16 0.159690424181974
16 0.132268687085661
16 0.117298802066796
16 0.191258745525447
16 0.167064025247359
16 0.156133476825542
16 0.105289255550143
16 0.106063558508572
16 0.123134098269818
16 0.206284353958841
16 0.269216123714672
16 0.132481611565360
16 0.140340634217086
16 0.131189765095389
16 0.161377696703810
16 0.146693602331500
16 0.103976986789688
16 0.115273566704927
16 0.092668332385522
16 0.184412417131561
16 0.118924830961206
16 0.112692435736563
16 0.178736725114573
16 0.104720869062606
16 0.219833062385571
16 0.242301541692543
16 0.214820359410181
16 0.213782774424523
16 0.146579963708261
16 0.105220269311683
16 0.197833680697224
16 0.177194746122410
16 0.146044187967039
16 0.124661344588210
16 0.223030605104227
16 0.265113336473610
16 0.099238722721824
16 0.142933311811554
16 0.200531534605836
16 0.213803587279918
16 0.191687925673066
16 0.202989384346137
16 0.191546518565600
16 0.197822129977075
16 0.202476175415677
16 0.192117119289913
16 0.119821314888029
16 0.164448297454687
16 0.259942165186787
16 0.151507310161726
16 0.341391080682248
16 0.181672253829666
16 0.142723532067927
16 0.124851597020565
16 0.202228043702240
16 0.218932593207825
16 0.257796881988397
16 0.099697589230894
16 0.155155326235799
16 0.270106482873463
16 0.198463932260599
16 0.098092381266903
16 0.137912563530151
16 0.182517491180577
16 0.185301928827923
16 0.117313989829294
16 0.104991508395514
16 0.142640720056380
16 0.200144652491991
16 0.409841243068920
16 0.176047368841189
16 0.158172577554211
16 0.233822989454630
16 0.142679497088597
16 0.189165209664827
16 0.173196234618824
16 0.204650189445367
16 0.268302709098897
16 0.137655746517656
16 0.203235914666626
16 0.217058701565517
16 0.254296493981822
16 0.258806406151429
16 0.139519289770462
16 0.161209163096730
16 0.227788651754971
16 0.089995339786640
16 0.152846603157861
16 0.157724227736631
16 0.095590323145400
16 0.191175562546188
16 0.167406516430340
16 0.231156480967249
16 0.088993893524871
16 0.139696311888935
16 0.162353913156964
16 0.222049057393286
16 0.099132219559266
16 0.170026958640605
16 0.265843650446182
16 0.134456030404885
16 0.230720499042270
16 0.096188795447613
16 0.113431165363695
16 0.171391630654363
16 0.269176791783858
16 0.227168559573244
16 0.174573989053365
16 0.211545611847612
16 0.166814504120585
16 0.228081800454747
16 0.183922074119506
16 0.107759753328359
16 0.131962176970783
16 0.125993638706947
16 0.159021909455568
16 0.079012196093395
16 0.288661934510082
16 0.239160329114466
16 0.203727650681526
16 0.177315589109681
16 0.252581095321167
16 0.209964314173445
16 0.149501707937197
16 0.215308520323654
16 0.162914661210874
16 0.176702005546537
16 0.109540390347381
16 0.141683210878641
16 0.181761775864396
16 0.183938129963742
16 0.215962431650530
16 0.125732858991246
16 0.106262586973109
16 0.122195223690180
16 0.172746559167278
16 0.232292838989620
16 0.159626387394216
16 0.151073743763002
16 0.228752617683781
16 0.243856415112654
16 0.239519542053065
16 0.243943810350606
16 0.197015061233098
16 0.173315326382111
16 0.222662497091258
16 0.155401700539324
16 0.141351952373519
16 0.231159333965176
16 0.181062041377357
16 0.243573483366888
16 0.166678393638813
16 0.112959466773093
16 0.152371245426002
16 0.140603925669393
16 0.173681272429469
16 0.228413278003262
16 0.225960876015602
16 0.102363534271014
16 0.086552804860844
16 0.219913452209556
16 0.147004504550708
16 0.235602142434965
16 0.162628738326205
16 0.158583454206770
16 0.132494642362312
16 0.138724194244509
16 0.109847848254323
16 0.137956424097491
16 0.148033071470654
16 0.139753033774434
16 0.264268291324523
16 0.223384489576633
16 0.099452608084344
16 0.214400479306329
16 0.172221576100899
16 0.141253514988657
16 0.142156514875062
16 0.192288097246403
16 0.146915358865145
16 0.111624131868296
16 0.205149730271874
16 0.122903600658654
16 0.147017011638101
16 0.143981756548474
16 0.139112936986327
16 0.129954690299914
16 0.153997181523178
16 0.159193674047336
16 0.162878126409217
16 0.184477522304421
16 0.195339691029977
16 0.136473229101280
16 0.092288433715437
16 0.166744084585836
16 0.088435890270305
16 0.240976303001555
16 0.158778379250202
16 0.149697131603073
16 0.119174236324487
16 0.197805286942082
16 0.219529216793582
16 0.202184576615479
16 0.261937844057519
16 0.172646705931353
16 0.326692782923517
16 0.237463808712044
16 0.107629445138071
16 0.125650354872243
16 0.195940657906015
16 0.201258692907420
16 0.155477742980194
16 0.215476999916666
16 0.169408681263204
16 0.127473583662873
16 0.184928045933997
16 0.113448088427386
16 0.129033841376197
16 0.107865955583907
16 0.115898375681381
16 0.130138809459436
16 0.152815428840380
16 0.123848865890180
16 0.187808171592501
16 0.101689043284632
16 0.157889312505237
16 0.154863179225607
16 0.127473766387260
16 0.235206024043347
16 0.289233893714751
16 0.167672179966937
16 0.089694302161761
16 0.163631015747979
16 0.197755156018466
16 0.172207379504625
16 0.186916736743148
16 0.257168394564680
16 0.156532578875807
16 0.144963160091072
16 0.130790763046528
16 0.122153877441309
16 0.119911201747629
16 0.277484617936001
16 0.192692240828854
16 0.092739343161254
16 0.168080395773934
16 0.125189076271560
16 0.137874122903232
16 0.165322787250472
16 0.157260591022698
16 0.176743017066289
16 0.146519809667452
16 0.211413860134713
16 0.231777913481641
16 0.145548342830154
16 0.217067415340730
16 0.110190476072904
16 0.186525658376243
16 0.174683437935078
16 0.117264635422017
16 0.165447582550678
16 0.139164722614716
16 0.208431526871561
16 0.108585179340211
16 0.219545403476908
16 0.129186297744946
16 0.310134407115539
16 0.163038399223387
16 0.099122898804540
16 0.270743787215098
16 0.263964413409227
16 0.229116300210779
16 0.282201957623706
16 0.307572381776140
16 0.188938966510694
16 0.175546419857584
16 0.169220705316819
16 0.098094996592804
16 0.131037571063640
16 0.159882591753393
16 0.141057854537688
16 0.073140047011786
16 0.162726444792540
16 0.201555244203106
16 0.122603031209520
16 0.154504796710566
16 0.137395844917572
16 0.235100679861867
16 0.206485959363549
16 0.208367280102606
16 0.191102071388344
16 0.232891386088055
16 0.099998248895431
16 0.189420280849284
16 0.163530648142520
16 0.172342339189426
16 0.225423804439340
16 0.202188110434037
16 0.126838691911233
16 0.117867517520127
16 0.094727521892972
16 0.136178964175863
16 0.102132643731986
16 0.172576095637460
16 0.379705784282710
16 0.195691653788173
16 0.100459855877276
16 0.144475190868990
16 0.132103182443457
16 0.449054891233476
16 0.204974209378396
16 0.296471803188639
16 0.189654859099098
16 0.199645340079831
16 0.239289165266004
16 0.105002264497673
16 0.231827410001387
16 0.122964208462775
16 0.202992228827163
16 0.227881757897780
16 0.289870200774323
16 0.148162602010680
16 0.145683719844530
16 0.087004546181525
16 0.195623641558675
16 0.150415013730816
16 0.134563311071850
16 0.112687125246822
16 0.189176599695148
16 0.138703866309289
16 0.120223118790700
16 0.308569302115328
16 0.210446862098507
16 0.233601847589201
16 0.139647274125736
16 0.114669676741455
16 0.164706105790872
16 0.091151228729781
16 0.223834681858497
16 0.210432065394546
16 0.270117027923771
16 0.191493953938366
16 0.210350940187818
16 0.082456365787608
16 0.189851766918922
16 0.118530775755867
16 0.263899558174465
16 0.102580822489017
16 0.145958186063328
16 0.124957410253893
16 0.190666487593421
16 0.199753158539772
16 0.117936118165102
16 0.167504802706731
16 0.140895763177578
16 0.140011966702032
16 0.181616184791096
16 0.106555894778176
16 0.226437528313530
16 0.116863474545370
16 0.172758438503725
16 0.122982847033416
16 0.147234375995554
16 0.089810211685573
16 0.127275605709683
16 0.091747554311384
16 0.141387379126400
16 0.174517025529082
16 0.113973691873475
16 0.292538382130739
16 0.218613616196053
16 0.124336029697789
16 0.237578918813273
16 0.191575010459075
16 0.286498362754322
16 0.135946039507855
16 0.161072117819702
16 0.210536750595151
16 0.112277436245056
16 0.241948896756978
22 0.605261741297812
22 0.714781384523538
22 0.756381161384772
22 0.426706097600640
22 0.838937538743286
22 0.743587320450993
22 0.983461541951118
22 0.445960506637981
22 0.342259800375182
22 0.453386268237057
22 0.710242082095602
22 0.265306063331400
22 0.564345970456058
22 0.561753428307658
22 0.873192816141681
22 0.587601319794367
22 0.744682680540115
22 0.429256813606695
22 0.529152475561299
22 0.433281181132052
22 0.378516616917144
22 0.845394368417580
22 0.688590759955872
22 0.510211901286313
22 0.446686126234950
22 0.399089079375779
22 0.572078186073811
22 0.653400753719967
22 0.486698663437431
22 0.651865940793439
22 0.539272907234265
22 0.574465360944807
22 0.527019193918834
22 0.545177827080754
22 0.392631585923603
22 0.575555455819108
22 0.334918441071860
22 0.340032971423260
22 0.364160866125691
22 0.473989285284945
22 0.440642043587543
22 0.489688614072315
22 0.602753591499134
22 0.582462620540137
22 0.441319118593934
22 0.664559358971034
22 0.670777566776333
22 0.688442758238344
22 0.651445855831400
22 0.636643823399404
22 0.485605899832932
22 0.491120106517564
22 0.819544367262682
22 0.376440100201034
22 0.464770839737689
22 0.464322726703782
22 1.026193444686231
22 0.516493085484887
22 0.513470682665675
22 0.442881235351313
22 0.440160215855918
22 0.459447648687016
22 0.415694846202590
22 1.142385158199976
22 0.803176432226480
22 0.328607381354741
22 0.808853560993533
22 0.998551530508289
22 0.813554388195207
22 0.549467957319027
22 0.434798186685915
22 0.528737072885536
22 0.359567120445573
22 0.705838678370154
22 0.793047586852596
22 0.879722874531405
22 0.450613250357357
22 0.530125372207174
22 0.349977830731634
22 0.858275098075127
22 0.622418430542092
22 0.373974892523659
22 0.389046692728320
22 0.874362048365282
22 0.498256272343605
22 0.388337631610391
22 0.644133787070962
22 0.968343159237422
22 0.742135549844039
22 0.628068467671303
22 0.687177157756923
22 0.391461898506369
22 0.443924713737257
22 0.452513150443720
22 0.610054835440222
22 0.367269513792064
22 0.262490557639369
22 0.826276598030192
22 0.755772474141711
22 0.887763817964506
22 0.694089638073840
22 0.844360419005756
22 0.789190583611941
22 0.462545300223181
22 0.507494036860558
22 0.560458496294202
22 0.369118749909387
22 1.030770464485684
22 0.434369479064499
22 1.076756605712780
22 0.484567534140384
22 0.695730449604691
22 0.636896091384015
22 0.452569613766933
22 0.796112693265154
22 1.416702963095853
22 0.743100178649229
22 0.440277289414717
22 0.608692219106752
22 0.917756021018391
22 0.577334555733314
22 0.963988232115195
22 0.399319313370315
22 0.464892077090624
22 0.878354651810478
22 0.931715782532508
22 0.592057135981706
22 0.418234439194907
22 0.873764844283406
22 0.513742504570331
22 0.753056168250440
22 0.379627992279552
22 0.331739344067245
22 0.413386381383311
22 0.373620880061346
22 0.645706710901056
22 0.577184572521452
22 0.708972798571484
22 0.706185523878067
22 1.168583875195437
22 0.391184652322382
22 0.801443143421417
22 0.532232460963545
22 0.498633420909105
22 0.676830606822288
22 0.724115039005365
22 0.473012363988230
22 0.453974363402257
22 0.566362239517571
22 0.545434542801587
22 0.384678924083541
22 0.357981149989041
22 0.776090188275255
22 0.922503530116394
22 0.381087753340085
22 0.399592968132027
22 0.552067249030689
22 0.816055287323743
22 0.792801089743723
22 0.548598771400760
22 0.547212002061020
22 0.640286777945013
22 0.640532282679177
22 0.785346676251730
22 0.536512919909202
22 0.373346430977950
22 0.620062215537097
22 0.496349727802522
22 0.438877804204157
22 0.881365416108965
22 0.470341879960766
22 0.694574318908962
22 0.649941255045449
22 1.107551322232773
22 0.567271039588872
22 0.595624272120114
22 0.278107633241080
22 0.480844618067886
22 0.501925688640141
22 0.421768029376343
22 0.414869628963772
22 0.528142497640768
22 0.555140706658270
22 0.570521975858147
22 0.400262677255858
22 0.687938507699105
22 0.615767632953184
22 0.302235684722035
22 0.628916161929799
22 1.052888099828523
22 0.342125234617104
22 0.406333444267024
22 0.551941974063271
22 0.719470605875972
22 0.624169133172403
22 0.596270669421135
22 0.665622338024773
22 0.687967246333054
22 0.518173591523046
22 0.268383119290131
22 0.847259580065299
22 0.573546233689117
22 0.498104008063104
22 0.600500726706993
22 1.094144559363259
22 0.839675653801859
22 1.122277040916376
22 0.803332996492822
22 0.294425766012338
22 0.654164808161867
22 0.902937201804184
22 0.721663571514212
22 0.692472802138783
22 0.564998821186080
22 0.326183902508687
22 0.825229746498720
22 0.376402863008995
22 0.504963567813670
22 0.459958382839088
22 0.379231542112492
22 0.368112354954169
22 0.754387347687464
22 0.426389942945929
22 0.652311228454378
22 0.679799527409631
22 0.519267696850858
22 0.479130455254061
22 0.578968099135485
22 0.590715502611266
22 0.408094798522601
22 0.629200584600162
22 0.704175725854443
22 0.619630744870094
22 0.494853342677396
22 0.623440205910207
22 0.819478441035398
22 0.565240421316159
22 0.555893084328202
22 0.457902335370216
22 0.541940712940376
22 0.486049036403557
22 0.450383443565033
22 0.652034339654282
22 0.645374290202085
22 0.448527127497858
22 0.503851691669478
22 0.399884358040263
22 0.487875652167920
22 0.767454597932077
22 0.643594067098865
22 0.712325440286048
22 0.488601967894583
22 0.664769633799513
22 0.475770430393678
22 0.401383374638986
22 0.383044211899264
22 0.553188166389510
22 0.940465733360644
22 0.462728570009823
22 0.483269142314733
22 0.653499291487563
22 1.052735733284361
22 0.722044335025964
22 0.611570397671418
22 0.510301778058345
22 0.267232688924620
22 0.551634077982463
22 0.408095377416350
22 0.364671765218204
22 1.190267727679408
22 0.643361721583441
22 0.358327543068777
22 0.509779254438468
22 0.606440222671394
22 0.498454910987071
22 0.812634733108859
22 0.654580589611283
22 0.677983301475483
22 0.408689660671809
22 1.219490412864743
22 0.543386306200717
22 0.590358130936345
22 0.530253079028338
22 0.764799305660703
22 0.774409757847106
22 0.434689720654554
22 0.705252192773329
22 0.703188886575237
22 0.351557484160359
22 0.654841921116393
22 0.528638681727782
22 0.318267785531958
22 0.311264575978021
22 0.919849386025316
22 0.427833187039143
22 0.451987311883228
22 0.533678072154851
22 0.507311182869939
22 0.567517520159608
22 0.612521617367560
22 0.738667773697941
22 0.391983249930412
22 1.158812011244319
22 0.659883162193977
22 0.448155136627596
22 0.635278640106833
22 0.662218529995517
22 0.674931575300099
22 0.684093207581329
22 0.829485289501397
22 0.841745800612407
22 0.510391905262003
22 0.767416858441539
22 0.350479570353508
22 0.431238310108635
22 0.833715784014875
22 0.600285035782139
22 0.575501264748156
22 0.779215574442113
22 0.468529159079696
22 0.651420437516127
22 0.429799002773485
22 0.743183225851473
22 0.481506962316573
22 0.701041230066799
22 0.482926768132134
22 0.556745690349945
22 0.768796287755273
22 0.511498501637099
22 0.665902965765885
22 0.748104698527026
22 0.724610792654520
22 0.332701155520996
22 0.596881518112501
22 0.677150925507771
22 0.624025940180483
22 0.721013284176699
22 0.848115059462841
22 0.470922043518617
22 0.961785257794841
22 0.782056854387941
22 0.574123969391445
22 0.611283165585280
22 0.242309001569786
22 0.574173729222415
22 0.748239471331460
22 0.868163831563163
22 0.756397783522853
22 0.368040097040421
22 0.968583934371869
22 0.911958880400591
22 0.403970482175563
22 0.487612293522911
22 0.544289515220078
22 0.808978779765168
22 0.537699248808394
22 0.341561505531759
22 0.752404527443398
22 0.325223217904696
22 0.889021960083360
22 0.638439405538146
22 0.959612504803388
22 0.479367773827749
22 0.665920210802271
22 0.553751599444391
22 0.673197808905644
22 0.606157598283260
22 0.674092838924121
22 0.517006342977003
22 0.548979822989593
22 0.714866472354937
22 0.730690809185979
22 0.421370053552472
22 0.625721179458617
22 0.938017195874428
22 0.405244330855630
22 0.580778742717265
22 0.882064402244058
22 0.345119677601881
22 0.856588500985731
22 0.394592288857063
22 0.540688980944843
22 0.522527847091585
22 0.822145815643814
22 0.413549548063230
22 0.658793691217479
22 0.378892865354682
22 0.416089263894634
22 0.670179050642128
22 0.655814031175819
22 0.542115633220513
22 0.796489935090203
22 1.022172453372037
22 0.597146120210309
22 0.718816345825914
22 0.613810733509372
22 0.534516896121297
22 0.566079324490756
22 0.402386097309465
22 0.412234545202842
22 0.367793668342480
22 0.327093934490242
22 0.292399436453331
22 0.511792701607019
22 1.009455704896127
22 0.495333148782381
22 0.853623940793540
22 0.497190223419511
22 0.767933879217575
22 0.651727404975783
22 0.474909513502520
22 1.355188897639787
22 0.654760758159156
22 0.443864536975286
22 0.395982978501209
22 0.463473352819590
22 0.865401045886641
22 0.503999613392440
22 0.778023250403720
22 0.505429801071998
22 0.367997794768210
22 0.639544878953938
22 0.482065424110410
22 0.458128800486842
22 0.520038310219319
22 1.046714312270185
22 0.775121929664703
22 0.604527289686793
22 0.740649692691383
22 0.834766188201171
22 1.056146883656136
22 0.423820957413216
22 0.670506364575518
22 0.980364483391734
22 0.896217361329065
22 0.478855961082541
22 0.665750884629141
22 0.587583380918396
22 0.658189950885128
22 0.649994494456343
22 0.864961883188287
22 0.556948588154035
22 0.587009674744878
22 0.648234047284073
22 0.699654702257960
22 0.408973717711847
22 0.370549303493713
22 0.548151346091502
22 0.819446734389397
22 0.433025269987801
22 0.570684972052138
22 0.653284642448442
22 0.496045003206799
22 0.652492339508688
22 0.688077048461278
22 0.650258317305214
22 0.864252831400713
22 0.494238676615463
22 0.540190484121769
22 0.812319440944227
22 0.499264194907599
22 0.382494108069961
22 0.772446272023804
22 0.814602132381489
22 0.439251119840808
22 0.610232864551729
22 0.499616868838827
22 0.488445967127959
22 0.776388600000449
22 0.736100380320482
22 0.412983600485860
22 0.804766046478197
22 0.733422710250454
22 0.800187358370135
22 0.738416061311025
22 0.430964786451091
22 1.058394695825005
22 0.683873439698768
22 0.363929943524942
22 0.463971366543874
22 0.748383281951873
22 0.590189118324064
22 0.933240016240279
22 0.812645826720219
22 0.464935261166965
22 1.023785094510529
22 0.671230637424081
22 1.032405876939084
22 0.727922960670729
22 0.705551061135087
22 0.883657478859973
22 0.441431157889073
22 0.587963164635875
22 0.576038197075830
22 0.520105131646296
22 0.598222572353690
22 0.289309144199416
22 0.424792515840144
22 0.679325986428175
22 0.596112107035962
28 1.422252920531325
28 1.322915626454908
28 3.178484261838022
28 1.532733005206592
28 1.036949709421236
28 1.543975317398936
28 1.091979272469455
28 0.985860675147849
28 2.279285080371462
28 0.924359118285243
28 1.864672806614254
28 1.638703979286223
28 2.502099340048225
28 1.101105047591267
28 1.556887437300677
28 2.067917094679298
28 2.465133892266662
28 1.608683694356873
28 1.304345871034739
28 1.384820953806063
28 1.901159274149220
28 1.057525454296508
28 1.759951104268213
28 1.912195589647620
28 2.969739242437448
28 1.657108139246801
28 2.422145823104913
28 1.940428714440394
28 2.571590176703753
28 1.790457719152592
28 1.134081089600137
28 0.896150216156324
28 1.386790315163801
28 1.284204225276979
28 0.901707447349641
28 1.990117259771636
28 1.475471599288576
28 1.208342421763473
28 2.150179494043740
28 1.881849033509401
28 2.834604071456277
28 2.476811533345582
28 2.334408960564279
28 3.031625839618516
28 1.600892172501758
28 2.120371176558534
28 1.230785703226485
28 1.627247915966855
28 1.905109973166877
28 1.523524245650221
28 2.040262775312080
28 1.124976618441820
28 1.371953904823721
28 1.013637969223985
28 1.329025176049380
28 0.936820881871676
28 1.265784251274577
28 2.286903318023082
28 1.663588903388520
28 1.792836997846534
28 1.094365697251696
28 1.536103498657241
28 1.964810648786259
28 2.438072577817580
28 1.422999209250875
28 1.641211900106151
28 2.248654553607315
28 1.928686723367032
28 2.816471588621857
28 1.501724912726713
28 2.709095424233652
28 1.853937320616049
28 1.989563287486546
28 1.697429712923769
28 1.563050557783793
28 1.994877135205875
28 1.258453179405985
28 1.716598081232237
28 2.687546019166415
28 3.238408575166549
28 1.218376333820666
28 1.409898756656498
28 1.138642069554748
28 1.553420167308817
28 1.696195065838400
28 1.381246577864177
28 3.019461783198651
28 1.749271633383504
28 1.614659879531340
28 1.651934007075907
28 1.672825036222020
28 1.263757215496143
28 1.180205179923569
28 1.328926807046400
28 1.608055983501941
28 1.991402913299201
28 1.818493776957236
28 2.834172079679750
28 1.798745974510059
28 1.754261245402262
28 1.026621584095025
28 1.429910493896241
28 1.693628710444368
28 1.522183539521058
28 1.576370122250492
28 1.330910211974498
28 2.049006149635755
28 1.082871959610980
28 1.013719343692602
28 1.236116470763030
28 1.788787850826544
28 1.373988207638636
28 1.914690902788794
28 1.088306866464297
28 1.692151762322099
28 2.045859148424549
28 1.517776477517844
28 2.356049208056409
28 1.944933498884300
28 1.256923650524845
28 1.525107222320911
28 2.290637759840790
28 0.983345454363668
28 2.002645708490602
28 1.118892119675089
28 1.728564507478409
28 1.422196613304405
28 1.367591537418805
28 1.164020488654101
28 1.234042433403856
28 1.611095156086897
28 1.612717769753145
28 1.253924811803221
28 2.102828248871461
28 1.661690421277008
28 0.940501093475218
28 1.637650978876090
28 1.870863432476737
28 1.590243118089482
28 1.310388310479051
28 2.786560664543342
28 1.017739721177198
28 1.954103266994339
28 1.239182625011352
28 1.224006839481973
28 2.402775343073010
28 1.038054081690236
28 3.659186916724672
28 1.835608528430235
28 1.105828828349956
28 1.747708413572121
28 2.047549966530505
28 1.306846346568606
28 1.684388497245821
28 1.762171092561411
28 1.230128984718368
28 0.939532489659996
28 1.725009076491900
28 1.797488619952532
28 1.492252575622833
28 2.174518381002684
28 1.141405305551313
28 3.337568909745610
28 1.428194716991236
28 0.995931032739787
28 1.224927967873568
28 1.176335448439597
28 2.488680786783662
28 1.490104390684585
28 1.486689092613419
28 2.100134317482132
28 1.886356073879129
28 1.698497121041447
28 2.533687633462097
28 2.942286036937465
28 1.206814144651999
28 2.682804368674514
28 1.379839393493673
28 2.362387926030877
28 1.987985334435491
28 1.613185127349318
28 2.210146182512275
28 1.256873672084973
28 3.695328371174664
28 1.667138773974373
28 1.580947547207708
28 1.494654251225356
28 2.283755148136589
28 2.422306206357241
28 1.579330162137425
28 1.240029042457950
28 2.014454301783514
28 1.224253707947956
28 2.171762599210812
28 1.242493747566773
28 1.026304855207224
28 1.008835293889482
28 1.454802197429061
28 2.071597426003547
28 1.240024988788423
28 1.947089763500534
28 1.891194786353482
28 1.491583159243527
28 0.727216766844386
28 1.406519254456380
28 1.030816875725720
28 1.727585342730490
28 0.876655643496746
28 1.906726133057665
28 1.651401677277868
28 3.101076398701155
28 0.912191414904497
28 1.079065011219659
28 1.143592423370767
28 3.838287530440581
28 1.276236651880555
28 1.809348715989411
28 1.426386958006952
28 2.279496385346477
28 2.290136980333259
28 1.809906538318637
28 2.267026255844991
28 1.953518788422739
28 1.229868944786548
28 1.207050634277852
28 0.765128539341977
28 3.114435265721291
28 1.957909584325646
28 0.902838794709370
28 3.095942606506132
28 1.900429330246821
28 1.888144758157808
28 1.383528289097908
28 1.312028988014841
28 3.889800137143800
28 1.127656223395159
28 1.106483111098254
28 1.267471890246152
28 1.724351650495528
28 2.618972393245637
28 1.653423035006094
28 1.651953128041815
28 2.114897659156328
28 2.126544146032604
28 1.966458644801163
28 1.401788466011865
28 3.337925670449323
28 2.040750461503682
28 1.303863737859242
28 2.373660418866830
28 2.134231368851913
28 2.347025578924561
28 1.584531802475745
28 1.376909436058658
28 0.672074981909986
28 0.851773859600736
28 1.155383273276957
28 1.465484067240721
28 1.324533184197708
28 1.730990795306605
28 2.115070941619126
28 1.811613491127980
28 1.123769716862444
28 1.569039188642392
28 1.821995330250335
28 2.586845260252982
28 2.548841120846035
28 1.195659650482005
28 1.672989696611521
28 1.641313578796907
28 1.719120264197922
28 1.109961144657249
28 2.806993789405794
28 1.495938254152116
28 1.582789591459360
28 3.099231433624089
28 1.083912061403897
28 0.727711846752011
28 1.972977232854797
28 1.288699668188521
28 1.523631477097840
28 4.310708749173610
28 1.662077998767343
28 1.556095736405367
28 1.873096968389786
28 2.489211330629268
28 1.426824571725603
28 3.418402985223560
28 2.841984642649037
28 1.551833495480947
28 1.708882788267550
28 1.536072017416995
28 1.517199590131303
28 1.105619128736691
28 2.069658199905540
28 3.342093884463337
28 1.787894256156979
28 0.903921496068329
28 1.910869275104038
28 1.507389894758001
28 1.948103980158007
28 1.127982100961969
28 2.185304259898678
28 1.582372061908494
28 1.009311794743490
28 0.863848079022301
28 1.351581525063644
28 1.648552689666272
28 1.254434853968869
28 1.381962025231882
28 1.998237903126850
28 2.683335433093978
28 0.905122055039520
28 1.593256790596150
28 3.310941247727871
28 2.111668616928884
28 1.342401585868760
28 1.556457887533512
28 1.685640908538331
28 1.159164191070330
28 2.710146332089947
28 1.272340112883802
28 1.160613051614746
28 1.112778923958706
28 1.062567951173357
28 1.428954816927247
28 1.137586200509817
28 2.134942587244865
28 0.992826775219278
28 1.187598310282154
28 1.934260065569868
28 0.954994493116462
28 1.949872067002595
28 1.898845480913567
28 1.181355894708875
28 2.935268111174597
28 1.495033067737037
28 1.396843564598438
28 3.508422499264550
28 1.379178033400009
28 1.729095642914638
28 1.420120889889350
28 1.704244344624095
28 1.263599444005657
28 1.383677203317562
28 2.081380953214048
28 1.379140535989994
28 1.548109897733267
28 1.293921902540606
28 0.956835423586493
28 1.373763025919770
28 1.830674073227003
28 1.368726542027798
28 1.402392888683727
28 1.889084019327221
28 2.085940745772869
28 1.850648366260681
28 1.684272047239498
28 1.205254045364786
28 1.251019554450226
28 2.515799087731610
28 1.797025859381137
28 2.081831672747988
28 1.169907994194975
28 1.297956751850848
28 1.564910904936163
28 1.883430772886658
28 1.670699075377208
28 1.614126369750806
28 1.674428079162635
28 1.444867372974953
28 1.782752491402551
28 3.679376473098381
28 2.657356197103368
28 2.088468304920606
28 3.212548249886515
28 1.170983400631233
28 0.942102373803995
28 1.865624115249688
28 2.583616712013040
28 1.399122937821848
28 1.308412439632681
28 1.017514069577592
28 1.658057729996623
28 1.077829156767824
28 4.075759764515110
28 2.505573967996217
28 2.173153003295280
28 1.427910926772771
28 1.844909040926113
28 1.849221587401365
28 2.073235916854265
28 1.248443699428853
28 1.160476783327428
28 1.805698007459370
28 2.073698812757692
28 1.552246993829606
28 1.955620230141859
28 0.685612034222487
28 2.208347016412398
28 1.610361306922491
28 1.115817691378720
28 2.191802729530716
28 1.397817776771297
28 2.345903384448253
28 1.097465270421545
28 1.388025248663797
28 1.353658231830461
28 1.506344313712767
28 1.043833587372269
28 2.577584297037512
28 1.364541181388500
28 1.273246973248988
28 0.854536886144584
28 1.360011870034002
28 2.057948434370440
28 1.538497093100950
28 2.501958137526258
28 1.704059594675442
28 1.040996306400825
28 1.355620767524247
28 1.329099640157673
28 1.967442302668718
28 3.352693949734566
28 1.781759290902447
28 1.467907517358086
28 0.997623198668970
28 1.058526656770995
28 1.498405665115194
28 1.235809864661205
28 2.502440705531863
28 2.420963353498415
28 1.785544283332912
28 1.493659456858845
28 2.380527814390046
28 2.690798754520076
28 1.368675965733969
28 1.159862709215234
28 1.013270931531889
28 3.459872183363748
28 1.597533798190852
28 2.764082809068908
28 1.403135514336549
28 0.930126635351468
28 0.954381610199688
28 2.289792700599263
28 1.478271029617280
28 1.476402097055612
28 1.797234278895644
28 1.234741890778664
28 1.329538336441518
28 0.996258757311318
28 1.434509507202198
28 1.521949354880240
28 1.456944350582083
28 1.738665203376199
28 1.784564694592542
28 2.002254919628437
28 1.084193305733530
28 1.111448475682935
28 0.896832569315527
28 1.872546292810698
28 1.610448804312966
28 1.481297621744729
28 1.536976687991574
28 1.766101464468717
28 1.513272799829034
28 1.231112310312334
28 0.864586688645282
28 1.253984764824010
28 1.437739089930336
28 2.044184733174833
28 2.014249177836521
28 1.865594332918165
28 1.433963371554577
28 2.915522274917457
28 2.573378925746554
28 1.377557806989757
28 0.911464372793223
28 1.534210202026938
28 1.197351006403316
28 1.522846550675441
28 1.509131678938562
28 1.920301240365177
28 1.479905296176104
28 2.007757113272440
28 1.114305533751200
28 1.111923521180489
28 1.403770628235019
28 1.625396183014305
28 0.920735396636018
28 1.738166564346588
28 1.788970139655588
28 1.569780406635036
28 1.810005853540191
28 4.096342187275540
28 1.823294143366917
28 1.362284468045670
28 1.223991459883553
28 0.974695507414520
34 2.405993258218259
34 3.471022036098822
34 4.441455929573809
34 6.636685863840816
34 3.720231442195225
34 5.429101407187244
34 4.178669129302826
34 2.596632365310807
34 3.668438681870105
34 5.265050975052741
34 2.417225828334075
34 2.859653309861974
34 2.667684210848923
34 3.248623861237872
34 3.752364584253833
34 2.684720394861845
34 2.576434170316174
34 4.976973947706630
34 2.142785557580271
34 2.777062214505614
34 5.368944856220511
34 2.850645809600851
34 4.708904498962857
34 4.703553152849661
34 7.354555124259366
34 2.655682476094490
34 2.519427952461763
34 2.486250080016576
34 3.509206848646393
34 7.510882342929241
34 2.057800319831262
34 1.835055252009822
34 4.060485539770386
34 3.956137454507830
34 5.092986016890379
34 2.746610267296744
34 2.595930409360427
34 4.159170043753016
34 4.895836242003618
34 4.555877418955867
34 4.116156456578819
34 3.533269379236526
34 3.834911122731943
34 7.963583736518349
34 3.138583831049960
34 5.073243619821349
34 2.498482274130819
34 2.959419258171211
34 2.537856913442908
34 1.787256453399244
34 4.487957980565644
34 5.583699490894192
34 2.905396652138103
34 2.914358205977408
34 3.743375187073296
34 2.072125053401273
34 4.864292857305841
34 2.459377531270365
34 3.483194471698815
34 4.296483731795765
34 6.316422841007360
34 3.517617299620905
34 4.458971267467361
34 4.783075705777592
34 2.559594140284442
34 3.859803218581822
34 4.902966444612063
34 3.105747533682368
34 2.503435415405620
34 3.219990352125243
34 3.649009314954597
34 4.472130472891253
34 2.948132839622309
34 4.718328129156466
34 2.595355517033049
34 3.842481271267096
34 3.342212853301881
34 3.455694793342025
34 2.082274982655082
34 3.973678443811975
34 7.757582702512753
34 3.350528293741737
34 3.681105619949311
34 2.712583047506874
34 5.192741341687215
34 2.907626903956292
34 2.219429926113587
34 2.066669154316228
34 5.110201366887059
34 2.155679937539017
34 4.606819322501619
34 5.490978563969602
34 5.485666633164248
34 6.727268537466639
34 2.559501412877922
34 5.278731989574884
34 2.479493585561707
34 3.428964221066000
34 4.934928552918685
34 3.986387241039578
34 6.379719059494961
34 4.324540033563053
34 3.898984318701186
34 4.159686892758347
34 1.981517523968514
34 7.900276267759579
34 2.644204248409872
34 4.366989985822737
34 3.760251735252712
34 4.595017450685759
34 2.974214644567700
34 4.841863703239435
34 5.875571394373659
34 1.955303274933295
34 4.747916640594052
34 2.980880467230787
34 4.598617448534245
34 6.273873634352749
34 2.974160855903312
34 4.366739370087033
34 2.199561505205704
34 3.306402368841625
34 2.722577240749908
34 5.544864455325223
34 2.097588740255660
34 4.669697481265946
34 3.005631790871069
34 3.564121884311689
34 4.732547286756784
34 3.993950946088098
34 5.218925049755168
34 2.667825371904053
34 4.048468228563440
34 4.721071902579366
34 3.390511088935675
34 2.730900431255220
34 7.003474834583935
34 3.171413743426524
34 3.782765231300858
34 3.566328364353733
34 4.231586193446426
34 2.810042661893330
34 2.384363679812788
34 4.942320328307188
34 5.398941866049083
34 2.870978653537386
34 2.447371662215087
34 4.296367033226104
34 2.898796618666069
34 2.536201505964104
34 3.149113703001551
34 6.231512404740157
34 3.216135009249971
34 5.502555543959355
34 3.407760512167784
34 3.832214665679635
34 4.875049858960883
34 3.669161850967392
34 1.762922907714227
34 3.551177553544051
34 2.898567055512947
34 3.603166619049118
34 3.634227011736542
34 3.198135840496931
34 3.681576880438707
34 3.500748964836428
34 4.215557030425854
34 3.898701377482756
34 3.059166291635290
34 4.177515778308221
34 4.143193462849694
34 3.311152515069345
34 2.312884189172860
34 4.355505379376135
34 3.421029914711442
34 6.762201787468390
34 4.658538113125035
34 3.059831541188642
34 5.304858827431417
34 2.509505088470312
34 4.546549915370473
34 3.182134618007817
34 4.885645798297078
34 4.445323744596962
34 2.894273618294078
34 3.288577889990917
34 8.217026464703942
34 3.731880188945254
34 3.003491419203354
34 2.332999570056654
34 3.267314916450093
34 4.183113092191432
34 3.239439060016201
34 3.617767367502533
34 2.146426889978791
34 3.104466057169654
34 3.734799369911636
34 4.405309500128731
34 3.935988333693492
34 7.844209143853229
34 7.604732975359948
34 4.341481513323807
34 4.427962788280423
34 4.876245811869632
34 4.794635538749823
34 4.567591766481978
34 3.231828701825071
34 2.224805813181706
34 2.838977583375224
34 4.089895602911783
34 2.442718555245410
34 3.534094307802926
34 4.458410443469222
34 2.298278604350464
34 3.286409089540010
34 2.793178683896963
34 2.749682878971186
34 4.943187029662844
34 4.874062142623771
34 3.568013859276699
34 2.449482267359500
34 2.719186418637731
34 2.716964659558783
34 2.539585401879129
34 5.114075737049022
34 2.790571196237588
34 2.357580013716341
34 3.810684990639583
34 3.541026891993399
34 5.059438187389524
34 5.487552789455876
34 2.408268414250214
34 5.185087431373028
34 2.912909476455491
34 6.140976893343722
34 3.106448732858603
34 5.472163388383773
34 2.621229682481821
34 4.308923929463974
34 2.909735806345856
34 2.754240585165663
34 4.969175037764855
34 2.801618572463906
34 2.642971878162456
34 2.299671963711773
34 3.427671669281816
34 5.562304704482910
34 4.482610340790617
34 3.717849972673256
34 3.954816663171506
34 1.577587342502605
34 5.055638086598439
34 3.709485704611384
34 5.278352084636997
34 5.496062208927862
34 5.757164610261066
34 4.205550095194358
34 3.561809049227450
34 3.650367427379207
34 2.842096587558240
34 2.982979592407330
34 2.174623970971377
34 3.852387987038780
34 3.058575764850627
34 1.644290990855523
34 2.360612241318878
34 4.846907590659590
34 5.696142537054119
34 4.860161823296393
34 3.319532431355190
34 3.686567260335115
34 6.458974992698090
34 3.989970255464216
34 5.596321075943188
34 6.491526485492859
34 4.403136984476815
34 3.638979361979778
34 3.374409672824544
34 3.715849709229039
34 3.331046704719811
34 2.723223890699981
34 2.891320270233433
34 2.517073753516020
34 3.507489803782255
34 2.011467650732544
34 2.489599578333655
34 5.143437508132982
34 3.704645996540110
34 7.710254900758783
34 3.803848407287528
34 2.455375838710565
34 3.515948608663536
34 4.657512510064369
34 2.129519315949349
34 2.192464625546734
34 2.733786189939124
34 5.327418627658370
34 3.474784397362288
34 5.306970885192291
34 4.155244325709772
34 1.842032535314759
34 3.190439874246968
34 2.415997335666146
34 2.770216265961031
34 3.366956781051766
34 5.231137425264193
34 4.820448292568794
34 1.994521820997769
34 2.753665782328960
34 2.314088608706951
34 3.091621064704094
34 3.372146379521026
34 4.274130381967998
34 5.537956296118058
34 6.909389721954933
34 2.026198699591636
34 2.770741932756863
34 1.470543438224662
34 2.974485972589173
34 2.756394484795674
34 5.359737952718849
34 4.191732363305974
34 4.227371499268854
34 3.320046102070482
34 6.707690466038398
34 3.818502098111246
34 4.703000764632863
34 2.276960248271036
34 1.912884915560074
34 3.665323383320457
34 3.145998462115683
34 5.727103145306688
34 2.111303384667697
34 5.595947592806031
34 2.556476877176949
34 2.485293976908248
34 1.896828455663784
34 4.724279167304967
34 4.468022683846195
34 1.476367075147300
34 4.093262822867713
34 2.924787703775555
34 3.150004200554465
34 2.605538742290590
34 4.099143587515274
34 4.443069788331497
34 2.309395113788089
34 3.924818009068163
34 4.477641065103998
34 3.852259730633253
34 7.148294448537630
34 3.529938261501067
34 3.129145631930903
34 3.624279694081342
34 3.650743280098871
34 3.880209544502998
34 4.548592391172855
34 5.217591789448010
34 3.686787229082616
34 3.465991254292140
34 4.797997232538132
34 2.900097672391756
34 2.789543076113703
34 5.500555404515301
34 5.708969000490221
34 2.863580999457868
34 2.693893410909912
34 3.588718961717296
34 5.022034358095805
34 3.754373893241814
34 3.953768366507424
34 7.347748097700844
34 2.609435140134292
34 4.132556789776814
34 4.965312096291109
34 3.938221570919206
34 2.441089080410003
34 3.195977264835821
34 4.151971806144395
34 3.851300668904686
34 5.379447720917224
34 4.012281708478129
34 3.770560121004554
34 2.105955429040134
34 2.382480297939474
34 3.513428202840990
34 4.014427042364062
34 2.634006987875256
34 4.470713430161007
34 2.105028699867639
34 3.481887217191710
34 2.841697867693108
34 3.240777894422818
34 4.769490015207811
34 2.937028717246291
34 2.408805457872328
34 1.909771357425679
34 4.771297699506809
34 2.533291292836824
34 4.020756558430447
34 4.324428092400000
34 2.682275126880816
34 3.645893665933908
34 5.354662081004944
34 2.820500851410800
34 2.197035655744959
34 4.825390876114079
34 6.694069408347781
34 8.182878372181944
34 3.665236857149418
34 2.891551332628966
34 3.015970139365494
34 3.299035385811012
34 3.512078117458810
34 4.860122896007073
34 2.471567997831806
34 4.703223520043751
34 4.366422583979325
34 3.044814042739741
34 2.926428967435040
34 4.521539724203884
34 3.178988327970348
34 2.592328939595441
34 5.824312256003853
34 2.790890784850046
34 3.810989301150082
34 5.446000262136650
34 3.966586684338807
34 4.204218833033644
34 3.154271991921604
34 4.084484384489659
34 2.500616795854429
34 4.484127005682455
34 5.158444894224877
34 4.986190342479162
34 4.436566994744878
34 3.041156362788310
34 5.952343019080537
34 3.430629969271221
34 2.940114933233836
34 3.086876384575174
34 3.116199453776104
34 3.907838542584246
34 5.222700004464368
34 4.480230332486329
34 4.031685690450953
34 3.116812821034712
34 5.348402558406558
34 3.160777203101406
34 3.191519820437721
34 3.233306483075541
34 8.814385523905861
34 5.245315429941122
34 4.633745293481173
34 2.566782636560784
34 1.916263081935340
34 3.411867245188878
34 4.202000684300199
34 2.007521607052200
34 4.847647676169684
34 2.877390372882632
34 4.593076824576233
34 2.087820170199596
34 2.252472464990991
34 3.476056101384994
34 3.812484945168880
34 6.361522439741751
34 6.020792407746991
34 4.149003853183700
34 3.997397552456362
34 2.712681211248443
34 2.738816594621554
34 2.739867483900547
34 2.114867186647616
34 4.374660589987011
34 2.416165632192500
34 4.154508857652633
34 3.091862462574681
34 4.381730876120075
34 2.929408434923394
34 5.366288939986684
34 2.953404172941234
34 6.246305463466281
34 3.753408314716063
34 2.895958764819964
34 1.853688063068821
34 6.112381336136766
34 6.150452555732358
34 8.337062231672011
34 3.674508463807340
34 3.183684180671512
34 5.841042823056041
34 3.297681502484317
34 2.817601517622676
34 4.529948178376415
34 4.931924071017293
34 2.228056786926795
34 4.264765337312594
34 2.673711476425995
34 1.948420661549499
40 4.831923551910910
40 4.330916836708723
40 6.840653034692652
40 4.542531767770432
40 11.921752556334328
40 6.910802229277044
40 6.493620769709683
40 5.250916218310250
40 4.011993238713618
40 9.212902513458252
40 17.080373630968648
40 10.741998943080818
40 5.801047767664679
40 5.299723604650744
40 4.819542559787433
40 6.058899215847476
40 7.619518880752715
40 8.814577102124806
40 3.918169748722802
40 4.755617273664006
40 6.688995874978358
40 8.091317269565359
40 9.862647017465333
40 9.504722414523371
40 9.715969202801400
40 9.378504439732364
40 5.749150989435627
40 4.532761588514117
40 9.202848238707322
40 6.807907772705194
40 5.301933633086605
40 4.686322962623583
40 4.946555003700475
40 4.828785975542127
40 4.381066051156255
40 10.613324766688423
40 8.104505605857478
40 3.483802582990537
40 5.838533319598350
40 11.445797174980607
40 7.225220527517047
40 10.534149245134396
40 8.098960872315152
40 5.518116251561331
40 11.742078325436951
40 4.440021789128082
40 10.944392054846952
40 10.547611594780532
40 6.732482483627503
40 4.577582051288177
40 7.720485122557204
40 4.027560594857480
40 6.355956420597524
40 4.405241341456190
40 9.203018705743986
40 5.889143757156907
40 11.153379491002644
40 8.545140248906785
40 4.728716809022137
40 8.558218759508671
40 7.913957785205595
40 7.643275274222043
40 5.237687338857203
40 6.510118586169700
40 5.350683653790124
40 8.902781114917213
40 7.131527676012722
40 8.172657133374047
40 6.230315128437988
40 8.567798137948072
40 9.535679707010070
40 5.690690977053499
40 6.250395217362369
40 10.101784479495953
40 12.483874752512788
40 6.274093717627514
40 5.717009860182403
40 6.133833426630821
40 4.666573388606947
40 5.867409109345923
40 8.560358102972732
40 8.793541928946860
40 8.679761505939101
40 7.037387548172470
40 3.519699468691884
40 8.076027260856508
40 7.534049062470446
40 4.245210578458252
40 5.325357016082945
40 10.637454622293440
40 8.238748251659304
40 10.180535347457239
40 10.726113190615973
40 9.778229793334010
40 6.245720544975768
40 7.864053365623035
40 9.313375809975724
40 4.793172596897664
40 6.004847742099981
40 9.288541943329566
40 6.741683550702819
40 12.867389407015255
40 9.106385802836655
40 5.252737920440413
40 5.058537935170689
40 4.807790798349096
40 9.190435569587612
40 9.394540191017674
40 4.421374936861378
40 7.251617910773418
40 8.500222161092491
40 7.302741303369141
40 7.187582343580338
40 7.803572607146092
40 8.181953419514670
40 7.100081014752149
40 5.942009313822490
40 6.902841494687774
40 5.778226256526164
40 9.760859718296647
40 15.860612535698749
40 10.657247481122228
40 4.591603293677118
40 7.108395275159946
40 5.096502220181180
40 16.303358657058446
40 10.062563379069470
40 6.012520034708386
40 6.645334992181939
40 5.772702267169278
40 5.493789508937011
40 5.127532529394469
40 5.683663106545820
40 6.920469147785330
40 7.329638391580827
40 8.136842349153603
40 3.833971527366059
40 10.490710218851858
40 8.575739818263127
40 10.869516971760151
40 7.770335355252181
40 9.366332875623726
40 6.084805178813189
40 7.856598508436230
40 7.197484108620603
40 8.416692109649379
40 8.947461941718780
40 6.726333569540602
40 7.651533659461077
40 9.579884937874095
40 5.105364426693115
40 5.552153362496476
40 7.246263793016567
40 8.234917520266210
40 5.861285671522611
40 4.586961979060358
40 10.316749437059828
40 4.516881224850309
40 6.720256153424957
40 6.685170778535790
40 6.031506879613737
40 5.330435975629172
40 11.119658351029617
40 9.633122811226499
40 7.018822588385389
40 6.918481199831929
40 3.795903657225288
40 10.134307362366933
40 9.353397913790609
40 8.735769003908459
40 7.380208901032324
40 6.853907586306436
40 4.383333022083781
40 6.094637765826011
40 6.524330597720468
40 9.140303960978926
40 16.131895974435338
40 6.732130019122977
40 6.520212134795466
40 6.327683335959332
40 6.408015853214655
40 3.793734713459768
40 7.973502425892079
40 8.238093955894520
40 7.903729935158191
40 8.444643039091360
40 8.914221024087162
40 10.792329454543587
40 11.082900325325122
40 7.643789372760695
40 10.403258450089359
40 7.320664892218007
40 8.449730867637696
40 8.596153308530436
40 7.503161294382972
40 9.804585646493832
40 13.398353159613242
40 7.608108305647067
40 8.936113683531454
40 4.422783462979675
40 10.453562760382475
40 4.830251987260135
40 6.049440121599285
40 4.204086627930991
40 8.946407446069122
40 8.313086136590384
40 10.384070917656681
40 4.201491217390643
40 4.206691780672179
40 14.951920976736700
40 12.518076866948732
40 6.372698602012708
40 9.940153734142759
40 6.699714101568706
40 9.007754982217961
40 5.491515643817930
40 8.460680202144076
40 7.279900072536243
40 6.908238742819103
40 9.812111350521025
40 5.358513753314702
40 5.584222239941690
40 7.643783297948495
40 5.446625518793343
40 5.992145133013926
40 7.639606019233149
40 9.348078482457590
40 5.459612028542033
40 14.500524398434989
40 9.478070876706882
40 7.206792953515164
40 8.253357688761204
40 7.753944688536569
40 5.669924846766159
40 8.903968817278484
40 5.529496508178070
40 7.046382658787437
40 7.370363848433087
40 9.776673025857795
40 6.370378334674601
40 15.726602726983664
40 7.874316319268532
40 4.986391438793077
40 9.898291347808327
40 4.759603909181232
40 4.729828096523744
40 16.986683613405489
40 5.382309024505894
40 14.026458763092377
40 9.692506099338514
40 7.782789581998813
40 5.991108281784618
40 5.630554704855954
40 6.532241110318417
40 9.662085463206754
40 11.046867845193928
40 5.028162462871144
40 7.472434010072138
40 7.346292470110367
40 10.101569321701668
40 8.861965267051847
40 8.040068913863408
40 6.014133625414313
40 10.901069972387178
40 10.715184033147032
40 9.223504617195452
40 5.340956978755980
40 7.275012668232335
40 7.327138403019671
40 4.577198863982033
40 6.112501720787470
40 6.643922855884083
40 14.333624558287637
40 7.612379497459596
40 8.377171232860707
40 5.272218553188372
40 11.386463612953865
40 10.571450746581535
40 8.625598357080420
40 7.660458451717950
40 5.144369420763897
40 4.297188531207619
40 9.940752509945447
40 5.671614736735505
40 3.888453355477600
40 6.572523429819627
40 7.317652092800902
40 9.146956747475354
40 12.611695572120144
40 6.526274764522576
40 13.358205877248823
40 9.626858665587640
40 4.260337270837572
40 7.838968010892100
40 4.473332211918784
40 7.634214385611697
40 4.734028987323731
40 13.179403700104796
40 6.311628754082034
40 6.113344411240121
40 7.431162552187395
40 3.935658968131536
40 7.173327830639009
40 10.416078091393352
40 11.667776395919331
40 7.034040838870032
40 4.884088824497765
40 5.705835725351008
40 13.707819344054327
40 7.752834345476129
40 7.378033362365413
40 7.277473071686020
40 4.448349898381070
40 6.748383228866436
40 8.490005546301379
40 4.530575302310924
40 4.456504836725813
40 8.216997652984066
40 13.804731432079675
40 6.433810167417354
40 6.710019130931510
40 6.682289098359169
40 6.054149670300935
40 5.045718628230787
40 4.650734525875833
40 4.936050378167598
40 3.927812285205881
40 8.974109911254539
40 7.451663390742459
40 8.367487647297191
40 5.810765571707361
40 8.925479421742958
40 11.264041585153665
40 10.063130343193214
40 5.068046796967491
40 10.476799736475513
40 6.802375412822077
40 7.702659512536658
40 5.641271555883263
40 10.601252301510389
40 6.980601802277512
40 6.511629205215408
40 6.578306834397262
40 7.085392487389836
40 10.577090149052736
40 5.546879246304185
40 11.533940220252157
40 4.729168071839638
40 5.832730480507230
40 6.206182371690231
40 14.411463043864899
40 5.595166486279444
40 9.869881742842281
40 5.669992138095177
40 7.609184341960178
40 4.359276663511952
40 9.327453774560931
40 6.669993869739491
40 4.229875124951031
40 9.803159932947114
40 9.356300065902275
40 7.899903619829583
40 9.545938296733757
40 8.237418668916600
40 6.117135110633748
40 4.299032474330277
40 6.786610004238831
40 6.446504601404804
40 6.140938476316441
40 9.544362198831207
40 10.367330070338193
40 13.250962233909682
40 5.144916117721340
40 4.515329349344228
40 6.085611494539825
40 10.806996731195820
40 11.176722940962565
40 5.101034098651294
40 4.712672002437783
40 6.600969344785018
40 5.748261672065247
40 6.971465945330506
40 8.005007326676880
40 10.026225072935915
40 11.419366800935805
40 5.376739818889379
40 5.452089200885975
40 6.654335379202267
40 6.873037599990218
40 8.483350732281453
40 9.374403977656453
40 8.283043227729744
40 12.941947727927698
40 7.418072048254666
40 13.880319559342640
40 7.150227047635060
40 5.831475767436034
40 10.763970139315362
40 4.519146201575151
40 6.312382817248845
40 7.684666080531288
40 6.530815885649183
40 10.624970412519245
40 5.343022635476899
40 5.214626876321199
40 6.260481929188706
40 6.009212044239487
40 10.702180824461532
40 6.210269251020650
40 4.797223259659244
40 4.564043903990921
40 8.109038681609332
40 5.805709928642640
40 6.302163279875035
40 5.612059249784775
40 9.531548127372190
40 6.547866794914896
40 12.749279850485529
40 6.707035336933236
40 8.303216754740944
40 8.431700961987959
40 6.693270586169701
40 6.767317588946185
40 8.545628125955796
40 5.406935263464478
40 8.151493130681654
40 6.766877132458635
40 6.596666211752916
40 8.023561237459194
40 4.240573986422941
40 4.305191614543107
40 9.474725403990485
40 7.836312990857238
40 4.452009557127409
40 6.345555989901795
40 13.671273007818920
40 10.167248632368777
40 5.892866314873952
40 5.748211232986680
40 4.127781279877745
40 17.753812037418868
40 5.698932472626362
40 7.573077525903086
40 3.710871353741389
40 6.485538247242561
40 8.154066618276923
40 5.059401472276839
40 6.657236421229756
40 7.909407740889046
40 6.023902359729232
40 5.344907535125143
40 7.663375137278724
40 6.370271881538742
40 7.407774255357081
40 4.772290453095518
40 4.677412920925036
40 4.587495153748053
40 8.820279719531435
40 10.622727412307215
40 7.398053727035412
40 6.362919696339434
40 6.835041931416439
40 4.850682295903956
40 6.553653457530451
40 7.762951711792088
40 7.739862062281865
40 7.644483051980092
40 13.779859725808066
40 10.084975905515957
40 7.590504615518475
40 7.589882119297759
40 5.740814662038928
40 11.083095298031715
40 6.022467269834660
40 5.545506987854896
40 10.439404117951844
40 7.791188988384166
40 5.235500859403061
40 10.165696074309817
40 7.086709218743202
40 6.642886026997299
40 3.805663155037504
40 7.930439091399780
40 9.725079086033407
40 12.870219502718625
40 5.546855166402385
40 6.305538969499407
40 9.119292262958028
40 9.065425977428930
40 12.443767319845941
40 13.992389862725101
40 5.184739909205312
40 12.588870602123084
40 9.736871049667419
40 5.625919863529358
40 6.178904574373739
40 6.628703325702825
40 5.851224660821561
40 6.340441831021367
40 7.420825791203862
46 10.137135126776350
46 17.474500922552604
46 18.781047992007554
46 9.464490227467969
46 9.394437615675997
46 14.741700445460268
46 19.629066553200268
46 5.911688660847185
46 9.960679801607899
46 15.086450985937638
46 14.606933016923900
46 6.827410083196412
46 23.183186054926466
46 12.908120553391694
46 9.453175961943415
46 27.449032848671198
46 15.407109297693420
46 9.263651453147169
46 9.793096038242343
46 17.014865025065927
46 13.391522041466335
46 23.991540982883347
46 17.762724773803729
46 23.083963868513553
46 10.672358636806031
46 8.936939150127401
46 19.946896497605877
46 22.515110414044067
46 12.154954878327189
46 8.140440501550742
46 18.106710927819616
46 8.750550284259738
46 8.810296898084427
46 12.259779600974927
46 17.607536050354362
46 19.910660185717816
46 12.103774682789348
46 19.937029323533110
46 13.847217742907741
46 12.792388561789704
46 10.327882225723664
46 10.373237503691158
46 7.072576485654244
46 8.441293524865202
46 7.742267753185494
46 12.503081733812028
46 6.147240843797380
46 27.845014554071707
46 12.542977894853607
46 17.465209869757686
46 19.090316611329332
46 22.593921260766361
46 14.041774542810096
46 20.060332422941563
46 10.192932013912191
46 18.714481422219762
46 9.588798768706123
46 9.730906046222515
46 17.975704896852850
46 12.075784251504009
46 12.225331924155084
46 9.603982616638266
46 12.535985675651524
46 8.636780717400203
46 11.314576886554507
46 12.988051944168802
46 14.503191141174261
46 12.842827645869237
46 19.207270118596867
46 15.109828722753759
46 12.103864452576953
46 8.610013860557270
46 13.460420575807888
46 20.695190493126191
46 20.673151722137977
46 18.723837911150095
46 12.682170052707271
46 10.925430051888904
46 7.471688979417678
46 15.043044491382917
46 16.968876141775564
46 11.574809496893433
46 18.574173984176738
46 11.510252567483406
46 11.970240321249532
46 9.262538708161241
46 15.329098504498198
46 17.336526407210815
46 12.091829017269209
46 8.766429352134267
46 18.618383947422650
46 15.637226249883758
46 13.865794777704005
46 13.045256742901564
46 14.389991657106513
46 14.175868810499415
46 14.016078469804668
46 10.147510281159263
46 12.555742530634122
46 17.944987279055255
46 13.954024106066504
46 16.164201632847650
46 15.808983699899215
46 7.398044958676840
46 12.628496940844578
46 15.586851170508751
46 13.267842471250688
46 25.766871894518342
46 6.806499812236314
46 11.940217588014695
46 23.659766792762877
46 21.766959220210964
46 11.580302242358822
46 9.666264410536122
46 14.492854879306215
46 18.135315260462157
46 16.377981057452470
46 9.150816157741634
46 13.590899152272467
46 9.978964707788219
46 21.402131117886828
46 13.581841020478564
46 7.807142576497682
46 9.600869443979994
46 21.966656207037140
46 7.617481420773206
46 7.390541176360574
46 15.450455705398072
46 22.860464151105642
46 16.324375087473911
46 11.077048118642715
46 18.351584916142055
46 23.687317970869945
46 6.572264611826079
46 13.356210000293627
46 13.698101593656340
46 10.151544587719251
46 22.187361632812937
46 5.691499029344893
46 12.390930886115530
46 19.274732431306443
46 15.477206491720576
46 17.531323302192611
46 11.512415255712220
46 15.230624568907832
46 12.554515183826982
46 11.225962869957979
46 9.195212414341350
46 25.837582980047657
46 14.146901347211235
46 16.352811153806396
46 8.302160135414402
46 13.104738316497109
46 14.788358283423928
46 9.912432603220488
46 11.127531889912548
46 12.523657617677546
46 22.146253558794680
46 29.037022436618891
46 19.862637995561883
46 14.021591865201312
46 12.021051944157005
46 27.532459352654381
46 12.544937093997156
46 9.934181290724524
46 27.047519851798388
46 12.572128017339832
46 23.496829804927415
46 11.526241361910465
46 11.330831379885847
46 15.527985370823107
46 28.701059322850092
46 11.797778415829601
46 13.113703349072686
46 6.503254293416032
46 20.017694382697254
46 14.230266639399524
46 11.864098264405634
46 13.338033295457027
46 15.264557123669263
46 16.822899540551894
46 16.394119827738184
46 16.361935708416251
46 16.138985775105702
46 9.579391430609061
46 10.734416454620726
46 16.334196398083897
46 16.910088883909133
46 14.582867878290834
46 10.540651195071712
46 9.123199545574280
46 10.883963765664340
46 20.660114371229142
46 8.056393908575137
46 20.705238185469444
46 6.057649075469405
46 23.139011982681218
46 19.115594803968335
46 10.330129994330361
46 9.042580737203608
46 11.564030029268515
46 12.499466139581131
46 13.711990774877215
46 9.835263308060046
46 10.313497806504506
46 18.146123937765708
46 14.785375889045440
46 13.914066219205262
46 13.613820738103900
46 18.248719579886963
46 21.346353521346110
46 10.133747781874465
46 20.603099760589124
46 13.805548509911286
46 10.004007280487922
46 9.513250204713843
46 11.240937514930952
46 21.171218495033862
46 5.510765379536251
46 12.124735797250962
46 13.351278310633568
46 11.173780774929352
46 12.557265431895376
46 10.822742917195164
46 8.317671959473621
46 11.433633051704881
46 22.536025549475738
46 11.339488531080546
46 14.000797006199704
46 16.294476976057261
46 28.891089888061735
46 9.163456167303835
46 9.330143103068496
46 19.229458950241220
46 20.012920029366612
46 21.194569699914503
46 16.772913654280575
46 8.993813647980009
46 13.620877659189961
46 18.373076094672289
46 12.820759054761290
46 10.362430557418827
46 9.246624752633419
46 19.203905110605454
46 11.178495936808170
46 11.886819067390393
46 15.325989932348003
46 12.666486002202770
46 27.159693924693535
46 15.167605653750506
46 11.884584466885592
46 7.829145635991203
46 13.000072742407212
46 12.094983447347914
46 7.107180247976249
46 9.044319212733992
46 14.323898023657915
46 21.086429535884779
46 14.876229618176147
46 18.627532797980471
46 11.987066185773433
46 10.501811780783072
46 10.099240920628434
46 11.903124737761168
46 10.802007658768012
46 9.891900384371827
46 17.591663954306128
46 11.594329214100581
46 9.993966906217789
46 18.906908008212049
46 13.889027120216088
46 16.071089731892670
46 9.417833919476177
46 11.388108327176159
46 20.233158663535193
46 16.690684007461222
46 15.227886133603398
46 24.007225494001034
46 17.393215893991869
46 10.102992550923481
46 13.407800285481859
46 16.177424677435322
46 11.232804731961775
46 11.720818664826325
46 25.858065978284536
46 14.845452013614223
46 14.461634675522983
46 14.316313797039250
46 9.413191653922141
46 13.622037166945848
46 15.906123265809413
46 14.893878779912770
46 9.829186511623028
46 14.243175149652169
46 11.359260570477378
46 12.391829081298287
46 13.019348396722302
46 18.201835624192714
46 8.158117537516897
46 8.836133560511909
46 12.088092158938451
46 14.760643455371909
46 10.360802404051938
46 9.763198663040495
46 13.265086802166319
46 16.882631943796376
46 14.404479683024840
46 14.054096321416228
46 11.998645457217812
46 7.049653018555918
46 15.792838816036824
46 10.039499178639193
46 19.526700703330469
46 11.606073940277433
46 20.635160163000187
46 8.569297126711170
46 16.478661733876592
46 14.290465571668120
46 15.359978646594158
46 15.207048650142186
46 8.582772171359112
46 8.434646447011504
46 9.587866545666143
46 13.615148737428656
46 14.633131437108245
46 18.067735592063435
46 9.094329924779039
46 9.339366654684111
46 14.881013079939077
46 19.677717059310833
46 10.322628209198884
46 10.229367538612749
46 9.744886368994750
46 16.307990518923287
46 19.845062423515358
46 8.626406626045833
46 14.873936128695382
46 7.133656506960777
46 14.178911457003155
46 22.273282831656783
46 15.633071898371256
46 16.954300046030642
46 9.448053340882662
46 8.866539208406131
46 9.014782608543067
46 10.028450875014922
46 16.730827379127994
46 16.534929293612407
46 12.630453105526092
46 11.818453849278281
46 23.992953587141191
46 12.346057515864937
46 12.123860806745611
46 9.455901002579616
46 25.100580672867814
46 23.039377796009134
46 14.550256024038337
46 11.013473831139855
46 10.512607940392201
46 17.065933728574159
46 15.585174179705328
46 6.536987182480828
46 15.226755756343806
46 15.731992514435735
46 19.451101289843884
46 8.278139513629021
46 11.033777253413511
46 7.677796190068231
46 14.468438816685179
46 18.042631409226694
46 11.944720228456923
46 8.921263841679508
46 14.042954041877362
46 11.072231012298008
46 19.301520995965369
46 18.757529957236034
46 18.238296634035123
46 19.541905964532301
46 15.027492548003311
46 10.429187370738349
46 16.860508354711424
46 11.973628798177845
46 15.951060530875820
46 20.611936651762832
46 5.569321742548848
46 19.100667957925680
46 15.643259040079826
46 13.540736193917658
46 12.254579882445110
46 16.708108043962124
46 7.943992100000468
46 16.511590539673833
46 10.803078172350974
46 12.696729991805652
46 14.987015861471246
46 16.766108490125752
46 15.528312637693768
46 8.906952384717286
46 16.632092461302229
46 11.044427549416707
46 9.823445204222205
46 10.766785537447127
46 8.856212150374382
46 14.210264897833222
46 11.629669840239306
46 13.413428459791266
46 5.948719784207420
46 12.082968411212224
46 20.565142860772120
46 14.502409402759330
46 11.261507249349918
46 22.429291255259102
46 12.221793970990234
46 7.490253824545409
46 11.332239543346791
46 23.274465806403306
46 13.051245189421646
46 12.102326176962777
46 12.542768345540448
46 12.640713817411630
46 13.357380121782040
46 8.856067042671224
46 7.434372001660694
46 11.145555215707292
46 17.427865846336442
46 8.197668752820586
46 13.729333690298414
46 11.268048070343891
46 13.414743804434963
46 23.812101275541188
46 12.597778102923755
46 14.289889832482586
46 25.328595747795326
46 18.526688067494312
46 8.757284529224647
46 11.109107778645159
46 17.740705638044336
46 12.998911153151855
46 12.018164845747462
46 7.815412347876075
46 11.253564363358176
46 15.771238065395977
46 12.943122641975446
46 15.143337504970937
46 17.169336208065943
46 14.858158340836660
46 14.697801088889456
46 10.931350369485129
46 11.075382124033148
46 13.798338416484748
46 12.080377970777196
46 11.885016358287110
46 10.446961692483171
46 11.723866751239933
46 11.811262762862219
46 13.362634679037939
46 20.223995837257871
46 19.540891136363296
46 13.060834310500013
46 16.436586888728392
46 14.190639463954305
46 12.505813932718130
46 16.229076132052683
46 20.169380225600186
46 12.184099132085779
46 11.338503806812266
46 18.791092859697002
46 19.345379943202122
46 19.374216941229164
46 9.112196225461467
46 18.355493190513844
46 7.903924394485347
46 17.569865120790205
46 22.045721748653435
46 19.411136947063909
46 21.551194726462796
46 15.094689479182680
46 12.271933851912102
46 13.059051260545143
46 11.484951097126185
46 11.570294742669470
46 12.984254448173488
46 12.806232506622315
46 14.779631409948905
46 8.991454819636296
46 9.116213849299854
46 16.513194038336387
46 8.883425979800194
46 12.720404574517268
46 17.857773607844209
46 13.850957609413804
46 12.617975327156334
46 8.676246242483288
46 12.126772291228715
46 19.366306558810862
46 16.573806700833622
46 10.858184992374067
46 13.931471367274508
46 11.861661162465314
46 11.872184608667226
