10 0.020459396443227
10 0.014719951068229
10 0.014081340911768
10 0.029076144487489
10 0.007392641266473
10 0.015746219856049
10 0.013493931800275
10 0.019523771324506
10 0.015551671059215
10 0.019104260295936
10 0.012753959383556
10 0.016814127386001
10 0.014735460087167
10 0.012555959035156
10 0.012879481172853
10 0.011003718056959
10 0.011254512528462
10 0.017385322353934
10 0.020925466025247
10 0.012440897587978
10 0.017372672217531
10 0.025052141362319
10 0.020177306718166
10 0.017819686088920
10 0.014534845211845
10 0.009668097007328
10 0.019998271497552
10 0.009673952592805
10 0.016336844984996
10 0.020581275505516
10 0.020112146119310
10 0.028429113912352
10 0.011965145168906
10 0.022374506896739
10 0.024145894851419
10 0.040976766155529
10 0.017095435231594
10 0.012788561018614
10 0.027098189325978
10 0.018005079036964
10 0.012293680236729
10 0.012123778841501
10 0.013969574882808
10 0.012732560373406
10 0.012389859645439
10 0.025984316312638
10 0.015306611646855
10 0.020808420714368
10 0.011730922939511
10 0.013303738964912
10 0.028621909832884
10 0.013661154003246
10 0.014467509123785
10 0.017365592993662
10 0.014613761803873
10 0.019888022994300
10 0.021753563501975
10 0.013219329572760
10 0.015125287456672
10 0.039306403526011
10 0.008575678589276
10 0.012925140546103
10 0.017239887329939
10 0.022344291513234
10 0.014225090479853
10 0.022692748770673
10 0.011539155360936
10 0.019859357060496
10 0.014283070673397
10 0.020281248273281
10 0.022244042310153
10 0.015046545964221
10 0.022809324730055
10 0.017782376012082
10 0.015227562656305
10 0.030601088146581
10 0.014100873187289
10 0.008056040592984
10 0.022995007345998
10 0.013037201639668
10 0.017216758085184
10 0.011863260828163
10 0.015555783771826
10 0.022735528162157
10 0.015119120073476
10 0.013238732919093
10 0.015962386196469
10 0.026802168027750
10 0.027518679152901
10 0.017387737809386
10 0.012504919040743
10 0.016457956585504
10 0.018758551047898
10 0.014596692177355
10 0.010802714680260
10 0.008636430019316
10 0.011285428905379
10 0.013825071771932
10 0.045029609076187
10 0.018192437296955
10 0.011425190588808
10 0.016762229297881
10 0.013903396088036
10 0.027105643787701
10 0.017242751210309
10 0.020172850245803
10 0.011790865153809
10 0.009341023870478
10 0.021939093025026
10 0.011232670504664
10 0.027515893382741
10 0.017876382495493
10 0.033765425427840
10 0.021062067515544
10 0.029049596218740
10 0.019818834881344
10 0.015328184767977
10 0.017021578294092
10 0.015742612483471
10 0.011337336567272
10 0.018235719318962
10 0.012915645579901
10 0.014592028402424
10 0.019928617684310
10 0.010064428226963
10 0.011506866709106
10 0.015361423875202
10 0.018465275978940
10 0.018019604244175
10 0.030986599814003
10 0.016452787300459
10 0.020266700312107
10 0.027764617604638
10 0.008455577426703
10 0.013520048409474
10 0.016697860451542
10 0.019868239720600
10 0.023595902717101
10 0.015659477703358
10 0.013984106643633
10 0.011676801953269
10 0.020799766230715
10 0.024746232789944
10 0.012179805144414
10 0.014897287796119
10 0.014876846385453
10 0.022700743724433
10 0.018110627111140
10 0.020214801104409
10 0.012570216608623
10 0.023554155854787
10 0.020989743322061
10 0.024838281435628
10 0.043766302637828
10 0.010884833573644
10 0.018354391883966
10 0.013808021473128
10 0.029161283312539
10 0.029245309282515
10 0.016549563237872
10 0.018025036688940
10 0.019858598360065
10 0.028477367800811
10 0.013479712504037
10 0.030367193312851
10 0.018592960646271
10 0.017316009381377
10 0.018715584156056
10 0.025367261534062
10 0.015591515353357
10 0.013826072233011
10 0.035586561897616
10 0.020005413898635
10 0.010548213395864
10 0.012898819629932
10 0.026786783181375
10 0.013502270863461
10 0.013493127853494
10 0.020101579513674
10 0.020470728882514
10 0.016824199736051
10 0.023775490706154
10 0.018946972205140
10 0.030931431771346
10 0.020580811530195
10 0.019390125153688
10 0.020569020270310
10 0.017077049284298
10 0.011331642810938
10 0.021547304651237
10 0.016876353480880
10 0.007832593406615
10 0.015428257357339
10 0.013163546892118
10 0.018583340908150
10 0.014635663924769
10 0.013380784739109
10 0.017279678697238
10 0.013945708496965
10 0.014751717074432
10 0.019539625264692
10 0.030668364567027
10 0.007283127499095
10 0.017309305905610
10 0.016856292830100
10 0.013080257851156
10 0.034837625642283
10 0.014144792785230
10 0.028967754725504
10 0.011418202203901
10 0.009780786232375
10 0.013649920564490
10 0.022805199751916
10 0.010136324717084
10 0.014092516884807
10 0.017891654793455
10 0.012484547524935
10 0.006342449046457
10 0.012370033111905
10 0.008848931705061
10 0.010130688900033
10 0.018247237959963
10 0.022005318322173
10 0.014102232165522
10 0.019946301860822
10 0.010739423252255
10 0.021343300878526
10 0.021830879335672
10 0.016668451834174
10 0.017098171699268
10 0.014192154703113
10 0.026480839083147
10 0.026556790644934
10 0.017226863442840
10 0.018324330113458
10 0.014887106869635
10 0.019458245725537
10 0.014748980515787
10 0.021472799051155
10 0.018714205223825
10 0.024172617408773
10 0.011904795970985
10 0.021115222405381
10 0.020515096299359
10 0.026614967912402
10 0.023227929458574
10 0.028260953437137
10 0.009772141217544
10 0.011835608072751
10 0.029526487217512
10 0.018971493968813
10 0.034315764672891
10 0.023329938270556
10 0.016873653033087
10 0.025875511437292
10 0.033953126385420
10 0.014145698589993
10 0.011823171137753
10 0.020076142705648
10 0.032563591017538
10 0.016637123206754
10 0.021669607543792
10 0.022250187535554
10 0.010672318089557
10 0.017141080603437
10 0.011897692345467
10 0.029070959973779
10 0.013885106433218
10 0.026731565547089
10 0.026148196796961
10 0.012164924475539
10 0.018442567181624
10 0.016106605193746
10 0.008592450272803
10 0.011643678750795
10 0.015089302480260
10 0.021508809353666
10 0.011987167129027
10 0.017236028419647
10 0.031665189940444
10 0.011088826523851
10 0.010185644389975
10 0.021077748913792
10 0.010579839376785
10 0.038878518810225
10 0.018580340035835
10 0.038669025253743
10 0.014341972905441
10 0.014906415761085
10 0.020870012234962
10 0.019170051530754
10 0.022432565654530
10 0.018847545585235
10 0.018910785518542
10 0.012878829254222
10 0.021592176012402
10 0.027429765793793
10 0.016697278414376
10 0.014637337323711
10 0.015984340255888
10 0.027537208753294
10 0.020537178102918
10 0.027076753554063
10 0.014334997051784
10 0.019129474832302
10 0.022939669907364
10 0.010026212556770
10 0.031300352215121
10 0.014948228982232
10 0.019444843727370
10 0.014666275275582
10 0.013642140906066
10 0.014587122098318
10 0.022723047926996
10 0.018274052707923
10 0.011381661939616
10 0.018872197134526
10 0.021384838917010
10 0.015746170130997
10 0.020370465751679
10 0.040560261688545
10 0.016915313718471
10 0.011121138004244
10 0.024261109031840
10 0.017550179547514
10 0.018951153195990
10 0.022575460325414
10 0.017500439179414
10 0.012700101729789
10 0.016679943509661
10 0.021573403041266
10 0.014068642504419
10 0.024974598005531
10 0.018283973915512
10 0.011023351264789
10 0.016606210432450
10 0.017900724659218
10 0.027665311259993
10 0.019332845754723
10 0.027689173652473
10 0.022018861877673
10 0.015970901434287
10 0.010148692549320
10 0.019083459924292
10 0.022059982583517
10 0.021458160186118
10 0.015263372859113
10 0.025899165863231
10 0.013137388405473
10 0.020219938801323
10 0.011284597320687
10 0.019654753098525
10 0.015159962888620
10 0.015632388875897
10 0.019173119205018
10 0.013305673996026
10 0.021645354844777
10 0.025847824920267
10 0.011872059756427
10 0.019764885539061
10 0.012360157916837
10 0.013117660425248
10 0.008369358941648
10 0.023046763626257
10 0.014943273366367
10 0.022124663571789
10 0.008903227210897
10 0.006897458239948
10 0.019564944381667
10 0.015800849107850
10 0.012080099027066
10 0.015484716308100
10 0.014305090684399
10 0.021987021964389
10 0.021315267762745
10 0.013478008039597
10 0.014561067245868
10 0.019080166943641
10 0.017015822194769
10 0.029736685102927
10 0.027698692847913
10 0.013366499372453
10 0.013159898783448
10 0.016059535682837
10 0.017322470936755
10 0.020161660399253
10 0.017414663927054
10 0.035138901965969
10 0.016885506499905
10 0.026083190118792
10 0.011878881199097
10 0.017418338797793
10 0.012538826782007
10 0.019784291791698
10 0.022031701795098
10 0.017982999170692
10 0.022152821886090
10 0.013376109601497
10 0.013107575032761
10 0.013956251909009
10 0.017142725920601
10 0.018111883217804
10 0.015104314181880
10 0.017857605043719
10 0.021244696520572
10 0.014309744809851
10 0.012249372274502
10 0.014819568842546
10 0.026550611180797
10 0.008374328813164
10 0.010405221034641
10 0.018196519978065
10 0.023687064296649
10 0.015699488899665
10 0.021837745975020
10 0.023415666544724
10 0.012806515490897
10 0.026327046776650
10 0.016401786493808
10 0.031085647391527
10 0.012263165036415
10 0.030897773996501
10 0.012568823567291
10 0.033901004838015
10 0.019484128300310
10 0.019492125734721
10 0.013313437828046
10 0.016367423198096
10 0.011949115815342
10 0.024673889731130
10 0.024022282066092
10 0.021149120766664
10 0.019004809081720
10 0.020953594466615
10 0.017080102352438
10 0.028792610243763
10 0.038773938542562
10 0.024364347793925
10 0.016950053066446
10 0.013247996213013
10 0.027442588089907
10 0.011299023133165
10 0.010140266042154
10 0.020880876182810
10 0.018300617220160
10 0.013710734220685
10 0.032639850461865
10 0.041129103950621
10 0.038149021367158
10 0.016965254771135
10 0.016454990647210
10 0.013168303220030
10 0.018935290152336
10 0.021004782368202
10 0.023072021706188
10 0.024810841859814
10 0.022886609674721
10 0.025031803103251
10 0.014291564856694
10 0.020172054846831
10 0.014027114064873
10 0.020528261218681
10 0.012903256727098
10 0.022868321609430
10 0.030079965473023
10 0.022944555406949
10 0.012635193400567
10 0.016322265414810
10 0.028035725671013
10 0.026025841677784
10 0.021853283713525
10 0.016185027104533
10 0.022252144108522
10 0.035493157506856
10 0.014802472228220
10 0.016509276334426
10 0.025159732365494
10 0.013872568629260
10 0.020830506365162
10 0.011905989367951
10 0.024426935324911
10 0.032120983559598
10 0.008795016210180
10 0.019242384265167
10 0.019174966532397
10 0.020110746744378
10 0.016594490287443
10 0.018993820997167
10 0.014946818708543
10 0.021797019772395
10 0.015408790867415
10 0.018682919766191
10 0.043781413736060
10 0.020780109618565
10 0.013358071241413
10 0.022870411191159
10 0.010462813832206
10 0.012456573512742
10 0.020844676335211
10 0.022879304032841
16 0.170193258290525
16 0.104177342117290
16 0.116503601547865
16 0.135756769125728
16 0.097259806135616
16 0.211664679581969
16 0.074844677743824
16 0.080942060420134
16 0.185381472491431
16 0.076436124814663
16 0.101099710901220
16 0.061045443044110
16 0.128681202373180
16 0.080452268653271
16 0.068579173926132
16 0.181825215414150
16 0.099741974737250
16 0.119273473454172
16 0.116097182251803
16 0.119319593446873
16 0.068740083523563
16 0.100514436839605
16 0.105116596627004
16 0.074730180865731
16 0.092943187525505
16 0.089864571781513
16 0.053757996993667
16 0.090454286703188
16 0.048442997105636
16 0.129005621632752
16 0.075112764614888
16 0.094289015378146
16 0.154877036025470
16 0.181120411658691
16 0.121316206275682
16 0.096001591416504
16 0.131272563227286
16 0.103891273940581
16 0.244576593549586
16 0.121448972821926
16 0.077949173868815
16 0.150972174136973
16 0.104827848801327
16 0.111763030471582
16 0.099934608746160
16 0.068432959542080
16 0.208431123104768
16 0.056759813204515
16 0.126335089705424
16 0.061131346837786
16 0.082712813103745
16 0.214063488112502
16 0.161215263408484
16 0.074981279659836
16 0.172089389845788
16 0.145642947652017
16 0.050654568516566
16 0.060628915692045
16 0.073789473907382
16 0.065802279191122
16 0.102681002300867
16 0.074408863459154
16 0.078981648435707
16 0.130270293187914
16 0.129730456288127
16 0.212094738582703
16 0.059870365621875
16 0.138543702751935
16 0.064148357331026
16 0.129274251787475
16 0.085083583661672
16 0.119324999906064
16 0.097026483949324
16 0.152651963949315
16 0.129252518361404
16 0.102533805480538
16 0.115710358208298
16 0.054586304115251
16 0.078333114877918
16 0.130836811675829
16 0.102202391102141
16 0.110752971142490
16 0.101493341076923
16 0.103321938803751
16 0.085296631256629
16 0.166498776169195
16 0.133782767424042
16 0.100764805779606
16 0.087092400902268
16 0.103015517009228
16 0.089623203932453
16 0.070770826081307
16 0.106042018111767
16 0.071100134489646
16 0.123694334796536
16 0.130238780174049
16 0.122683556373713
16 0.080065656299884
16 0.068754220575482
16 0.093844266366557
16 0.052342010516773
16 0.128773562032711
16 0.118495889434076
16 0.138149138320109
16 0.083283380363611
16 0.090852916876124
16 0.074259161703173
16 0.070430676727887
16 0.072101652096614
16 0.134139805010439
16 0.073022305705231
16 0.113520775662419
16 0.074855396223546
16 0.116959696089986
16 0.098138785710958
16 0.082648659451604
16 0.131415915568787
16 0.186398384771385
16 0.138967754095189
16 0.067236570248614
16 0.086346897020792
16 0.105290337670373
16 0.174961395892907
16 0.126276737440416
16 0.104490224629549
16 0.072604258698852
16 0.078090359590850
16 0.066770664963410
16 0.136132875797662
16 0.079043979158058
16 0.079220532355631
16 0.103832465809349
16 0.117223532841896
16 0.101838494675123
16 0.146033444108591
16 0.105496925994118
16 0.070776177157493
16 0.115785895986599
16 0.088667756295295
16 0.135727672779738
16 0.106046076076212
16 0.090453374618758
16 0.156907345459119
16 0.046782630034923
16 0.071381643282442
16 0.053548457976980
16 0.075301145836819
16 0.166018075001626
16 0.056009321087145
16 0.145562502308501
16 0.095018739507481
16 0.107227513222425
16 0.081718602749461
16 0.118006648303806
16 0.090672407249757
16 0.077623166459552
16 0.108475409128143
16 0.072904318160682
16 0.073944919366430
16 0.201451474439475
16 0.136147801396330
16 0.089663335736042
16 0.072107309279247
16 0.130208689024885
16 0.058276411687541
16 0.113841118393895
16 0.089846729594261
16 0.138628632790120
16 0.153800647694988
16 0.080293245598271
16 0.076983954371971
16 0.070338627308682
16 0.084672264672678
16 0.080808289303496
16 0.068563193117102
16 0.113417862401517
16 0.059004302191726
16 0.188437701805575
16 0.126080307703075
16 0.108992305828645
16 0.062951392711930
16 0.103902459914188
16 0.118209166412261
16 0.120238559998174
16 0.082991360064493
16 0.125942461144876
16 0.083750471032781
16 0.050819051742177
16 0.082177336837506
16 0.086486587365700
16 0.148198919022526
16 0.127385682444447
16 0.089401971625920
16 0.089658056862810
16 0.098331471236693
16 0.107553851840006
16 0.117123319710831
16 0.101543171140127
16 0.091431969172276
16 0.133179116209482
16 0.154311746343955
16 0.098250349966726
16 0.126308639227228
16 0.107799185660988
16 0.087551798459953
16 0.102483140080653
16 0.133211340536063
16 0.080597859690463
16 0.117794584260257
16 0.081684644719931
16 0.064245940470497
16 0.075688037828786
16 0.064537028824899
16 0.108373769565610
16 0.064212589930809
16 0.082878051210646
16 0.215102244025145
16 0.082292363315402
16 0.070541990663570
16 0.093135221387532
16 0.065463653487928
16 0.117717047182388
16 0.087514069595139
16 0.092573360077819
16 0.107680489292332
16 0.138168226274158
16 0.125660157819974
16 0.096304001730354
16 0.102583207344939
16 0.093237724394534
16 0.080878047387579
16 0.110978007029386
16 0.072610352597611
16 0.158514941584065
16 0.049008041812665
16 0.105298060774171
16 0.122982674831614
16 0.065753122865785
16 0.121076077311046
16 0.125432208855262
16 0.189386995810349
16 0.126724153910588
16 0.085410171423823
16 0.168919991113551
16 0.223013106347908
16 0.079406778956610
16 0.059155881130199
16 0.061553381314367
16 0.108071407921943
16 0.127210305176837
16 0.205315100241803
16 0.174065158633750
16 0.105944738696535
16 0.117664262220207
16 0.084981529431205
16 0.058626256396806
16 0.094487106506797
16 0.066128288892521
16 0.093877657839707
16 0.157098362142358
16 0.128161946957709
16 0.085335707832108
16 0.105385362675610
16 0.091475780622176
16 0.082183267379015
16 0.062568325122624
16 0.104090184622991
16 0.085923663488330
16 0.099804210700879
16 0.085357497596259
16 0.128163259709945
16 0.113394034137703
16 0.192050051595268
16 0.122679736621076
16 0.086523616288436
16 0.114708909120907
16 0.100476423908328
16 0.091262117049418
16 0.192592299796455
16 0.080184138584708
16 0.118847970062818
16 0.147643242020290
16 0.069495892089506
16 0.199529450051988
16 0.138325982868222
16 0.122842956125314
16 0.112044368791778
16 0.085995786932380
16 0.066381721166428
16 0.139136610215220
16 0.091485656631055
16 0.139959724905137
16 0.303576114465977
16 0.118918430206555
16 0.136248725241253
16 0.056425708971679
16 0.083313757863083
16 0.158106688118025
16 0.091845015913872
16 0.115412625576854
16 0.084800934971316
16 0.062943552592377
16 0.073860430101877
16 0.133128577539705
16 0.077246403907912
16 0.164475857939858
16 0.097101202840626
16 0.067305014600879
16 0.098166407953237
16 0.089438840287854
16 0.129451306891179
16 0.095229705726361
16 0.042992763470847
16 0.090977573004525
16 0.072560466527751
16 0.088822847117354
16 0.082775129957624
16 0.077519406836428
16 0.083227349836649
16 0.154940598454639
16 0.080049693199413
16 0.058803606408058
16 0.133658246641992
16 0.099231966514883
16 0.102971089843015
16 0.101694652777257
16 0.082318378836372
16 0.099203611017017
16 0.178479412077139
16 0.058628581249662
16 0.147796320668813
16 0.063871530172088
16 0.053234971946058
16 0.061191182030634
16 0.087094200779101
16 0.115750488067271
16 0.105792528433810
16 0.116109036818140
16 0.142836139327032
16 0.094411745649933
16 0.101304509744479
16 0.090299629555623
16 0.059098624756242
16 0.070420261154825
16 0.098144117557755
16 0.055341014664479
16 0.093167791654757
16 0.114428721849039
16 0.087707474633141
16 0.067229030917968
16 0.126311912095330
16 0.115609954599479
16 0.073134485715653
16 0.053529483600546
16 0.089338262605190
16 0.154523145395008
16 0.120055407462830
16 0.098571856151452
16 0.089064284133100
16 0.082480891878054
16 0.084720251497581
16 0.148768233095842
16 0.106787439949279
16 0.100017360453513
16 0.104700368853285
16 0.184068728204996
16 0.091754353986769
16 0.054382118693229
16 0.115336256334482
16 0.072757487371782
16 0.063081072052182
16 0.091436038485738
16 0.105707711547840
16 0.121771987445353
16 0.131891226451579
16 0.107543177292314
16 0.072117845861781
16 0.162677399751563
16 0.148198268695206
16 0.094912014409871
16 0.094261143982119
16 0.115661609744890
16 0.057590053652043
16 0.131511901581203
16 0.116032365075746
16 0.081544407100809
16 0.074120416762919
16 0.059309798496703
16 0.084075186709249
16 0.135429138335964
16 0.114085699224755
16 0.065710951897757
16 0.098201027924828
16 0.081865240066641
16 0.130415464579558
16 0.102532010069811
16 0.109343924347919
16 0.087456295836474
16 0.169188522377070
16 0.175232968828551
16 0.172347679683986
16 0.083150427372333
16 0.135301754172938
16 0.059812969986312
16 0.073124773729012
16 0.076558877173224
16 0.103071581418874
16 0.150031668850107
16 0.139103194212948
16 0.056789803980065
16 0.077892351568524
16 0.090210204169354
16 0.090859082821235
16 0.146943430993829
16 0.109420629317155
16 0.116116217950260
16 0.091979180927352
16 0.078430673407035
16 0.106636984988793
16 0.117570875152850
16 0.088811565509484
16 0.093037027995638
16 0.142241002460974
16 0.105353528537417
16 0.130218739593812
16 0.106308715145005
16 0.095861333950970
16 0.104512657851778
16 0.134425517943129
16 0.060782657732220
16 0.074754375606171
16 0.064275159430137
16 0.139286932461460
16 0.053301387719478
16 0.072492921375628
16 0.105434229430798
16 0.072927807404318
16 0.141665991360160
16 0.050805641355394
16 0.040849114773627
16 0.069530806841839
16 0.161812891525542
16 0.094405348043363
16 0.094672102144227
16 0.070644721299475
16 0.110886499679972
16 0.088248247588097
16 0.113039648688335
16 0.110354307898035
16 0.075085645915718
16 0.174584194655283
16 0.084469292595585
16 0.069099796154005
16 0.135841714091745
16 0.074719815413998
16 0.163121000655176
16 0.116337155694668
16 0.120469991813498
16 0.091975076620365
16 0.139504183718531
16 0.078822908445007
16 0.178560276293709
16 0.142146623467743
16 0.061820300886417
16 0.071207278466988
16 0.088097790304321
16 0.085411005973582
16 0.115787976792264
16 0.138084656406598
16 0.164499217989568
16 0.140994711200864
16 0.082116871821110
16 0.085056602666751
16 0.073770740962656
16 0.118502404999461
16 0.112468912638187
16 0.156788871523803
16 0.108093952983146
16 0.114336345355660
16 0.121599695618463
16 0.124222098188457
16 0.149942222817034
16 0.129681068578631
16 0.136940426809286
16 0.100722282810899
16 0.184549806377516
16 0.121510911214631
16 0.087404797212730
16 0.110113125974152
16 0.066308219425441
16 0.068714378717313
16 0.051299791787446
16 0.098309908651220
16 0.115143391968758
16 0.119100138649725
16 0.102334366181690
16 0.126000884308872
16 0.136651606588424
16 0.105474217868746
16 0.087254484632654
22 0.156966968316214
22 0.310151839097328
22 0.306087255034500
22 0.365513373479981
22 0.521789191928781
22 0.253657710099714
22 0.258509979970307
22 0.231323065079678
22 0.449777472505976
22 0.297969205467785
22 0.428374930312422
22 0.248671494544359
22 0.366835743917417
22 0.399989803401542
22 0.370116104335524
22 0.374919824145996
22 0.168188777215965
22 0.275637836516062
22 0.337648649022333
22 0.307495312610231
22 0.526269338755703
22 0.310121626978979
22 0.304748120532783
22 0.424556350021585
22 0.169114891307025
22 0.412814567275742
22 0.247842653385812
22 0.391163181676825
22 0.523664512574816
22 0.397623717518459
22 0.222492011154340
22 0.304630266720669
22 0.181521165955172
22 0.491033287271038
22 0.298054031138061
22 0.361550710633027
22 0.342035904087487
22 0.238917052669135
22 0.318579912946389
22 0.170950897425242
22 0.275346931193026
22 0.400375538103369
22 0.253395176713400
22 0.326372923146968
22 0.404446986601495
22 0.299347440162665
22 0.289273631972847
22 0.321695050101380
22 0.348156463332855
22 0.347511712602782
22 0.210885284622003
22 0.299994779882049
22 0.466056198409786
22 0.255066440245751
22 0.383828331422889
22 0.381166263331725
22 0.603744116779552
22 0.267760567218980
22 0.289404573147575
22 0.168905343059407
22 0.304314149163203
22 0.153980730061110
22 0.488699320273428
22 0.438776030221958
22 0.399530331147886
22 0.399556947751022
22 0.311452979396369
22 0.359685738931136
22 0.257730854397245
22 0.346501358387760
22 0.381871838177180
22 0.351419233786590
22 0.333153820983818
22 0.324440546505543
22 0.174563868526312
22 0.228222921202248
22 0.301936601839761
22 0.455855191993371
22 0.245946093191449
22 0.358398635439624
22 0.313042649729811
22 0.321252737991764
22 0.218796966040995
22 0.290874993127910
22 0.453474951563704
22 0.341765647149372
22 0.371288582252977
22 0.144905644400992
22 0.280334349160928
22 0.416068336756040
22 0.281121083846957
22 0.266041551145027
22 0.307954814267906
22 0.441895462048455
22 0.205115394985684
22 0.344747124892173
22 0.387610674914122
22 0.443532011747625
22 0.352582473709362
22 0.282674714679272
22 0.220274395578142
22 0.258890900494219
22 0.378427757194869
22 0.412571443988474
22 0.242301708853255
22 0.427140908135617
22 0.314976564747306
22 0.363135193015767
22 0.347923852334332
22 0.247560396384161
22 0.236672016100407
22 0.556184641888688
22 0.126237633742546
22 0.304131879378034
22 0.298645587732214
22 0.352128565162266
22 0.215320536005120
22 0.427279453637020
22 0.282383988161393
22 0.290155843749194
22 0.216253480339672
22 0.297401780843450
22 0.307654614440193
22 0.241372826211939
22 0.339321738635304
22 0.369704879407602
22 0.521177041515028
22 0.318205301064919
22 0.395052978214569
22 0.359709392003837
22 0.363663496392644
22 0.248208255111575
22 0.364872801297150
22 0.459829567648575
22 0.135251115506675
22 0.260968707960771
22 0.506576118341019
22 0.311868166589731
22 0.261448003370105
22 0.298654495362949
22 0.330441181610304
22 0.442820757523193
22 0.257231442657295
22 0.416960892416151
22 0.286481998353245
22 0.318170682805372
22 0.484526588853389
22 0.276067881098779
22 0.220071969704432
22 0.170225610722522
22 0.331384956085175
22 0.188220002514278
22 0.227005783115716
22 0.318219949716716
22 0.355391765431536
22 0.219995633030245
22 0.287240685953350
22 0.316757685578708
22 0.280005907036808
22 0.306773689349507
22 0.492827760923086
22 0.242220187907050
22 0.246713016077108
22 0.481179371566208
22 0.311875937359239
22 0.305587800652457
22 0.276683901583759
22 0.318887926562542
22 0.403237503945835
22 0.257008879913113
22 0.241135352015206
22 0.214992820905810
22 0.320018724716347
22 0.274145795540468
22 0.232174239845949
22 0.365145839542145
22 0.340894692348344
22 0.228317352601237
22 0.461663204348540
22 0.578175451110190
22 0.359437011198803
22 0.302562420705255
22 0.517483601708238
22 0.330175728305866
22 0.195851752749018
22 0.199573675639399
22 0.362856600201991
22 0.194702637893358
22 0.277582538848203
22 0.235557405151729
22 0.383026041476389
22 0.318382028227678
22 0.445067770270497
22 0.533906092241681
22 0.206485008316199
22 0.352009835888430
22 0.204618907222220
22 0.387130818066365
22 0.212147367638134
22 0.284277715600759
22 0.512237649231685
22 0.131450729512284
22 0.388856375224989
22 0.400940210445734
22 0.256672313367253
22 0.320837181561517
22 0.510285310753448
22 0.326846679080630
22 0.452910565312970
22 0.292594456694394
22 0.407636677444687
22 0.433816972524228
22 0.133459559777664
22 0.477676473902881
22 0.313500206513137
22 0.212227100140829
22 0.434110814068559
22 0.341660004526544
22 0.223665242994755
22 0.392808032103652
22 0.480991604060025
22 0.261298829373380
22 0.266326892851207
22 0.203014881758106
22 0.174926575402718
22 0.248664340443590
22 0.629079923637973
22 0.356786625736162
22 0.238534498582454
22 0.298571656361331
22 0.288350769345514
22 0.203696527461256
22 0.445128956270035
22 0.204140800348418
22 0.188609313955926
22 0.209110836291236
22 0.200769069329852
22 0.166795852930830
22 0.216561526601808
22 0.298074954752424
22 0.499811351409560
22 0.401438687100515
22 0.216787292935684
22 0.265637657953863
22 0.259054580693635
22 0.371427970192990
22 0.368674201790264
22 0.322886209445015
22 0.307861268037953
22 0.463715472799958
22 0.431524070868524
22 0.293508580753066
22 0.213656995585391
22 0.472692879124465
22 0.389397943602688
22 0.530328349326089
22 0.303872400404544
22 0.371391908832467
22 0.211951280648025
22 0.310884839373385
22 0.348366772068944
22 0.398429110084710
22 0.334799157571406
22 0.318853893866425
22 0.167693138533296
22 0.268932202095968
22 0.216698921730020
22 0.307519140734435
22 0.337681627861342
22 0.397706785322735
22 0.160035522587084
22 0.286143517639622
22 0.227331898796814
22 0.144192936524079
22 0.456483780640853
22 0.208498056163592
22 0.250087135713336
22 0.429091918207078
22 0.182311338651086
22 0.230097069024158
22 0.338135055098506
22 0.220673326952506
22 0.270399191980385
22 0.321109909956133
22 0.241915351732914
22 0.403558058362988
22 0.230796238075842
22 0.350551772324867
22 0.406309161975158
22 0.222534872551385
22 0.405089174366574
22 0.297578574417569
22 0.364734655384370
22 0.693962175138388
22 0.163922884296475
22 0.347420100379424
22 0.361284534520411
22 0.328581709886471
22 0.322835387202858
22 0.300570215550396
22 0.312310776804286
22 0.331731441700946
22 0.303234294568103
22 0.366439422003440
22 0.350460915184506
22 0.267843168064902
22 0.308645759534309
22 0.453421100194975
22 0.337898135078229
22 0.487917115603462
22 0.236696323270892
22 0.246043568387400
22 0.268061647062044
22 0.468304697930620
22 0.365612291288861
22 0.219791183115114
22 0.377802950142538
22 0.330977957192694
22 0.450808112872529
22 0.316383367157319
22 0.370379729294637
22 0.408538929305582
22 0.356927366128656
22 0.565217903476946
22 0.291261954622468
22 0.266480876610796
22 0.442378186347363
22 0.461331922561787
22 0.360217666734096
22 0.714438660848919
22 0.295083581771090
22 0.368109559976320
22 0.383634733491754
22 0.411226545365326
22 0.396325717401499
22 0.283594818217414
22 0.196359486087013
22 0.178210689372333
22 0.376513348926780
22 0.406840592346247
22 0.205441101016308
22 0.189521284425079
22 0.276181126251074
22 0.223271394925749
22 0.443611844245979
22 0.228260121455602
22 0.224881617467430
22 0.260860444285260
22 0.447951925942378
22 0.215888889561588
22 0.268788236171879
22 0.277938421668791
22 0.302797353691085
22 0.442360573620435
22 0.241738211134084
22 0.212085024908497
22 0.366435920159569
22 0.330464942883676
22 0.304516591441811
22 0.518082041171473
22 0.218648620647773
22 0.288089984883755
22 0.361727597353570
22 0.285446990074508
22 0.389099826004437
22 0.269917102650038
22 0.315923425071699
22 0.372032725822700
22 0.467043209772833
22 0.265690463146827
22 0.323214488833634
22 0.330085330455664
22 0.557752441024348
22 0.169251527792453
22 0.306529403064685
22 0.202980987637900
22 0.272765534369605
22 0.340251970444202
22 0.254070696249540
22 0.223819041318076
22 0.496436348271698
22 0.345126069286266
22 0.124212087835619
22 0.305055396688891
22 0.363179546087782
22 0.432170166788056
22 0.258963298275170
22 0.333885792878084
22 0.312762000604494
22 0.206086502675902
22 0.233075319689443
22 0.441315414472605
22 0.204235531088494
22 0.211243826726615
22 0.168862891124710
22 0.275249973397238
22 0.354379677416463
22 0.295844352679899
22 0.368429606663169
22 0.185149588872135
22 0.336922046823160
22 0.327656777580063
22 0.241620144293565
22 0.292897301968446
22 0.244793562070113
22 0.285525051290960
22 0.441197532523997
22 0.234843677085696
22 0.223136091647624
22 0.272642412104296
22 0.376922584780149
22 0.263615623692866
22 0.214462524193014
22 0.631905929156917
22 0.215310763485062
22 0.389087621768480
22 0.188039636410397
22 0.299352911349488
22 0.243408654668344
22 0.333958115399646
22 0.437348653236825
22 0.380172313959797
22 0.408433843225628
22 0.315951728113486
22 0.503920282274936
22 0.214421444827807
22 0.298007885682370
22 0.179769687193737
22 0.366638400687868
22 0.313910464407888
22 0.315892926744690
22 0.385430610502720
22 0.321283587704505
22 0.430140587322005
22 0.480923449324507
22 0.266395975909871
22 0.310786267308440
22 0.175255050454958
22 0.229097125965579
22 0.253109095620583
22 0.279152984276691
22 0.360314590386297
22 0.231329031907223
22 0.377735372161451
22 0.312016106701301
22 0.589773870239853
22 0.243061871020750
22 0.168151890943415
22 0.207972073718430
22 0.327799227173356
22 0.472083447397182
22 0.256025958153691
22 0.335244401882287
22 0.378576993779275
22 0.330224945452546
22 0.365036552639486
22 0.206645753265054
22 0.333825529306371
22 0.162114779833137
22 0.445818393315504
22 0.287582770923844
22 0.266011595735336
22 0.139299923681000
22 0.412487388885432
22 0.351678332757044
22 0.224026265437846
22 0.212419181733931
22 0.337080489137982
22 0.205490587712037
22 0.180705410715770
22 0.256519835766935
22 0.252468333193799
22 0.269836432852066
22 0.273530580901773
22 0.343255571371432
22 0.235480426238027
22 0.237357577382320
22 0.257238254309202
22 0.209677342019723
22 0.289925667962333
22 0.379052266331481
22 0.277163451211143
22 0.271343347680713
22 0.167272810195514
22 0.554178595246495
22 0.251422899702800
22 0.191380750919505
22 0.280144204361798
22 0.202059586731522
22 0.426325348689950
22 0.265965282587123
22 0.516995408791388
22 0.487198986308109
22 0.624885725879374
22 0.340103060138336
22 0.557988106939459
22 0.271101650988474
22 0.361346603021085
22 0.195166434757435
22 0.144638662840790
28 0.652907618319101
28 0.627576145031642
28 0.585133502857230
28 0.424379866152548
28 0.751864450944758
28 0.595376164034256
28 0.334920871921328
28 0.542726372185074
28 0.866704994705487
28 0.606638822779398
28 0.616310716912521
28 0.687122524087126
28 0.611900131725148
28 0.520577339368023
28 0.645103029272205
28 1.363815510881842
28 0.331156573163102
28 0.594394681823922
28 0.691421855094251
28 0.559974958512654
28 0.696513231888271
28 0.417620567006662
28 0.478978923687973
28 0.593885254348875
28 0.332384410402757
28 0.737134799463609
28 0.538995333297509
28 0.497837687619247
28 0.677364233964031
28 0.864970322123251
28 0.551908005883969
28 0.705705400661597
28 0.836613736569204
28 0.585422522864238
28 0.821753725235137
28 0.642997469535917
28 0.590497431622332
28 0.661793648045157
28 0.508142299673477
28 0.750394283128054
28 0.621329952024937
28 0.509724534760562
28 0.586898243923796
28 0.651916454261832
28 0.692734379798356
28 1.099457377030546
28 0.564392523072417
28 0.510764388591013
28 0.843113184240184
28 1.209010458099128
28 0.466915904947730
28 1.348219045009664
28 0.747883287788644
28 0.494288655993761
28 0.724598199296122
28 0.267971550966831
28 0.544096026173163
28 0.527917083383243
28 0.950850431375275
28 0.721962205558600
28 0.805182892885944
28 0.450039188175321
28 0.540272247295426
28 0.438742701168393
28 0.420551922393353
28 0.566933365998409
28 0.564880230465434
28 1.155388098609964
28 0.769342226934266
28 0.535040957128121
28 0.670280939103360
28 1.015529986297695
28 0.570981437794716
28 0.901262169365212
28 0.525344237539743
28 0.742876203961976
28 0.622703755086196
28 0.473864941585997
28 0.535430580951368
28 0.542137302539322
28 0.408163702614453
28 0.669649968401811
28 0.745794539916664
28 0.352847837306034
28 0.626050166081128
28 0.933629795167169
28 0.697821864608169
28 1.266887346057976
28 0.598911303689057
28 0.622111750876567
28 1.266566948368758
28 0.973368958598136
28 0.596081123635835
28 0.539889828367362
28 0.781733053712286
28 0.658984560544511
28 0.540529167577429
28 0.596067994146310
28 0.584855208208444
28 0.880656881237964
28 0.490577842208188
28 0.803185224376683
28 1.034294841573598
28 0.854338951906516
28 0.336408025113100
28 0.633962427293899
28 0.934548917904478
28 0.896654757054434
28 0.710046408500104
28 0.712034536124696
28 0.551872566802674
28 0.858183913177770
28 0.601134253002310
28 1.643515589761584
28 0.409228943618381
28 1.670832711330400
28 0.598364888881920
28 0.310837963195744
28 0.847446961953500
28 0.556098790548342
28 0.562538507572848
28 1.328986768239015
28 0.637871546676984
28 0.515299363687579
28 0.679295987356850
28 0.883133349056494
28 0.696046937357464
28 0.670526179613701
28 1.513783347143567
28 0.459719455376396
28 0.694291791254717
28 0.531408845607093
28 1.076060835221948
28 0.584934411288177
28 1.207628187560852
28 0.664620100624350
28 0.633438438123965
28 0.463934249742119
28 0.921154361148133
28 0.713875648480151
28 0.806443858115667
28 0.687581175538894
28 0.631199935210077
28 0.439790147872416
28 0.853638865235018
28 0.570326053276225
28 0.580416255464184
28 0.482566165036681
28 0.521456007234381
28 0.978154106702923
28 1.008116633949776
28 0.662190371091194
28 0.443858615257450
28 0.592510531108385
28 0.823932311354943
28 0.666469093277182
28 0.660810787190489
28 0.700476443223574
28 0.530768049636138
28 0.513369949856638
28 0.422539755338320
28 0.489072499550849
28 1.109149679021360
28 0.643725172760512
28 1.088054245710620
28 0.945567041566923
28 0.622872094043355
28 0.841537771240984
28 0.299124940937310
28 0.656568288318049
28 0.452742858454024
28 0.494247295704797
28 0.856571308023558
28 1.082594990136061
28 0.901153682056200
28 0.624794272057963
28 0.489648862600712
28 0.672069685707170
28 0.888454266238783
28 0.679214468405376
28 0.890567286820998
28 0.704977999813069
28 0.613637451074053
28 0.887123101226160
28 0.419418024283847
28 0.776701169519550
28 0.688910484371262
28 1.182862096392469
28 0.809956786397835
28 1.303201656343369
28 0.566035341456351
28 0.641196719247373
28 0.766408403763661
28 1.038817963145495
28 0.588146234958074
28 1.023823364141031
28 1.098523118541747
28 0.476959317752524
28 0.574117279617480
28 0.337275485700462
28 0.680861280795120
28 0.984057287209485
28 0.529719240655832
28 0.573795753299827
28 1.110725213875835
28 0.675583489590553
28 0.835014284990080
28 0.604738928810921
28 0.522632798455351
28 0.665608168091691
28 0.942756092192803
28 0.702695127135844
28 1.058281343632068
28 1.071603129259294
28 1.052608973343550
28 0.418761494465722
28 0.962463751823521
28 0.703215120546836
28 0.878038182061363
28 1.089989704707037
28 0.642874845559201
28 0.918311637317443
28 0.655263958285043
28 0.993594766773767
28 0.572741507102055
28 1.075529773820494
28 0.477900563584294
28 1.018360526137483
28 0.598602333426259
28 0.470608607250252
28 0.868942390111611
28 0.881073328979624
28 0.838573206676312
28 0.393526848818369
28 0.767151199533027
28 0.705092652697734
28 0.489434234927523
28 0.539323171324622
28 0.978053259106744
28 0.464334982818627
28 0.827120216620878
28 0.798805210826470
28 0.627087080017757
28 0.741427740717767
28 0.882771170019509
28 0.775932452264637
28 0.989820374077502
28 0.728245738085270
28 0.546755905729403
28 0.356649744554049
28 0.978626077289930
28 0.573227742385797
28 0.762611809210115
28 0.684378617101602
28 0.427693232274246
28 0.712418918796937
28 1.001028997845748
28 0.819963601347489
28 0.539473385080375
28 1.273181942241665
28 0.679544730431618
28 0.658258430678652
28 0.518349147635388
28 0.560703849184824
28 0.738849929098648
28 0.676081364231227
28 0.569307795977340
28 1.067253349059328
28 0.519037679364445
28 0.539081474408037
28 0.319844444126715
28 0.774776986215294
28 0.540217045392485
28 0.603049574809166
28 0.601114103654592
28 0.531500038807084
28 0.802564513117860
28 1.174873286028039
28 0.663075529027711
28 0.812708068081403
28 0.589676245917643
28 0.402290629787578
28 0.622096280210907
28 0.657241366277132
28 0.786325512872110
28 0.779983154273387
28 1.004053665046518
28 1.087344333027022
28 0.786208176052650
28 0.497086166041160
28 0.424020179564528
28 0.639222027219381
28 0.569206423257036
28 1.733479496198205
28 0.519949942540524
28 0.588900992085205
28 0.586484204316022
28 0.458397247948240
28 0.850139177201443
28 0.274168797352460
28 0.535982649318909
28 0.675092677638861
28 0.610991733610496
28 0.938481736444477
28 0.749363411176489
28 1.001475736282996
28 0.989404682111924
28 0.742891441043900
28 0.527774737504543
28 0.899306012256511
28 1.139914429511067
28 0.677226727843799
28 1.210411288866903
28 0.563175929384893
28 0.611791531290257
28 0.574267971202122
28 0.946401770401830
28 0.499218542291636
28 0.854212647432899
28 0.522900137501424
28 0.723928033300243
28 1.349897556380691
28 0.373823748025141
28 0.919322207470469
28 0.824604284085200
28 1.011610765327455
28 0.847196178461171
28 0.533075448094689
28 0.565010414086567
28 0.864488204339191
28 0.555017305327358
28 0.654384607616316
28 0.942762862134861
28 0.451528528441976
28 1.131003104392734
28 0.570952649587288
28 0.712844055416785
28 0.557127503082951
28 0.471584741389201
28 0.811491318825750
28 0.398374177876383
28 0.683228301224667
28 0.889284844289731
28 0.681177917359448
28 0.429778164974705
28 0.339219283885390
28 0.719336864820418
28 0.736795077016891
28 0.766554030017389
28 0.931724186987294
28 0.843954551537950
28 0.771460663947662
28 0.791433820992646
28 0.401559237603657
28 0.617357695354583
28 1.247155363891564
28 0.501847552377752
28 0.733712314307123
28 0.988640340181831
28 0.448244499467783
28 0.653553501763559
28 0.301386161699996
28 0.748976460603470
28 0.519277458647399
28 0.766748640273779
28 0.597669493008467
28 1.239201926554420
28 0.934554611683495
28 0.681084781873473
28 0.727840318898607
28 1.155641379766552
28 0.286753485065346
28 0.531720984599954
28 1.088390790064039
28 0.789466916708223
28 0.487021368349333
28 0.974746600385082
28 0.545517772367622
28 0.428255861234754
28 0.539866559875469
28 0.785434622395633
28 0.576329387430553
28 0.499666764822877
28 0.816389456784947
28 0.919897012720723
28 0.788140366584606
28 0.421635520863880
28 0.867693577041947
28 0.580730053443166
28 0.776104296172042
28 1.056328991359810
28 0.915109786160017
28 1.002430364256233
28 0.871466542195523
28 0.640157503269815
28 0.740340755270974
28 0.788915334955132
28 0.618638281511388
28 0.796902963447574
28 0.948851692399970
28 1.007663794478136
28 0.942519879620745
28 1.143286644626072
28 0.638067224434604
28 0.627011137027687
28 0.393996615918361
28 1.541271683517236
28 0.391513213680610
28 0.762845978761462
28 0.332157735095014
28 0.522640367757358
28 0.876526486810854
28 0.390165028266623
28 0.569586199038667
28 0.725384033086757
28 0.715812147357328
28 1.024083865472198
28 1.291223198966541
28 0.449378268127301
28 0.927887896868970
28 0.755015360631666
28 0.779150889076712
28 0.792154314761616
28 0.600864558890776
28 0.638068103104589
28 0.900430940723746
28 0.975255458721124
28 0.603706454660362
28 0.710022282466655
28 0.833429651294694
28 0.667295777796671
28 0.891322509386820
28 1.048349788280865
28 0.732907880302669
28 0.786401418400619
28 0.490186048082851
28 0.750267794016871
28 0.646725090871460
28 1.021567405757080
28 0.616328643379193
28 0.360468622451923
28 0.879583298044358
28 0.824535700587179
28 0.701775475543786
28 0.700336396927777
28 0.389206118117555
28 0.874450134387081
28 0.419361968255784
28 1.120635322345624
28 0.742597059520164
28 0.643557480803124
28 1.101988052259072
28 1.118468325237425
28 0.387140303115953
28 0.343713245696817
28 0.950366545054179
28 0.643713215255874
28 1.035208206526039
28 0.574199567144143
28 0.794182024061337
28 0.486210646445831
28 0.438780666884562
28 0.514690206840318
28 0.456852477459107
28 0.682146428889464
28 0.560944149393781
28 1.168722096764413
28 0.667737547430720
28 0.584249062876002
28 0.891730385143156
28 0.690983898185729
28 0.636576802447902
28 0.850174851148157
28 0.673889941416555
28 0.970938983413029
28 0.627962340458422
28 0.930484785171170
28 0.652269914826585
28 0.533550931984976
28 0.425829477938048
28 1.073292762065654
28 0.522654105926915
28 0.737612778040397
28 0.427000484188887
28 0.996974104341054
28 1.326942442413395
28 0.784040471981148
28 0.649627328948085
28 0.889515725471310
28 0.856564793470360
28 0.703736299357635
28 0.887152668985583
28 0.911822633689496
28 1.013302425720454
28 0.783639092564965
28 0.528100543511984
28 1.201861759847024
28 0.831873815137054
28 0.624920891279809
28 0.822348169340169
34 1.121414682421640
34 1.661135355753485
34 1.334522863662100
34 1.203095163705604
34 1.118186223129952
34 1.463046975151293
34 1.185678422094518
34 0.990549448411528
34 2.066523252809332
34 2.117786674816025
34 1.210654403309919
34 1.412864682126808
34 1.647605626622028
34 1.026138333175526
34 1.039113034621305
34 0.600199724999936
34 0.494652929094085
34 0.856612208874310
34 2.473342743435317
34 0.649257167101307
34 0.941343598411398
34 1.588109481468191
34 0.853479040518893
34 0.773532734404868
34 1.406625565033467
34 0.760193682268763
34 1.300155950228272
34 1.933647974656729
34 1.616043157442834
34 1.435560654642615
34 1.173474313312618
34 1.802722770613139
34 1.740937289005581
34 2.209740779706786
34 0.960345514551419
34 1.114703570857104
34 1.045819090772932
34 1.544034046443371
34 0.984979790056999
34 2.040551408968303
34 1.437001735373955
34 1.973770300176257
34 1.319466231223362
34 1.526787977907064
34 0.933102313127437
34 2.206969793883286
34 0.995212051891992
34 0.742708153047373
34 0.754868700871770
34 1.134846859798504
34 1.101803627755307
34 1.016445830187306
34 0.904505603831576
34 1.917424750308149
34 0.766228459627148
34 1.061036027965852
34 1.701429858813417
34 3.125615194392005
34 0.881970200579025
34 0.874800598520933
34 1.273197543363707
34 1.481579368776178
34 0.626915460768462
34 1.794671296502987
34 0.666733070750424
34 0.732524627096191
34 0.672607654603893
34 1.669451013965156
34 0.899862149464213
34 1.193259354306702
34 2.329788795648983
34 1.348275857905975
34 1.314674589730523
34 2.133712657854668
34 0.772443426739216
34 1.506946473782056
34 1.137283090017432
34 0.714343560400030
34 1.501656115225467
34 0.791939163189538
34 0.844444853649904
34 0.999937921089543
34 0.871527249934084
34 1.566866044396513
34 2.174843459402720
34 1.041073734283600
34 1.329243151761745
34 1.215159071912250
34 0.790133189263255
34 1.237051023554784
34 1.477871382606410
34 1.661125200020425
34 1.299790845469164
34 1.172683554672616
34 1.146893968356549
34 0.942953031958891
34 2.392987029477377
34 1.757140431106821
34 2.191054978860108
34 1.278621166892032
34 1.403528705623717
34 1.151885660495406
34 1.615431471879473
34 1.956809275814394
34 0.964475648763703
34 1.405568950297865
34 1.149555329818154
34 1.364512656519778
34 0.711724395711657
34 1.105419187408012
34 1.884800631575320
34 1.549454303283677
34 2.013724834363261
34 2.178268982449104
34 1.180928147804924
34 1.565368404079593
34 1.246031522555643
34 1.426244677975774
34 1.411604072586384
34 1.798909048339093
34 1.375942694706686
34 1.205050384103972
34 1.706607270830991
34 0.801568187066031
34 1.566475605484765
34 1.528074047423999
34 1.102286729867846
34 0.905498920580248
34 1.366821260654218
34 1.515003876923359
34 1.284944953112052
34 1.072785328010085
34 0.849954094052435
34 0.976603879046261
34 1.381753126878018
34 1.214740694036998
34 0.636317492377134
34 1.110339157788358
34 1.410417962534415
34 1.312655238694478
34 1.283939020414421
34 0.700293662762605
34 0.799084996191934
34 1.124324877376076
34 1.065477859117476
34 0.899118759657266
34 1.236666871685357
34 0.851353837283939
34 1.053246525588365
34 1.376811986230447
34 2.306601111607387
34 1.373222543031124
34 1.557654531855481
34 1.148334456295218
34 1.318959816320748
34 1.744106443556828
34 1.074500326895103
34 1.616103292591288
34 0.966305562428174
34 1.175440957595812
34 0.792098780298907
34 1.150417701386390
34 1.156124074973905
34 0.766024965217738
34 2.251691250221751
34 0.901684696421968
34 1.950447497674829
34 1.286855265756484
34 1.023831576508339
34 0.792736582160614
34 1.670822724477771
34 0.953037441742325
34 2.169460759245619
34 1.371911051482465
34 1.213656275292116
34 1.418422007656094
34 1.485566419134722
34 0.846383441165075
34 1.195539680486253
34 1.186662493590231
34 2.302070221073333
34 2.023627806699179
34 1.679948195375068
34 1.591301516450736
34 2.056470123345189
34 1.191329141416365
34 1.072249760251347
34 1.486991679786605
34 1.126823538360916
34 1.102284461075388
34 1.024227837980197
34 1.382301974906348
34 0.716663380108116
34 1.396418036114551
34 1.746119521564840
34 2.004594930305860
34 1.645893553307749
34 0.979186788446237
34 0.894620169126979
34 0.935699921591140
34 1.002789884408755
34 1.073632046055254
34 1.897299638899972
34 1.573333058686721
34 2.029216886410181
34 0.819533176387117
34 0.891383271575546
34 1.794829762852354
34 1.113917314984779
34 0.892190681215923
34 0.855040210935170
34 1.074503160575126
34 1.150731386859201
34 0.516877153972866
34 1.046169789355939
34 1.263889156439616
34 1.368571690787308
34 1.735009674623778
34 1.543495317039461
34 1.304895001474054
34 1.614222963456892
34 0.719083704087412
34 1.170354289838951
34 1.535777357431731
34 1.285262071706291
34 1.151232511069695
34 2.045177520773754
34 1.242462739603436
34 2.192274173779053
34 0.883418855782461
34 0.768007345610844
34 1.036422386878415
34 2.430567889138604
34 1.565938520341522
34 1.500774796892489
34 0.895849681910022
34 1.167919640296513
34 1.022863117765735
34 2.134354604513204
34 1.110840244934713
34 0.761180537567709
34 0.975241639924919
34 0.948861068307498
34 1.131206400896146
34 1.199977868932098
34 0.762097442355478
34 1.436427025532453
34 0.971467011424094
34 1.975002843290876
34 1.330571447310182
34 1.254531656408250
34 1.722207857101554
34 2.987541828415650
34 1.355423738538974
34 1.374942626404298
34 1.063159875913259
34 1.150757818643955
34 1.485200581891881
34 1.197661736869336
34 1.238475474133884
34 1.510771193181556
34 1.151155276035178
34 1.198782244608033
34 1.253039328901064
34 1.164297096955508
34 1.241145567319003
34 1.407902607936510
34 2.663464120026602
34 0.933092829687055
34 1.682028043893829
34 1.123169941572842
34 1.346307635064613
34 0.762746660287708
34 1.213105587527646
34 1.973724940134338
34 1.191343859501924
34 0.935446758811989
34 1.471887737424804
34 1.811295517396103
34 0.777685409197396
34 1.252252827017796
34 1.323528543794922
34 0.741660733420738
34 1.426553979386209
34 1.235969703856921
34 0.707217814077325
34 1.289986509225303
34 0.933448492202943
34 1.554645263923368
34 1.380344086407688
34 1.350537268991325
34 1.005525789382983
34 1.878745635016692
34 0.895916979509394
34 1.019236296858383
34 0.755764545831592
34 1.065648371804420
34 1.191723456711951
34 1.579001615427845
34 1.093194722591547
34 1.559167125965893
34 1.299311956307320
34 1.021333559789428
34 1.736538352894098
34 1.325878473484416
34 0.932288210749888
34 0.842644202970008
34 1.414685163884984
34 1.020096677333364
34 1.291058056187203
34 0.773699932642185
34 0.752158948365987
34 0.715097755803944
34 1.008820673571707
34 1.043893195920499
34 1.786077977756484
34 0.727843372459837
34 1.069014179009725
34 1.400375768741664
34 1.654438138763505
34 1.714367023605510
34 1.570549879487607
34 1.195675751181960
34 1.160333115778276
34 1.164680714728786
34 1.198834974950667
34 1.324992729123968
34 1.375870045596830
34 2.672626234575554
34 0.724965603613343
34 1.405686255966556
34 0.902758091553675
34 0.873903619993444
34 1.933094545962438
34 1.144526366827899
34 2.304175910035787
34 1.582292421657872
34 1.570443566098060
34 1.201536194840108
34 2.392909315017655
34 1.232690573659639
34 1.745822366558171
34 1.892565216567849
34 1.217394558390830
34 1.490674434401914
34 0.899606933831561
34 0.857558787891933
34 0.859534434426379
34 0.747467222294702
34 1.333199289318922
34 0.920776081866186
34 1.244187984904206
34 1.020225211512718
34 1.609046626413182
34 1.719861767704823
34 1.951037845979160
34 0.942928092421034
34 0.923753267842252
34 1.783116581063605
34 1.356124107978112
34 1.047696519058598
34 1.299442119589833
34 0.915678885160444
34 1.334093207042029
34 1.989251043059619
34 1.696486217812079
34 0.822669088803569
34 1.222668873436027
34 1.100937623881913
34 1.102339533975660
34 1.303174722774057
34 1.538632208950038
34 0.960652717392179
34 1.293131785392529
34 0.701088947579327
34 1.755069690545041
34 1.409878444856917
34 1.144903453146193
34 1.115270484250853
34 1.792581577208233
34 1.208183110529754
34 1.081903382207986
34 0.914793677540341
34 1.005470908153676
34 1.212924475130737
34 1.175394164169918
34 0.985109721379993
34 0.951324597143805
34 0.786659168004407
34 0.903133190724141
34 2.440365242639554
34 0.885556469637812
34 1.324026725199097
34 1.995204959260999
34 1.357165969067134
34 1.486570053426824
34 1.509027477624405
34 1.882867971475650
34 0.608775725932456
34 2.792376749317371
34 1.202626237900145
34 1.743736643256226
34 1.791306608908493
34 1.630849319639679
34 0.890892511218019
34 1.663228839514447
34 1.196826208405973
34 2.187228902739118
34 1.413346324251719
34 1.091128883829528
34 0.998421152432333
34 0.947996250936483
34 1.583303849426340
34 1.435996003498927
34 1.520966414069703
34 1.391011476272977
34 1.056459181771592
34 0.663661956369602
34 1.150706266452920
34 2.576884485657795
34 1.462978055347651
34 1.956900784154460
34 1.017842564844130
34 0.811771162187185
34 1.240283126813925
34 1.351763426091808
34 0.909111614968031
34 2.312622126616112
34 0.635033185778636
34 1.142278934402049
34 1.502313411584720
34 1.628593520329273
34 0.888574007572231
34 0.912280143660842
34 1.465093338430314
34 1.178387587626033
34 1.166971437739444
34 1.962262329004768
34 0.974534927541712
34 1.752451897335675
34 2.095747658182148
34 1.486506425972886
34 1.420320691036342
34 1.028688745444992
34 1.133925653859682
34 1.096773947368465
34 0.881881491841002
34 0.998641512307318
34 0.597925123155480
34 1.257597397104250
34 0.721277788624269
34 1.834773083274593
34 0.818376987515411
34 1.249215083720878
34 0.774524864027802
34 1.943827783505514
34 0.797491224305830
34 0.813803430117624
34 1.968340379702719
34 1.211009259976331
34 0.826764206467337
34 0.951935835005782
34 1.282976523332438
34 1.173605380212355
34 1.366970839528054
34 1.396617770293947
34 1.413322825983241
34 1.640549203336163
34 1.257009926660826
34 1.315685327577492
34 0.828728856556594
34 1.533360487897197
34 1.271396929857093
34 2.017031955866528
34 0.887203560760599
34 0.853927915161643
34 1.858990128509741
34 1.768282532509970
34 1.076275124597313
34 1.664898810114419
34 0.867786457806356
34 0.971610020689817
34 1.029720677614097
34 1.612805242760484
34 1.058851564494410
34 1.015562959027362
34 1.090234477571794
34 1.401568371982179
34 1.016899171180686
34 1.172563630639045
34 3.036052325936043
34 0.959346434901996
34 1.167947817410521
34 1.488923365661818
34 1.009071733062573
34 0.940108209035542
34 0.858548508258147
34 1.874250437427996
34 1.211553655489092
34 0.771669318035706
40 3.053599960837850
40 2.200435643506029
40 1.951906125153196
40 1.500386935173567
40 2.277655942270795
40 1.105111646676411
40 2.287721775914170
40 4.055128096402928
40 1.603612856894586
40 2.491660062920419
40 1.162590730577396
40 2.640413691171869
40 1.539646611271790
40 1.233540207526703
40 2.520884038368887
40 0.983985383572922
40 1.703902401174664
40 1.150289942736761
40 2.072308622372299
40 1.704225685634249
40 1.870817548679838
40 2.047895095588942
40 2.149709003576424
40 1.923867203057178
40 1.563598664875762
40 2.234964285432817
40 2.662186116134604
40 2.596620171954097
40 1.733247736578866
40 2.326494529826502
40 1.166216906554070
40 2.435382342667905
40 2.878443697234593
40 1.284522391933733
40 1.565342126750998
40 1.669828936140501
40 2.109034065181248
40 1.285800742806054
40 2.005144242335582
40 2.691168049938788
40 1.327449374794262
40 1.380563307699289
40 1.453249806611623
40 3.531093868907869
40 1.652712766308148
40 1.066638214939437
40 1.342908722662022
40 1.848500458271030
40 2.571409347820889
40 1.033156005682754
40 2.009375062252908
40 2.471824900340524
40 3.838048087758331
40 2.404502400370268
40 2.141455802433230
40 3.296519490352315
40 3.231080877597895
40 2.626299289109159
40 4.083166065840020
40 3.342679484433617
40 2.352251606813882
40 1.575534509122061
40 1.985024804506809
40 1.699667219188520
40 1.201723867298915
40 1.675177658469861
40 3.175664552897096
40 4.784854665170990
40 1.608934646429898
40 1.510474030790322
40 1.674606211136996
40 2.026917629600224
40 1.773810772367183
40 1.862290798779731
40 1.632231543602744
40 2.006107923897922
40 3.747162435422418
40 1.362121069454491
40 1.898256838879822
40 2.026523351180394
40 3.287058020906150
40 1.963143341436560
40 1.197086914658744
40 2.805929793303568
40 1.853378079001482
40 2.316870391753685
40 2.196968088516680
40 2.846086967696989
40 2.332749694165146
40 2.825900463393337
40 2.549153694228618
40 2.327145963683220
40 2.599184601476479
40 2.244143413460328
40 1.455945570865875
40 2.140619012824407
40 1.467139961882213
40 2.069573316006435
40 1.867778951948532
40 2.029644902041940
40 2.074701546979976
40 2.854627546644414
40 2.058544907541997
40 2.413033131250620
40 3.520395740375358
40 2.030089547714585
40 1.640126016004312
40 2.899824962029653
40 2.241862448322660
40 1.552115383440936
40 2.809855151401953
40 2.429148718231504
40 2.664245504824491
40 2.342826649567044
40 1.637618640130183
40 1.330105842386951
40 1.496260091449161
40 2.216930285063148
40 1.334892820823691
40 2.543455870908739
40 2.442093675755455
40 2.238443397521840
40 2.277327346731330
40 1.323348293057899
40 1.131234848070662
40 1.946890845050929
40 1.446458995273767
40 1.459549003236370
40 3.257660387732876
40 2.708777795140996
40 4.247655726579470
40 2.423850322761540
40 1.651333674454067
40 1.154276619491405
40 1.524288640679920
40 2.180395138909047
40 1.784944878358365
40 1.025299916931401
40 3.623570104562122
40 2.406246399508229
40 4.435392606139933
40 2.642967164659801
40 2.797801841216611
40 1.392157375906491
40 1.515164510079346
40 3.013356361543815
40 2.656316518263941
40 1.486374437075694
40 3.102110792889086
40 2.860660158619494
40 2.821506709758721
40 1.699763361302761
40 2.027057240504988
40 3.101739539180882
40 1.748492388639720
40 1.195832542364109
40 1.925818744046683
40 2.868113080295327
40 1.502686247397446
40 1.698285499940910
40 1.348985206067153
40 1.561893738441519
40 0.947105126533684
40 2.741561237122083
40 2.165407458839711
40 1.665202792526520
40 1.896843878054176
40 2.659636229941489
40 1.318523932252965
40 2.599771100956943
40 0.833709960822153
40 0.989548955259627
40 1.865493128482388
40 2.319523275425199
40 4.056044093889378
40 1.175993969178517
40 1.704327671135255
40 2.600375525733060
40 1.348176269562041
40 2.120132604445233
40 3.497799660723474
40 1.121921319480985
40 1.001497758129820
40 1.694727244704068
40 2.921595602120881
40 2.566240574945187
40 3.000550155036728
40 1.235348755596688
40 1.585929934388249
40 2.016494057790183
40 2.283689811877515
40 2.280494527771637
40 2.117030930811650
40 2.534047949649230
40 1.522063913250037
40 1.768274929157350
40 2.540127933617528
40 1.975902219269942
40 1.521951374492005
40 2.091257935457401
40 1.891735389916629
40 1.321020057608704
40 2.449690458096304
40 1.231553186917306
40 0.971682143826239
40 1.096907307204168
40 1.560520907476537
40 2.624232035766886
40 2.112150587613185
40 2.460858060763529
40 1.727784317434182
40 1.424454833586742
40 2.067594001585489
40 1.903935084136722
40 1.471469272949355
40 2.199334630058910
40 1.504640098785758
40 2.306401782263459
40 1.364543601955391
40 3.786752069139839
40 2.004818309048219
40 1.587059025461577
40 1.935710976458084
40 1.705505428194843
40 0.993438586664670
40 3.613471230925768
40 2.467577093467167
40 3.944097795849347
40 2.893458458210553
40 2.094023800236974
40 3.486688176072680
40 2.010845537786834
40 3.109290813593660
40 2.100567060850915
40 2.889499313350605
40 2.092387892547094
40 2.228620803565954
40 1.741058165272143
40 1.654041574582596
40 1.837388555351993
40 2.038001808260893
40 2.006927195532606
40 1.644394580919924
40 1.141532689467373
40 1.925820757938065
40 2.088134189150280
40 1.969632269356540
40 1.116703256540184
40 1.349997672861303
40 1.051351479561176
40 2.718741277389054
40 2.208713275157359
40 1.777551364132785
40 2.035441908795514
40 3.876351325774460
40 1.870895120021721
40 3.114904267114177
40 2.002098589390698
40 2.112990473760128
40 1.983189596746564
40 2.587618429780361
40 3.212256719130940
40 2.008820256236337
40 2.359996091013731
40 2.270057813846377
40 1.346813269124477
40 3.747099356196390
40 1.591878104999120
40 1.341457060159385
40 2.329186128762114
40 3.313132494046500
40 1.480602015249739
40 2.307341000067635
40 0.938282225085311
40 3.299643393976455
40 1.137326382972939
40 1.860772595899134
40 1.895836098251465
40 2.321529614784275
40 2.369315100673306
40 2.150443993089630
40 2.580814732553428
40 2.253206320864166
40 2.079487249129567
40 2.385484921459515
40 1.737260863679635
40 1.970140364128502
40 2.093534464985185
40 2.354939032396629
40 1.298761405652519
40 4.221979877809973
40 2.501290808834974
40 2.583613049861095
40 1.695246015855900
40 1.450990012082634
40 3.349310430705387
40 3.043362878647923
40 3.553355265945610
40 0.981214873262326
40 2.067880816055141
40 1.292784274152066
40 1.249392479381225
40 1.823041339791871
40 2.401581312288725
40 1.440817873831529
40 1.503999384251474
40 2.184402812326725
40 3.030176498790940
40 2.098449216181477
40 2.736969255162183
40 0.951609014072458
40 2.657656651400790
40 1.360624400238935
40 1.765298056936837
40 2.787885434291690
40 2.795451257147078
40 1.958845741386472
40 1.168269309706845
40 1.755945777558653
40 2.489682739147527
40 2.870503104848833
40 1.247480978883368
40 1.994027143671707
40 3.232248072940086
40 1.367055704996687
40 1.827424876621533
40 2.495749322581929
40 2.570191640599175
40 1.989059018564765
40 1.814675604647235
40 1.815670592598693
40 2.271069519667070
40 2.070273485924890
40 2.658115626404905
40 2.185335882539142
40 1.266257241786848
40 1.167792542590572
40 1.742340538397094
40 2.594668092443839
40 1.513005239209970
40 1.824961984424741
40 1.852545045527359
40 1.288824176543901
40 1.724203906815758
40 2.901887401414093
40 2.213866152651462
40 1.155185228772463
40 1.751901106060746
40 1.137068048492815
40 1.788721629259671
40 2.736837235308638
40 1.435543247045012
40 1.599780482076502
40 2.306758923438487
40 1.312067085550028
40 2.630238485848578
40 2.454271081837209
40 1.193618826197328
40 2.276450081739823
40 2.064355656060988
40 2.080669490088227
40 1.525418832383558
40 1.329237005332056
40 1.309643001056967
40 1.878391206734301
40 2.149535681619360
40 1.953370453320955
40 2.132914817472652
40 2.126409298351975
40 1.412215099201303
40 2.752776774845376
40 2.684318430484130
40 1.947724183123539
40 1.364805927272055
40 3.828671219787378
40 1.071168201990364
40 1.285608494927740
40 1.756315078572184
40 1.749029622869367
40 1.896550558350919
40 3.680495003242633
40 1.909095598991903
40 2.202470203042298
40 1.827879540956792
40 1.882637295532120
40 2.068087059043517
40 1.736182230296711
40 3.027380356271681
40 1.687387240592253
40 2.936566944305609
40 1.922451124006933
40 2.305475879364829
40 1.846892597373528
40 1.198516370302407
40 1.860472805769920
40 2.089726271303230
40 1.818538870764694
40 2.162578365711932
40 2.293357740918198
40 2.398081457369161
40 1.131914118784131
40 1.973584960215154
40 1.502964704190594
40 1.472771878121351
40 3.523946624856922
40 1.719106718747392
40 2.733785213203488
40 2.859723602858641
40 1.322832964500122
40 1.908263921957348
40 2.704273242796802
40 2.887283004950601
40 2.092041019052125
40 1.021816155065794
40 2.136999490660649
40 1.616854297666528
40 1.542299908866626
40 1.349131955031462
40 2.031137144146193
40 1.618597610651514
40 2.337566553233959
40 2.126144300805828
40 2.435324011838557
40 2.465965759187650
40 1.094643701971721
40 2.731209314332963
40 1.765214959987782
40 2.655470983638530
40 2.249727228432223
40 1.795700373221960
40 2.689466835286103
40 2.322393127074127
40 1.599082540499115
40 2.746002781443892
40 2.691575875174316
40 1.505263484273016
40 3.940950839546165
40 1.271308932006296
40 1.421674830167119
40 1.229898773655964
40 2.343085139160454
40 1.673055981814175
40 2.124157182517809
40 1.055169628760705
40 1.581134623927551
40 1.701392501949074
40 1.806651346343227
40 1.855823599074876
40 1.337124017049272
40 1.409126196683605
40 2.277048149433838
40 1.694020454245749
40 1.735119076520137
40 2.198114340846729
40 2.641761625992462
40 1.962657282230156
40 3.219538560795180
40 1.806943272365302
40 1.723875900082398
40 1.338932020951328
40 2.357982719833299
40 3.217719850095384
40 2.247603715316548
40 1.319982978525275
40 2.503344264594478
40 2.136002965969748
40 1.385238811084791
40 1.622363841788212
40 0.982359996724758
40 1.054278953687307
40 1.229049525911570
40 1.513325467759620
40 2.859110183228413
40 1.979263520657334
40 1.326409584989308
40 1.718069006551840
40 2.080672162006658
40 1.094887261852000
40 2.553789317185073
40 2.486368599967847
40 0.991192573593803
40 1.704432162565654
40 3.474741665170226
40 3.369496669915544
40 2.233710389196785
40 2.652451493629904
40 1.900612345622121
40 2.103683449356089
40 2.309046611577175
40 1.933012356735927
40 2.807885770726642
40 2.045554818706133
40 3.592043985005764
40 2.805525648360595
40 2.429107751734248
40 2.346996864022280
40 2.273639638887452
40 2.382801651659252
40 1.849495700268966
40 2.512283988285866
46 1.599521355111810
46 1.877990833155457
46 2.497106581383437
46 2.023496232883056
46 3.006857441752858
46 2.650013086086239
46 2.165199208473874
46 2.382225048813321
46 2.591465780112317
46 2.003079235802139
46 2.273203577843003
46 2.542068812252924
46 5.916164918056980
46 2.805052443374285
46 2.128934592409318
46 1.374622803819369
46 2.694929648306959
46 1.513968934675880
46 3.097764807049915
46 3.099551613992123
46 4.757471938288848
46 2.231609429843120
46 4.026652242089449
46 3.067890336697845
46 1.885896230673886
46 3.282943157520873
46 3.108422936649105
46 2.738578058419396
46 2.365834185749745
46 2.145175081964239
46 1.962780549067527
46 2.677960576876644
46 2.532123215274235
46 3.516473979553287
46 1.715127807432878
46 2.388948320824695
46 2.057127803074032
46 4.357254405397320
46 3.903231428752321
46 2.810186827712258
46 3.584970712813928
46 4.428851531860284
46 2.465720504499080
46 4.467743268184152
46 2.009598646748771
46 2.483205421637506
46 2.371252451245880
46 3.229272168015576
46 1.586770638631888
46 4.038775367664864
46 2.389370226915198
46 2.066191902252156
46 3.241201764847381
46 2.389902422358898
46 2.376241236593255
46 3.492134478836151
46 3.407111444792974
46 2.361109626684452
46 3.174238736312542
46 3.049113400589635
46 3.205823053058662
46 3.163612890349541
46 2.848022557307450
46 3.952778556374155
46 4.120764876386564
46 3.028536065539146
46 2.789038397897585
46 4.277033987356146
46 2.053468662600373
46 1.411553170167578
46 3.087209447893326
46 3.331993839726323
46 4.715836947713603
46 2.217914853689344
46 2.061929735587003
46 1.398325537774169
46 3.770933053563202
46 2.140805188248961
46 3.873987029441786
46 4.325420398612726
46 2.058458465775132
46 2.129246598665390
46 2.590926022144508
46 2.992743824704294
46 2.205639188253953
46 2.910029670595969
46 3.260798754895473
46 2.833514219276545
46 1.792163005498237
46 3.244365880623860
46 5.693499492790402
46 2.623510532740822
46 2.227842188756120
46 4.511859222282073
46 3.370774415599926
46 2.987853172791791
46 3.077902658137795
46 2.515985352023208
46 3.894841476408331
46 3.505736067240011
46 1.758246349582748
46 3.607615844080344
46 3.312026153448032
46 2.051042446364056
46 1.773638528553732
46 3.149169373443608
46 2.331033345011531
46 3.084145946091162
46 2.683080234860808
46 1.915277562648075
46 2.596284961155947
46 1.816807284958191
46 4.327650930095282
46 2.049843023835844
46 2.695981442151466
46 3.456548385238903
46 2.010272139118955
46 2.135367361308401
46 5.355676563108752
46 2.490431875923007
46 1.774877365116489
46 2.717786023861688
46 1.920249021333084
46 2.418564405897714
46 3.399278556220036
46 3.127249257280025
46 3.021088637170264
46 2.024001959286701
46 1.239426212164419
46 3.523359746552912
46 3.329889970268167
46 2.237856761135861
46 3.727211951494187
46 4.078116614188760
46 2.442715870011516
46 4.253287822574612
46 5.704370687815691
46 3.727433966200362
46 3.424652547967706
46 2.546440936500740
46 2.774592556951781
46 2.402645161457725
46 2.750527293637276
46 3.006178439722695
46 1.927873634843888
46 3.231276364444504
46 5.628598895579196
46 2.789384983155183
46 2.214290278453110
46 4.391394097409306
46 4.032035316160577
46 3.089050274327550
46 4.900941610371886
46 2.421563551929827
46 1.586753358658477
46 1.958076702474304
46 2.031072410056527
46 3.111695055328673
46 2.330693731379819
46 3.659163385820527
46 2.497766530794779
46 3.279862449829742
46 2.838960362523212
46 3.646088727154696
46 2.194612117007529
46 1.821437348220401
46 3.053971815539907
46 4.136773766007577
46 3.321985113551476
46 5.206130772842575
46 3.192953688876087
46 2.390567562019489
46 4.405794973819703
46 3.570875087421283
46 1.924434326198494
46 3.460218271310157
46 2.103296147124289
46 3.555624580536709
46 1.317835910789078
46 3.668443482279786
46 3.544988162382997
46 4.271216598627280
46 3.234576240382196
46 4.002430253856321
46 1.763407793950333
46 1.891708623406571
46 4.856024955724738
46 3.409798173389310
46 3.148501804306196
46 2.976048757995640
46 3.491973945442443
46 2.354585263170699
46 2.770411651784499
46 3.047304850103851
46 4.759771392420275
46 1.680108032739783
46 3.164297207385755
46 2.866975834983462
46 5.175621559892025
46 2.904534629303170
46 3.519989653544714
46 3.051759174641742
46 2.258262030370709
46 2.154889177764109
46 3.824536107296263
46 3.328846276328495
46 2.307686023455676
46 3.808872033279029
46 2.081116464795558
46 4.815344494463953
46 4.065507317734562
46 2.412125397975096
46 2.694713172131211
46 2.169224741803006
46 4.191134868483402
46 3.177572380341768
46 2.986735099461560
46 3.611634376508349
46 2.466517440964068
46 2.785242119102640
46 3.010573232155314
46 2.258042921006598
46 3.729877822665788
46 5.004907413128011
46 1.744864071065641
46 1.750933551036128
46 3.247762360715623
46 2.996178315055979
46 4.258763574344823
46 4.065680649474952
46 4.164382944881009
46 3.608624862203791
46 4.147284649604979
46 2.700578192083868
46 3.372836463561727
46 1.938365878955228
46 2.691086295876814
46 7.750982247669906
46 1.729913786676363
46 4.374413867094667
46 3.316801505114263
46 2.208534994769763
46 3.666062888219008
46 2.127505436956587
46 2.442135319654835
46 2.565847196154577
46 3.892649954355598
46 1.660967296060929
46 3.288437690247297
46 2.061141453879842
46 1.991994306356651
46 2.531909302570165
46 4.551878147894909
46 4.541901075617400
46 7.525201325839457
46 2.930668833270104
46 1.567954633153703
46 3.415293142638176
46 2.283298315687111
46 2.168466408632114
46 4.736160875337634
46 2.760160507678203
46 2.372379950947138
46 3.421791137530713
46 5.251704732300939
46 2.232364951249562
46 2.797619668127317
46 3.145643260159443
46 3.047000318578039
46 1.272374073003173
46 4.556641875329555
46 4.584852772027795
46 5.352514191012800
46 3.228643343180993
46 3.248005411898405
46 2.394387878527975
46 2.391753220907662
46 2.429422134242557
46 3.414198946421098
46 4.757880246899200
46 3.221409422791213
46 2.387504176706785
46 3.648394311263242
46 2.075958233109333
46 2.400139393015723
46 2.188025280295665
46 3.593689621768117
46 4.748331437353195
46 2.696574424138005
46 2.605894195863565
46 2.036499283346744
46 4.430076609376686
46 2.857401691653281
46 1.528129925688872
46 1.800127430485232
46 1.617676058105315
46 2.120431086378231
46 4.341209487953899
46 3.578005095783112
46 2.207525369422995
46 2.944483610902472
46 3.244607319466042
46 2.460627024612727
46 3.408534526502398
46 3.162427159370095
46 1.953085212066164
46 2.099571803810254
46 2.191774706948614
46 2.758932612611744
46 3.370903624287534
46 2.174617044447338
46 1.909366148116111
46 2.297318575616632
46 2.505682888696300
46 2.447502824713467
46 1.753879381273926
46 4.571361945474216
46 1.987579095365382
46 4.343204710577260
46 1.765395092505989
46 1.665548560716465
46 4.205967079228429
46 2.455758218158658
46 2.845620445761884
46 2.821210814651780
46 3.852027527032837
46 3.791009330981223
46 5.070783402443883
46 2.398517468039174
46 2.655100901872285
46 1.896691094539621
46 2.933697005353727
46 4.364556353456432
46 2.912287127047939
46 2.766142530313159
46 1.951104179930326
46 3.209300148883637
46 3.447617913235520
46 2.401075704603453
46 3.202229547196501
46 4.208060269415907
46 3.713275859517537
46 2.046152277005730
46 3.111832091185174
46 5.019670111170041
46 2.384461004026159
46 2.599959890836027
46 2.463475163003413
46 3.055850118882238
46 2.690929764110832
46 2.878413800757021
46 1.910795868488181
46 2.630734392515611
46 3.790770954356740
46 4.783352149647611
46 2.801567196965169
46 2.428564144706280
46 2.224846230092671
46 2.010046601879798
46 2.342174806558682
46 3.792711594907098
46 3.704028229331954
46 2.715057312198869
46 2.807670616231708
46 5.039838425718710
46 2.568023379877069
46 2.823370331676974
46 2.714666620995946
46 3.399230159442249
46 1.677002850591751
46 4.393641885286872
46 4.138167351665969
46 2.424139416592346
46 2.730459350070450
46 2.623563447426394
46 3.956630034023000
46 5.407704989384349
46 2.683671935675529
46 3.149791616872169
46 3.452455406249245
46 2.474958215336477
46 2.540781691759543
46 3.768200153782910
46 4.668462794954030
46 4.434184600228138
46 4.953663021699496
46 3.826116843065611
46 1.407464629930390
46 3.622855488462372
46 1.259980911696002
46 2.048283182880480
46 2.255774196605849
46 3.054531957977690
46 1.776760314345478
46 2.770991858223946
46 2.081015443546746
46 2.166993688108076
46 1.936102216911970
46 2.747057845629276
46 3.255370157833528
46 3.499890583161071
46 3.277326837728475
46 5.114882702303996
46 2.658944052997942
46 4.666460094637037
46 2.567867135384222
46 1.658410273608688
46 2.059677241687534
46 5.561639039821186
46 2.419490825364688
46 4.569371690729189
46 5.511374376405146
46 4.129605594937924
46 3.301425193950334
46 3.606362550280107
46 5.929344409981558
46 3.376723831504002
46 4.577931573527648
46 1.939027704998770
46 2.335738754906676
46 2.700132102889601
46 2.437526637927113
46 2.602288739916045
46 2.421446178651489
46 2.705197235966223
46 4.116851903717526
46 1.343181323641116
46 2.540755968687125
46 3.485400094848672
46 2.668410727517840
46 1.268245108741214
46 1.970006358776170
46 1.961209779402531
46 3.247626133168804
46 3.580899610865536
46 3.408972804345402
46 3.450422836080465
46 1.724192604182284
46 2.195591195836693
46 3.777987507708260
46 1.979076769526727
46 1.729522926800215
46 3.053382388611872
46 3.576582308484159
46 2.554398877040442
46 1.870692402604288
46 3.670863282592157
46 4.489969969231243
46 3.505731097731343
46 2.908358690996844
46 3.482474087535194
46 2.649308858129509
46 3.708603679456910
46 2.256325341575050
46 3.713525445792478
46 1.482196765223265
46 2.152237049798136
46 3.425487579547006
46 3.862843714442618
46 3.345310356462937
46 2.347518032955723
46 3.030682061220767
46 3.062528660563719
46 2.705702833578035
46 3.695788731228705
46 2.898846586574138
46 3.463434773143029
46 3.075288944811352
46 3.667975137779603
46 2.108642254946857
46 3.441951728963618
46 2.576009231982709
46 3.227783637772425
46 2.611400342271982
46 4.255478274546650
46 5.728378795508807
46 4.942869006346170
46 6.206776413546349
46 3.580641876204610
46 2.741135356451452
46 3.606477482338126
46 2.774995643702442
46 3.024572840315147
46 3.325977751607375
46 2.439380512812045
46 3.630636755670824
46 2.622709173920343
46 3.009931794785093
46 1.368106335214301
46 3.398252265126135
46 1.927979124574026
46 3.034879866536299
46 4.168291610261308
46 2.528633333784610
46 2.022127507806037
46 3.231742666246237
46 2.956329442778811
46 2.189673466240634
46 2.571774959001322
46 3.597532862355828
