10 0.018400036492792
10 0.024626716092427
10 0.028622211529748
10 0.016111199290168
10 0.017314949516790
10 0.020193379563550
10 0.038900143481357
10 0.028446964122694
10 0.016427153063435
10 0.030728894903716
10 0.014368227227359
10 0.043632726970755
10 0.017879694825036
10 0.024262907541481
10 0.016343370244538
10 0.024314622869558
10 0.037046707281256
10 0.034462673572157
10 0.015024610390385
10 0.014121927605734
10 0.018733067123204
10 0.028753485691778
10 0.022954030003901
10 0.040516100508930
10 0.032577066541255
10 0.028862134957130
10 0.019967800995152
10 0.019630319023989
10 0.037153225817305
10 0.025200709233821
10 0.016970860508309
10 0.036046206653008
10 0.016769777518615
10 0.037258927336367
10 0.029581053038311
10 0.020376009918924
10 0.019882696331848
10 0.014925510300439
10 0.026309276666821
10 0.025647100010986
10 0.030167318044403
10 0.030758088185335
10 0.019544882266153
10 0.019761170676328
10 0.041703469805995
10 0.020263222337946
10 0.023171188946762
10 0.031472366540007
10 0.025038598992969
10 0.025905438518605
10 0.022483156542723
10 0.016512122294361
10 0.017498923463268
10 0.015460838013803
10 0.021627685863525
10 0.027432457584538
10 0.038105444413583
10 0.025595027830828
10 0.029012713181315
10 0.031797857482251
10 0.031970945330318
10 0.025656982855062
10 0.017413770008174
10 0.038128998311683
10 0.041766701925992
10 0.024453090592955
10 0.023586085326707
10 0.057987459851735
10 0.028505691174233
10 0.016918519993419
10 0.022612513457486
10 0.031846903122912
10 0.031041448595826
10 0.037509639775339
10 0.025852593323739
10 0.021536874272972
10 0.024357558648387
10 0.017415971562113
10 0.023314311457570
10 0.016090270949350
10 0.053667388476029
10 0.031143964040957
10 0.020470039148851
10 0.028873302045833
10 0.020538788043482
10 0.033040099262837
10 0.025489020202404
10 0.046326083590399
10 0.031527328920734
10 0.026218223767318
10 0.038953462287801
10 0.042143178883809
10 0.024037848372867
10 0.023204416704423
10 0.027951025228120
10 0.023605138054044
10 0.029048172550743
10 0.029575789916112
10 0.026568277882749
10 0.037966445816770
10 0.046034331634332
10 0.023740391635929
10 0.020712483619050
10 0.022960889942833
10 0.020804902213027
10 0.025563457756098
10 0.019077149144631
10 0.033039748670160
10 0.034380139920550
10 0.018377404681519
10 0.028562820902817
10 0.019863203512714
10 0.034854451730138
10 0.026529593586456
10 0.022203646881604
10 0.028181427593736
10 0.039868177974711
10 0.026566998751915
10 0.021915438320605
10 0.036361455631821
10 0.014413174547373
10 0.018016602184471
10 0.017075641302150
10 0.042919434659891
10 0.026366525126600
10 0.019085512052397
10 0.031851487429650
10 0.039257136693014
10 0.032335509157948
10 0.022436887163689
10 0.025102325726257
10 0.019188823549915
10 0.030451705121918
10 0.023027593593370
10 0.024538322731389
10 0.030080751276522
10 0.013718911258440
10 0.025172439846532
10 0.028148915793363
10 0.028886173416107
10 0.016665443413629
10 0.039489068915991
10 0.021348676017952
10 0.030692653356941
10 0.032640535096315
10 0.018941390451809
10 0.023159417864676
10 0.024125957053163
10 0.014885044825062
10 0.020574378993129
10 0.015119979632750
10 0.014654469498807
10 0.020939738987225
10 0.029093906382367
10 0.036736821099647
10 0.033691595730501
10 0.019348221182046
10 0.017146516741176
10 0.027335707367383
10 0.032850901004609
10 0.043730694661754
10 0.041448426112883
10 0.020482313600830
10 0.016255386906590
10 0.024551657489958
10 0.014800846186028
10 0.034511716783063
10 0.027747308448601
10 0.035978065179670
10 0.013988487266499
10 0.016232371257406
10 0.017919806188032
10 0.027428259539525
10 0.007804730477200
10 0.024885886042678
10 0.027655284217288
10 0.026827360204525
10 0.033856399655874
10 0.030434837513072
10 0.036891786630480
10 0.019739065467979
10 0.027693602087625
10 0.023419345043298
10 0.025784408521522
10 0.025053214160273
10 0.014665066854924
10 0.036602571125984
10 0.031117727158459
10 0.026508767209277
10 0.034758657497374
10 0.046638515491315
10 0.012180369974804
10 0.024047644402127
10 0.025147325268354
10 0.035866973382532
10 0.021304371295802
10 0.017110983937712
10 0.018369042302315
10 0.014309068505577
10 0.026651897438774
10 0.014271060299333
10 0.018696128652484
10 0.028590572450480
10 0.030404608491872
10 0.011924895033950
10 0.021708341176421
10 0.025560855494383
10 0.026476534481523
10 0.021720107749770
10 0.018486520476077
10 0.014026141108142
10 0.024034167301264
10 0.015507208765488
10 0.038669820277076
10 0.023086599311151
10 0.012138737017881
10 0.018731098356003
10 0.040849347906329
10 0.019108061400318
10 0.032916942668756
10 0.017303735648312
10 0.021524006704827
10 0.033334505045069
10 0.022349214321849
10 0.017653889842181
10 0.024882753577629
10 0.028723867614609
10 0.023733191756102
10 0.017037942116867
10 0.031054341472172
10 0.024907098929964
10 0.038773354129823
10 0.036698309200073
10 0.037748918432092
10 0.040580431537152
10 0.029966528289360
10 0.037198142157489
10 0.015134994645477
10 0.011178654756249
10 0.014663880423300
10 0.033407538392662
10 0.021037530820301
10 0.012846591571556
10 0.024898699261834
10 0.031284638876604
10 0.016940133502862
10 0.030947880458896
10 0.024074672188619
10 0.025290650990604
10 0.029149332907504
10 0.019543712811926
10 0.024487973286846
10 0.033164918651100
10 0.027636777029730
10 0.046015642745036
10 0.021048972938316
10 0.028127108947605
10 0.022636813235227
10 0.041391201346055
10 0.019197817816707
10 0.011840459864417
10 0.030148408474713
10 0.022917467431447
10 0.019450139420151
10 0.017219664345400
10 0.020444158153047
10 0.033040809180404
10 0.025635640736403
10 0.027770490265101
10 0.028815565904828
10 0.032755835793036
10 0.044260484605338
10 0.013987686050714
10 0.021406200805892
10 0.027907718707807
10 0.016821249230231
10 0.022030766612387
10 0.020097738586016
10 0.043695832595872
10 0.034328253631861
10 0.033094460209622
10 0.023725667675539
10 0.025321604351119
10 0.026946257439962
10 0.020919569514548
10 0.020603381602609
10 0.038571314703695
10 0.022344003886503
10 0.021205338964606
10 0.028415680868512
10 0.035896811260898
10 0.032059546169798
10 0.033977930810485
10 0.034469907149657
10 0.019857330262833
10 0.018131359213537
10 0.026983764183933
10 0.027902754407406
10 0.016842971302911
10 0.018319254681918
10 0.018060311004560
10 0.021699005974483
10 0.037486094687985
10 0.023404257692773
10 0.014863810589410
10 0.021848214031647
10 0.018742433055266
10 0.039819388543179
10 0.032655134923314
10 0.030421150743044
10 0.013636092493870
10 0.030856398248852
10 0.043869488150972
10 0.015205564152048
10 0.015534477893276
10 0.043626533522656
10 0.019392435084370
10 0.013651718435377
10 0.048422158438774
10 0.030015099487199
10 0.031706000950826
10 0.024783649812770
10 0.043413164762005
10 0.014047667911906
10 0.018395047579502
10 0.024076875787346
10 0.035638589708809
10 0.018127365984453
10 0.020097182581408
10 0.023725213045579
10 0.013188479868952
10 0.023850148397181
10 0.033216384198944
10 0.020816653678867
10 0.024463204208535
10 0.013673642215155
10 0.025400720003381
10 0.032974441046818
10 0.016955392843031
10 0.035507010409742
10 0.023487379282112
10 0.019823732575318
10 0.016425323736110
10 0.028050729532695
10 0.031560004313843
10 0.016839522439465
10 0.019499598266784
10 0.034259189975162
10 0.017155939034205
10 0.035159496082660
10 0.036723616826310
10 0.035957332364690
10 0.035799388094264
10 0.020503058556093
10 0.024163204261878
10 0.018484084026482
10 0.020892671095871
10 0.026619466957623
10 0.021463626956695
10 0.015094430025609
10 0.028166324673119
10 0.026816150715963
10 0.025523972773115
10 0.027471029927877
10 0.042711742088779
10 0.024825390217642
10 0.041735991602078
10 0.018534097988007
10 0.018843782587111
10 0.015514946025737
10 0.015647093413276
10 0.016947202835970
10 0.024356306730754
10 0.017455988201688
10 0.034530207532962
10 0.023897860032036
10 0.013455013659563
10 0.014840018773180
10 0.026615449829362
10 0.018534154686131
10 0.029790394211679
10 0.045640608606638
10 0.013249571445086
10 0.021586881829883
10 0.013510739887370
10 0.020231053647914
10 0.015667420269109
10 0.015477902771670
10 0.025154476039225
10 0.026602743545705
10 0.040474042614179
10 0.026887638278823
10 0.034025757530403
10 0.035616809328117
10 0.017210232238020
10 0.023666792529377
10 0.021660421124080
10 0.022038621246315
10 0.024750769677183
10 0.041252991539222
10 0.024700516422660
10 0.027830410894158
10 0.030597778884752
10 0.047215969776607
10 0.027354988636747
10 0.014802950012132
10 0.034299282469834
10 0.024604262226212
10 0.032154731408670
10 0.020779786262272
10 0.018686275086188
10 0.029322022269521
10 0.030228609200178
10 0.019108149651799
10 0.026475610327868
10 0.025298553522360
10 0.023713619486506
10 0.027064310454000
10 0.026782400142678
10 0.027179153275223
10 0.031765457443588
10 0.016069192944805
10 0.016759274293927
10 0.033169010357623
10 0.018135542092026
10 0.036253063367383
10 0.038220525479034
10 0.041232014665651
10 0.014304188896040
10 0.039145275881385
10 0.022648939599290
10 0.019469624345266
10 0.022680215389283
10 0.028076388041308
10 0.016749862008449
10 0.024770955525089
10 0.027366505952598
10 0.022353737893567
10 0.025217576268351
10 0.026027041752763
10 0.026744872784488
10 0.017972621911106
10 0.052966982975765
10 0.017330388336904
10 0.026790018986005
10 0.015344651703452
10 0.024904887625771
10 0.038242142798887
10 0.021557429935761
10 0.018331794428175
10 0.018203132024680
10 0.022251619926128
10 0.042068012875102
10 0.026390332269598
10 0.051324304365889
10 0.021769981731392
10 0.019419664030755
10 0.046962155024594
10 0.027971564696486
10 0.023891016144151
10 0.027040905968771
10 0.042589687813918
10 0.032384379740944
10 0.048180225794389
10 0.028985578225195
10 0.023837521282211
10 0.021520919283285
10 0.034557338563616
10 0.038961309588040
10 0.022682309783852
10 0.028303081153982
10 0.024786197977178
10 0.026664432519229
10 0.023087968473940
10 0.021453340239119
10 0.022106490099270
10 0.010440556355764
10 0.021835620421981
10 0.028746873561551
10 0.024009223254297
10 0.017780981137937
10 0.032655487470361
10 0.014823194498373
10 0.022423224449156
10 0.049403818150324
10 0.018938960172362
10 0.016854190470975
10 0.033503840447050
10 0.020994308245506
10 0.016332810697131
10 0.044644246316553
10 0.030498393555437
10 0.032371301941108
10 0.024581029599481
10 0.036950435932916
10 0.019595534367823
10 0.021169652019692
10 0.021737930480716
10 0.025589370825834
10 0.021656399617535
16 0.111666452553746
16 0.147957164972029
16 0.232147402375789
16 0.298589607857141
16 0.138682254035263
16 0.155638264455013
16 0.085860287938179
16 0.211342413563951
16 0.223503374046775
16 0.216153903824889
16 0.074821529460458
16 0.174411175721458
16 0.218756975516077
16 0.132068483964421
16 0.202345338668014
16 0.289426263509790
16 0.102204259406398
16 0.130457025172963
16 0.147292496884996
16 0.170351082684233
16 0.146989447869260
16 0.174919733567390
16 0.098717531701634
16 0.112015528070777
16 0.083545347719012
16 0.207118915625992
16 0.176115873242076
16 0.176269144314001
16 0.188703089837881
16 0.151746734458793
16 0.173699959721059
16 0.164305939454523
16 0.194211618835841
16 0.155646505697427
16 0.115110269822738
16 0.087964683829536
16 0.277699670841186
16 0.314062459046593
16 0.111880696205480
16 0.257105512373805
16 0.164728392122145
16 0.179210885789442
16 0.132487205629711
16 0.152113663943285
16 0.181325134874615
16 0.161201643036033
16 0.205234571909367
16 0.181850596810214
16 0.137595469308998
16 0.260016922710342
16 0.241103339201039
16 0.133048538158921
16 0.158003489663393
16 0.216314360454595
16 0.142814115828340
16 0.161523178080813
16 0.125891946454095
16 0.170179270561673
16 0.201402819682425
16 0.167163754237334
16 0.275622987612359
16 0.159811452300625
16 0.245981759139363
16 0.109089409412221
16 0.210762516897224
16 0.153385026004920
16 0.107461140121508
16 0.157779084796980
16 0.197957260957065
16 0.141413362875461
16 0.235717129664676
16 0.177428287409574
16 0.182710394482802
16 0.139638349349798
16 0.192137363347801
16 0.273434645286867
16 0.248282372700080
16 0.109721030555502
16 0.288593882703443
16 0.210774396201691
16 0.095004723746042
16 0.260262681768408
16 0.194807457519938
16 0.119562661063029
16 0.123799610055867
16 0.204278854211328
16 0.282532871760600
16 0.172662980601691
16 0.073853296021496
16 0.106798225036318
16 0.127082464996242
16 0.162235001024707
16 0.124852797582739
16 0.132029025384047
16 0.280864814717510
16 0.149753889900710
16 0.236247784813406
16 0.155247810349036
16 0.143986914900802
16 0.136513389414979
16 0.133147762154649
16 0.160363667710935
16 0.324353562989446
16 0.132406203435234
16 0.228316227836754
16 0.181717157063922
16 0.164631772766945
16 0.114228826944999
16 0.209220934108486
16 0.089937326192582
16 0.144735408463757
16 0.128931716589445
16 0.148917089976740
16 0.137748233011580
16 0.206321718714716
16 0.171579448521497
16 0.081223775048642
16 0.233167164885108
16 0.127467472060028
16 0.092097380889632
16 0.239385897011779
16 0.143809281416224
16 0.199582677109048
16 0.253080470386544
16 0.188632362049979
16 0.147870056821909
16 0.190577301448981
16 0.144573889212937
16 0.116551586824946
16 0.164146689783930
16 0.326182823054733
16 0.123671431119738
16 0.099143297739941
16 0.261545911654301
16 0.161815869634166
16 0.231549015376633
16 0.104817824590691
16 0.175434391971961
16 0.120164176061891
16 0.174087642900018
16 0.268589492737305
16 0.223881915968199
16 0.125980050551453
16 0.222451283755035
16 0.101666733993920
16 0.116566687784605
16 0.305175529198667
16 0.199237615365806
16 0.147587787419451
16 0.208789478316999
16 0.163230504814354
16 0.123217224471689
16 0.181302567185313
16 0.202441752351358
16 0.236002520866322
16 0.095461477538754
16 0.108966314606378
16 0.219720161018291
16 0.187228394368254
16 0.145331774295195
16 0.158480443609338
16 0.206312275244290
16 0.141468378460644
16 0.119723419488686
16 0.314175006707802
16 0.271058185996252
16 0.182022999274665
16 0.258654861712877
16 0.199843732549112
16 0.179442593322431
16 0.142508034285018
16 0.158859001962922
16 0.174005408015936
16 0.174151970304439
16 0.127665116627873
16 0.142863839721611
16 0.097357611567429
16 0.286889989379285
16 0.206527207408044
16 0.185888508600834
16 0.082023394490683
16 0.185660819589670
16 0.109938479903747
16 0.215503963663366
16 0.151931222304486
16 0.166891051271734
16 0.106224821640843
16 0.101961819337021
16 0.169530224573754
16 0.159155096751598
16 0.299572921311134
16 0.096889885182253
16 0.153426516004870
16 0.181982033279246
16 0.270987934749690
16 0.097016685244190
16 0.163735467312567
16 0.125707576982732
16 0.114609890158259
16 0.171827557323907
16 0.143801079766415
16 0.262433975073063
16 0.153525830627439
16 0.238204034016874
16 0.250507326202561
16 0.215627943637783
16 0.222159340072467
16 0.152233865300764
16 0.290727527247581
16 0.252854717695191
16 0.109498823413236
16 0.152361121443134
16 0.271058921527209
16 0.167708090109663
16 0.230315594172863
16 0.065062120986381
16 0.216936254896209
16 0.146828130291949
16 0.207723161306645
16 0.117519150241717
16 0.155083420617390
16 0.144552254630834
16 0.196547819834458
16 0.156933899280324
16 0.176742645998898
16 0.126948790937981
16 0.139012288191987
16 0.147320157591230
16 0.145808007526813
16 0.352615023156137
16 0.139173857343938
16 0.098005859999762
16 0.172920958780084
16 0.182836797264866
16 0.210060582620682
16 0.148025112687260
16 0.208903407763906
16 0.192100538311268
16 0.141778125782288
16 0.216920101500526
16 0.189399773353863
16 0.148671303024200
16 0.090012047453311
16 0.152551933596090
16 0.151973106523152
16 0.121635202596399
16 0.220130959730485
16 0.096508953771473
16 0.169900805438754
16 0.184992108099274
16 0.237784710022893
16 0.125989516357694
16 0.171359407008071
16 0.165606551693504
16 0.221722529469483
16 0.094888045915840
16 0.162218707988104
16 0.176252292815939
16 0.152175930346701
16 0.219347472978817
16 0.157702949972629
16 0.199274037839827
16 0.182265088542367
16 0.122347626435731
16 0.185565840657894
16 0.143008675813237
16 0.096788116039041
16 0.145060335375416
16 0.085014975844941
16 0.103874367351043
16 0.131814842496365
16 0.122620232368207
16 0.126239423036438
16 0.147714835916820
16 0.128500486581885
16 0.204123397430059
16 0.213428822709558
16 0.195941395032080
16 0.124533487988135
16 0.392146047726820
16 0.159381085234486
16 0.122103333070955
16 0.198241676672272
16 0.240243070613691
16 0.078357297771088
16 0.265360478352566
16 0.139936448287315
16 0.162425443536538
16 0.244033525167042
16 0.116370519504932
16 0.157525291157959
16 0.178992561195169
16 0.113937033534886
16 0.163741006377091
16 0.189176124087858
16 0.222958319410624
16 0.253303570222416
16 0.126516150615001
16 0.147805128165724
16 0.107847225009689
16 0.229948873002159
16 0.121677856234533
16 0.162935402916803
16 0.129905835301869
16 0.184081916988734
16 0.140256837772287
16 0.105011625495519
16 0.273276010806279
16 0.098987347874712
16 0.101865131962125
16 0.215460164975956
16 0.179128614405976
16 0.136033283603117
16 0.167228383673989
16 0.120034499985047
16 0.092229777373481
16 0.118303263005337
16 0.163625805335015
16 0.199589310452516
16 0.126969275679605
16 0.227241585224803
16 0.133050024056120
16 0.196180735609834
16 0.154878990889122
16 0.075392855565330
16 0.114537932300879
16 0.133351010834451
16 0.123573638550682
16 0.159302751471055
16 0.260351916367889
16 0.095051598508223
16 0.250707082996869
16 0.112702281017428
16 0.178754044688408
16 0.234653096423365
16 0.124021955624717
16 0.184703025777077
16 0.121459383747143
16 0.112041873795796
16 0.065956814451698
16 0.159388246444504
16 0.201401622953367
16 0.134494791827092
16 0.131521454723898
16 0.363598258759059
16 0.098608892630483
16 0.142048159958658
16 0.163520969806286
16 0.124642572371649
16 0.167510548800718
16 0.096627250899497
16 0.293624604615815
16 0.131486567904608
16 0.240783306392189
16 0.092709716066046
16 0.108067620527014
16 0.097809627446381
16 0.173409283460567
16 0.120455047091292
16 0.144654866014790
16 0.192144707534327
16 0.115024112071760
16 0.151601315238804
16 0.208302921281674
16 0.127140135145542
16 0.083660294153526
16 0.230185287130466
16 0.128421948623937
16 0.181311224777457
16 0.210220632582304
16 0.301336026318870
16 0.105333685097075
16 0.157742142854477
16 0.284268704899412
16 0.473313828994781
16 0.224956039120561
16 0.222739413889197
16 0.252226483962440
16 0.128676044801268
16 0.238774557195286
16 0.238079100627357
16 0.233806566990937
16 0.264265373694396
16 0.158610134012479
16 0.090938428921746
16 0.175894245813223
16 0.110214886153034
16 0.082726962058034
16 0.134888214042552
16 0.164489930477957
16 0.139350266046528
16 0.205747155097874
16 0.344872370389552
16 0.100355003396275
16 0.112359098674125
16 0.122485763658266
16 0.241504050474652
16 0.235926748191769
16 0.219304996312741
16 0.101690973119141
16 0.154695485527434
16 0.268162961608706
16 0.187758716500768
16 0.131698035244646
16 0.153110937870227
16 0.173123081002404
16 0.188821013438465
16 0.111625039461247
16 0.155559488546182
16 0.108024242338465
16 0.166597605957808
16 0.157218210173508
16 0.188369657379158
16 0.089758679480249
16 0.210201963306696
16 0.145595460489326
16 0.172090062924358
16 0.420474637987163
16 0.140356131495713
16 0.272458869058014
16 0.195571828966614
16 0.137525490192477
16 0.116711097232005
16 0.261131102616903
16 0.068710881535177
16 0.201996572561864
16 0.214760848420546
16 0.187501771946224
16 0.130845634948872
16 0.127950191037702
16 0.144959572109813
16 0.227639298540491
16 0.125365520572479
16 0.219007980591459
16 0.235507357110991
16 0.120369235231117
16 0.170039193722852
16 0.188482231551365
16 0.122330314991285
16 0.112579365310746
16 0.225221322189651
16 0.180221641401001
16 0.191149523227288
16 0.204368057954222
16 0.238598672356300
16 0.274065441289740
16 0.109695767562978
16 0.313866643656816
16 0.227192389746730
16 0.219282125261182
16 0.122723080002320
16 0.142185087529863
16 0.112813497710414
16 0.176019173712650
16 0.118984117891821
16 0.190785428841289
16 0.201474868142665
16 0.128169486552622
16 0.165748669718548
16 0.165642292287229
16 0.172702298815205
16 0.180307291558231
16 0.078483691846262
16 0.187713578261002
16 0.191268975559821
16 0.316940219508863
16 0.232350308466574
16 0.128318937550186
16 0.141617186545160
16 0.212968236511797
16 0.111383149734117
16 0.213439510683229
16 0.221577162194172
16 0.084500495233367
16 0.215133218866289
16 0.152551716757010
16 0.194927427772377
16 0.170497441869351
16 0.122336575402706
16 0.263760319639349
16 0.109047003051843
16 0.122626294313836
16 0.312975431446487
16 0.167043425902974
16 0.243538787325572
16 0.135961815996523
16 0.110320141859764
16 0.193573524580244
16 0.101175281703724
16 0.217926993753974
16 0.139006655006548
16 0.122170974390582
16 0.233658607518639
16 0.306330123178296
16 0.233780549710237
16 0.189278597082436
16 0.290014878401377
16 0.114613497294964
16 0.086854301011461
16 0.140675843566493
22 0.497957493838111
22 0.579581593914398
22 0.757864508660997
22 0.426862058248082
22 0.319583906305412
22 0.640379578338004
22 0.561298977680782
22 0.888146272622528
22 0.469926168573306
22 1.067847558749754
22 0.581924447824202
22 1.290839167297474
22 0.797540287202699
22 0.535709025073698
22 0.513301804510069
22 0.493156292282359
22 0.707481895875038
22 0.413387555644840
22 0.914335229953982
22 0.686548394067563
22 0.636209655077808
22 0.644385351189076
22 0.565849171068344
22 0.600063412816585
22 0.464309023164610
22 0.605688039428517
22 0.480528239496484
22 0.735201841031423
22 0.639692542523440
22 0.393376789095299
22 0.447204206845506
22 1.179918571487026
22 0.950239555044599
22 0.783399184724309
22 0.358836693098900
22 0.394968860050990
22 0.792661977970594
22 0.859376382254342
22 1.030770465230887
22 1.249739339218769
22 0.549594250803520
22 0.536020488965511
22 0.736972306206641
22 0.558659809368816
22 0.557129453098598
22 0.770211799358716
22 0.382758059736674
22 1.329281459330531
22 0.573766940783718
22 1.327170459737541
22 0.485725087328166
22 0.902015625603901
22 0.441795721604774
22 0.353118358431097
22 1.036184256894245
22 0.688962832809462
22 0.547600329951929
22 0.493909012984128
22 0.671585317734117
22 0.343009238441781
22 0.684545929607154
22 0.320259896244694
22 0.992740520459492
22 0.622256937486369
22 0.436181616397957
22 0.793167598016260
22 0.820954895933484
22 0.744692501688341
22 0.632832270469228
22 0.452278247997351
22 0.668990979616240
22 0.364897722277900
22 0.830448827133537
22 1.103089387191177
22 0.788648387302974
22 0.737572333266187
22 0.754220229751166
22 0.645723428701433
22 0.694503073437301
22 0.546232389940779
22 0.795631195507842
22 0.560809987881067
22 0.497798377144414
22 0.868905096127610
22 0.373357851144341
22 0.548792726692350
22 0.994916486913084
22 0.446093868704479
22 0.269801799340627
22 0.620355178502793
22 0.330060570967103
22 0.632406436600440
22 0.539707083900431
22 1.040556378111420
22 0.590076795858129
22 0.697099893638271
22 0.448376745068919
22 0.793145873954413
22 0.413301637996785
22 0.448749225291872
22 0.695929986806425
22 0.566613084349960
22 0.447397279057110
22 1.148944269924761
22 0.474082152196725
22 0.759948418693559
22 0.894803518136050
22 0.927808530553454
22 0.827869832917238
22 0.793298578442328
22 0.514172411401447
22 0.534602733688213
22 0.591986607892613
22 0.620493474210009
22 0.357835614893563
22 0.936449448094872
22 0.435714989300558
22 0.419641894888741
22 0.628600718109683
22 0.630699773111065
22 1.045346161198546
22 0.591047697548104
22 0.379297321511157
22 1.028698631460461
22 0.462847331882728
22 0.582301245013085
22 0.991353616067230
22 0.601668516904328
22 0.622024284627988
22 0.567149774952034
22 0.524791792798116
22 0.309111437408831
22 0.564491687518285
22 1.051803976063121
22 0.641930068185483
22 0.619119363244599
22 0.640591537857157
22 0.722206808917824
22 0.669741122552136
22 0.569708027505377
22 0.585825125723094
22 0.598217746630178
22 0.258820671209747
22 0.864313345201171
22 0.524221542129605
22 0.412375999635537
22 0.440944309997427
22 0.586511901813059
22 0.406615726629197
22 0.545489682686994
22 0.712815825503501
22 0.845055114507315
22 0.907464620863759
22 0.541441712231316
22 0.863205814324719
22 0.432368383246181
22 0.759599853665025
22 0.619212743956548
22 0.610476188704449
22 0.519522899403446
22 0.388609173704736
22 0.897690232648338
22 0.455249488448285
22 0.910201859315241
22 0.563686829158133
22 0.954720664867772
22 0.410813541815054
22 0.564364389889627
22 0.753943277669044
22 0.616168624236792
22 0.452408455273430
22 0.609966311956671
22 0.445626238280476
22 0.362896227327591
22 1.245185535256547
22 0.356493642636361
22 0.517791263245752
22 0.536163262890559
22 0.570735860539278
22 0.478619688363478
22 0.539436604373218
22 0.617135492680614
22 0.629783385649303
22 0.640380131176102
22 0.635399035848193
22 0.427652426316557
22 0.417078912981886
22 0.672510155203032
22 1.026955768618942
22 0.765168052703147
22 0.503398898321029
22 0.747347367969657
22 0.490746851982346
22 1.232261309725179
22 0.830663150738748
22 0.682798838715413
22 0.403578036959893
22 0.537833705763879
22 0.714857156584908
22 0.465818846383196
22 0.585804252635209
22 0.390151297828299
22 0.869887768517285
22 0.300127806401103
22 1.150785904505519
22 0.946448800981871
22 0.687726890888954
22 0.983841401505222
22 1.552529120430186
22 0.459384231222774
22 0.798748838149878
22 0.533294388693233
22 0.867713097841720
22 0.587344588673365
22 0.556866917511617
22 0.403465978173831
22 0.573679986076390
22 1.125059542949286
22 0.414700163313618
22 0.941395861269210
22 0.702631950083908
22 0.411790899948736
22 0.542775366842615
22 0.971480150808562
22 0.414641565730183
22 0.540300352977397
22 0.847707817941384
22 0.795512227797619
22 0.585062741732737
22 1.136204013971595
22 0.451878691163856
22 0.421432079294120
22 0.824699728163053
22 0.501689261063846
22 0.794088944333177
22 0.407679030717467
22 0.383096881692996
22 0.701007514004136
22 0.666098865719131
22 0.580071740550732
22 0.622309091032685
22 0.528801025823067
22 0.796987783142782
22 0.767127399975741
22 0.385771452069950
22 0.500417394889918
22 0.617502506518802
22 0.652871242971758
22 0.841685538463290
22 0.713509974740643
22 0.519789496122549
22 0.527401970913662
22 0.372543897264980
22 0.461390378111173
22 0.562140893485941
22 0.657329996051695
22 0.423548379491619
22 0.402400720849614
22 0.400379484822688
22 0.542126267944207
22 0.493789804885541
22 0.830510091422615
22 0.781133334573406
22 0.475486455942885
22 0.388500801028580
22 0.770545069683652
22 0.885341142412240
22 0.513583423853272
22 0.299296309549358
22 0.430628449061144
22 1.123967839998164
22 1.085831086801864
22 0.340125583790781
22 0.298218722127456
22 0.384604378141660
22 0.308748959536486
22 0.482335995615334
22 0.449858903426928
22 0.681312704244623
22 0.475404399791259
22 1.009236584757915
22 0.915399503666971
22 1.001877763271299
22 0.684184062556480
22 0.869801858894156
22 0.483969207680431
22 0.541511212074407
22 0.524634942409440
22 0.523666371969924
22 0.378704168379361
22 0.599281921311226
22 0.745264785364179
22 0.859876333647305
22 0.725580717663678
22 0.563183550893513
22 0.357891400157553
22 0.553897331605989
22 0.429917140490242
22 0.804174121295461
22 0.354013176974688
22 0.545476356208612
22 0.704919496070653
22 0.768162972254638
22 0.981955670492753
22 0.752418732889037
22 0.733626481677155
22 1.362348471603446
22 0.393818300032951
22 0.788161295242214
22 0.475967533545888
22 0.637065968253337
22 1.147186580567212
22 0.618327212906466
22 0.772715302594251
22 0.525908479980107
22 0.619059289451476
22 0.518045368311243
22 0.508487736335574
22 0.588052173928625
22 0.556316672899748
22 0.530016629213568
22 0.580220431301133
22 0.481634614050070
22 0.668709911310566
22 0.756267998998687
22 0.541759894330883
22 0.422579897364113
22 0.798881243511378
22 0.484920483421623
22 0.523399805319776
22 0.446641802390827
22 0.877068554027084
22 0.745993003118265
22 0.859721593774866
22 0.750515708180282
22 0.517805001531898
22 0.403840110397009
22 0.556843552836456
22 0.415737738128745
22 0.452511868200861
22 0.685009583683326
22 0.424882945437691
22 1.297231558790684
22 0.727375278570642
22 0.632502553333113
22 0.415518771164466
22 0.619419375487718
22 0.335547488998244
22 0.511851472016375
22 0.512454990581495
22 0.590281088971165
22 0.683678132785045
22 0.754725095465896
22 0.585477377909677
22 0.348921274442320
22 0.665895728618432
22 0.256917511222415
22 0.505715853154715
22 0.394234062623672
22 0.358703868805955
22 0.631319127873282
22 0.452885720903029
22 0.383161426078830
22 0.564486586116038
22 0.591328963367816
22 0.723373096067424
22 0.343430230552988
22 0.738767851574561
22 0.700488272694358
22 0.767534909676149
22 0.746835052898926
22 0.780709877810898
22 0.579433953425836
22 0.625942704557264
22 0.470647505346843
22 0.595239180390640
22 0.544254278154597
22 0.512170595458745
22 0.487479457398197
22 0.593843252610193
22 0.672379414926513
22 1.108099356351402
22 0.827447550343646
22 0.691335222219925
22 0.579171849216312
22 0.517267332126200
22 0.483416907898738
22 0.645829075609587
22 0.433950239656633
22 0.661542872331828
22 0.439449859428076
22 0.611827066745132
22 0.512594668879588
22 0.400231443141290
22 0.719399863863554
22 0.793997286702522
22 0.745423580742591
22 0.464969067694564
22 0.963920512847979
22 0.380330151100624
22 0.548813628483326
22 0.986672172589697
22 0.507002414572066
22 0.455460070036090
22 0.545483087990308
22 0.736638694797783
22 1.222565406155852
22 0.591685441082041
22 0.549263462787448
22 0.650513694996621
22 0.912254035041427
22 0.549695354038739
22 0.522851216620361
22 0.472982631162837
22 0.406714148599093
22 0.925075992761400
22 0.430976138682680
22 0.839804362741806
22 0.638830366516897
22 0.393851267017073
22 0.893930708947696
22 0.513999353052956
22 0.656512124386790
22 0.507174456694564
22 0.752125357372088
22 0.880529194865123
22 0.494784195795118
22 0.641034715857311
22 0.668999545722370
22 0.432331455824276
22 0.652142206444264
22 0.620019339211375
22 0.522943896583375
22 0.329121311359875
22 0.573406195916925
22 1.107670536480630
22 0.391850724423019
22 0.437600267624988
22 0.599271877333012
22 0.561938551347539
22 0.540973163965463
22 0.684473331775364
22 0.390518437462206
22 0.826414066187361
22 0.972087211497725
22 0.608695061721685
22 0.853219602738571
22 0.545540325110932
22 0.659249753039813
22 0.709303400448341
22 0.420885014142161
22 0.677690514877396
22 0.382536682314897
22 0.343941730003742
22 0.763539359192232
22 0.734647745455412
22 0.514929574946277
22 0.729371190768330
22 0.950728198184920
22 0.571442039295937
22 0.792775909959722
22 1.078352103909091
22 0.938900235588408
22 0.328051875537078
22 0.508793316152614
22 0.722907141291294
22 0.588416060562769
22 0.529467509764062
22 0.409006059409715
22 0.848843052433697
22 0.834994577554698
22 1.134545065651884
22 0.376983021906420
22 0.687658248382812
22 0.851209332533032
22 0.476069438305299
22 1.214067086139961
22 0.813317189230398
22 0.711779260416024
22 0.791921995987090
22 0.437714160028036
22 0.459143993202315
22 0.988559511253069
22 0.718335750945969
22 0.634807184634735
22 0.641639772785002
22 0.919898414049891
22 0.404003789182160
22 0.699731722678663
22 0.447479526782111
22 0.473690614360320
22 1.184946387604004
22 0.714909856202331
22 0.785335332362686
22 0.515564285511124
22 0.960255269457339
22 1.034342930622068
22 0.523469308120945
22 0.533577578728766
22 1.264598512795318
28 1.483546574549296
28 1.888546537298537
28 2.171666441370810
28 1.243394786850945
28 3.561070819240074
28 1.465014302553214
28 1.023756743404339
28 1.402908869276065
28 1.279536605102058
28 1.932278942841518
28 1.261802792034973
28 1.854905372685455
28 1.197131671054861
28 2.359111015937325
28 1.366002741590556
28 2.849512113723160
28 4.082807901196341
28 2.304631610477607
28 1.347177757441393
28 1.589637212913249
28 0.912003138000577
28 1.197471719626820
28 0.874341889108520
28 2.027422163645228
28 1.432738455813733
28 1.776913983311253
28 1.667532267473050
28 1.012571437572141
28 1.368817675708631
28 1.649768318822701
28 2.110974802082906
28 1.267075828671486
28 1.626470934461478
28 2.922371590390452
28 2.361284976840692
28 1.242119561130306
28 1.949305648590562
28 1.360967764622806
28 1.256048021071825
28 1.570427297474159
28 1.002419364643401
28 1.268754798101657
28 1.222661756623733
28 3.164343119735203
28 1.224429030134540
28 1.497898425783517
28 1.774269379030371
28 1.615501332656375
28 1.040831469337905
28 2.001148157945011
28 1.323083771521507
28 2.034829182484141
28 1.666916399394216
28 1.745110738062040
28 0.762288550363776
28 1.310441817112146
28 1.113394667725793
28 1.472080382602886
28 2.326210004790505
28 2.854071826896800
28 1.003406012297556
28 2.971495958886686
28 1.434996179773228
28 1.356815691219476
28 2.041614736562295
28 1.931097837472604
28 1.196715019224312
28 1.440904467199030
28 1.243707883338514
28 1.503692189680094
28 3.776306762960432
28 1.793086915958918
28 1.446470702207976
28 1.774086597569435
28 1.754120151538428
28 2.191483209101135
28 1.824164900698340
28 1.774557287763118
28 2.594416721673039
28 1.294969501641999
28 2.095831475494887
28 1.421963903550029
28 2.076639663196085
28 1.211288016999678
28 1.804725130361214
28 2.440465259393369
28 0.938658616148445
28 1.347494208735943
28 2.449573129501053
28 2.640133394172808
28 1.121137412534541
28 1.195820057004358
28 2.196791130444255
28 1.702444451525991
28 1.162110237954090
28 1.744071155730146
28 1.107592263099675
28 1.673504897032578
28 1.718309842463328
28 1.701025945082969
28 2.058295812954452
28 1.076403525389320
28 0.993345366849465
28 1.607732944786029
28 2.799332249293459
28 2.625597033937639
28 1.183514765968845
28 1.149564700773628
28 1.569559083079656
28 0.833679910347786
28 2.037699055220271
28 2.685300967332160
28 2.157690020350029
28 1.243745888889429
28 1.053177206666093
28 1.151657368885171
28 2.762903669508323
28 2.171825821573153
28 1.673847997359065
28 1.696541733857931
28 1.032267856962483
28 1.266764365425010
28 1.225444394554756
28 2.664369430036357
28 1.613542335080914
28 1.214003108269624
28 2.870626936120765
28 2.154277507536687
28 0.825867022948553
28 2.053898052788803
28 2.138847336702167
28 2.064224685060389
28 2.109129268064690
28 2.227910896960732
28 1.526515117273858
28 1.195185432330603
28 0.724352043794389
28 1.046636231242823
28 2.730795691629876
28 1.357157658654963
28 1.883564737581839
28 1.520161496096237
28 1.609684803673316
28 1.501729050800193
28 1.202358397090030
28 0.825888424121282
28 1.617252854912804
28 1.102313272233062
28 1.747293966527327
28 1.244855563442044
28 1.700582847101061
28 2.098054785133265
28 1.496672142239476
28 1.043871090545299
28 1.964889782993850
28 1.313721515247432
28 1.264253550661825
28 1.368798568637447
28 1.544836010759912
28 1.958972608986215
28 2.151164157940726
28 2.439796855417167
28 2.236223014697196
28 1.095699801645919
28 2.288964586218325
28 1.666377026083897
28 1.426691402659947
28 1.702974796217241
28 1.766299877612157
28 1.849609418505967
28 2.454488981490399
28 1.002109355140091
28 1.722740525017260
28 1.460773471351206
28 1.063958455177996
28 2.672405260638849
28 1.205678358311778
28 2.155203382404950
28 1.133124760963596
28 1.455553074145300
28 0.856359527234790
28 0.832879650875248
28 1.960865680209265
28 2.316389677029234
28 1.139822124331719
28 2.694609797085965
28 1.740542614797091
28 1.343673532961358
28 1.834690174337624
28 1.447771776165231
28 2.573343622090120
28 1.463406251159252
28 3.310306384424154
28 1.890006549852661
28 0.853219337167688
28 2.027133964105895
28 1.187157158964666
28 1.425124118520329
28 2.988529056086917
28 1.261770345262841
28 1.818191695363336
28 1.133058269111404
28 1.043249287817816
28 1.409746986901234
28 1.678628096278919
28 1.966374396124072
28 0.947731267326896
28 1.381407953259138
28 1.771625556551824
28 1.462534418076130
28 2.638749164830998
28 2.180565226553520
28 2.262427522929492
28 1.782423572682220
28 1.715962566391638
28 2.017209432507409
28 2.736764236866307
28 1.096661211255912
28 2.140156981694302
28 1.470252824029836
28 1.432153915937321
28 1.921747754536491
28 1.430135853431340
28 1.513655876379468
28 1.407442888142276
28 2.099082620260444
28 2.465835848330126
28 0.985826937696441
28 1.128229464643430
28 1.337084817477765
28 1.519851461411951
28 1.595622478708918
28 1.181953389243115
28 1.495487812033249
28 2.750084198719735
28 1.211970289536605
28 2.099662364178110
28 1.336397420305568
28 3.077422663085792
28 1.775645674686976
28 2.804268560221237
28 3.128481247126448
28 1.924414769095631
28 3.199866926840804
28 0.854651671794716
28 2.231006622389046
28 1.453722463948836
28 1.988311002372753
28 1.403482927803561
28 2.199886562044736
28 1.246725377063182
28 1.583730730913478
28 1.281714825705994
28 1.719487176446332
28 1.451425856137475
28 1.290770070832125
28 1.618756285435021
28 1.676886270090414
28 2.526590030520395
28 2.207743080390816
28 2.024259914149033
28 1.409335695304517
28 2.899790189368227
28 1.481176103371872
28 0.963244499180463
28 1.439944333758146
28 1.515358483806548
28 1.412604500400326
28 1.548191202423444
28 1.842739531689777
28 2.138234374511101
28 3.738623751506778
28 1.383583225563138
28 1.477855361248523
28 1.815614698545168
28 1.890139098148865
28 1.277975594940119
28 1.112113904707791
28 1.289863391545961
28 1.126842535088788
28 1.485637048720220
28 1.818598038869671
28 2.020669681080581
28 1.248357847722047
28 1.635254628759585
28 3.458728507956521
28 1.601395601435527
28 1.756360108299836
28 1.818595837871678
28 1.364372196654845
28 1.515080723146865
28 1.706426184790860
28 2.653962750668717
28 1.814291424484971
28 2.457782534763380
28 1.310801584673888
28 1.393612873374339
28 1.508440183073814
28 1.287628491070811
28 1.762087596683882
28 1.690155174904433
28 1.661724529974251
28 1.313058571815933
28 2.261796133056585
28 1.246638573621741
28 0.807046943725225
28 1.577824841256824
28 1.946617418129162
28 0.951915513134383
28 2.276673025357280
28 2.128231715461094
28 1.454605539203814
28 2.233515696357150
28 1.924488072553985
28 2.390516057713501
28 1.021398323515857
28 1.567894878727452
28 2.188941428501224
28 1.533320463522283
28 1.124175877397282
28 1.813338638032993
28 2.031015116544392
28 2.864164931100938
28 1.341294497663185
28 1.582602251073800
28 1.178863420953159
28 1.841454477985008
28 1.023641957514063
28 1.128141830651467
28 2.503686201466050
28 1.352383985628490
28 1.873238280480941
28 1.440646714310992
28 1.288101787371721
28 2.369213096497342
28 0.899969548228637
28 2.126058304745952
28 1.248574871828819
28 2.783087859965066
28 1.878994387249980
28 1.174879192803171
28 1.448783935128129
28 1.464379290072451
28 0.973787736522801
28 1.615803070880077
28 2.615893335289949
28 2.465172164930992
28 1.387542361234811
28 2.934609302530765
28 1.631251732516440
28 1.829538963776177
28 1.603053148321486
28 2.497563109195746
28 2.973110578148120
28 2.995173297579755
28 1.139191879188335
28 2.961223258487823
28 2.958858745005907
28 1.072957119201631
28 2.425498811865754
28 2.426251273195303
28 1.255052867254800
28 1.670822683996640
28 1.754838956231893
28 1.353172093614154
28 1.846546870088155
28 2.064929306096912
28 1.685673103212597
28 2.342758699442217
28 1.467925638785254
28 1.110537575609825
28 2.038729309726695
28 1.315434202461423
28 1.634483356989604
28 1.007510838818335
28 2.591431696844590
28 1.718442563968649
28 1.110761814425086
28 1.102397895947459
28 0.915252803077791
28 1.548718814626326
28 2.004387674220936
28 1.059108635547183
28 1.737754889330276
28 2.806012547033521
28 1.761063404290651
28 1.414864697336630
28 2.187289162771740
28 2.048054584269620
28 2.346729245354090
28 2.226905427508147
28 1.768116327415788
28 1.504954715953089
28 1.331150428729118
28 1.202888198959761
28 1.582402872383137
28 1.510760302830486
28 1.626983653726115
28 1.263886786651765
28 2.800911836480461
28 1.218455176758393
28 2.468594890348294
28 2.097975987216209
28 1.937264110175519
28 1.953402022023315
28 2.578268669939685
28 1.318078621436688
28 2.875920137300321
28 1.603938481892338
28 1.444475901698514
28 1.679469038492922
28 1.222739914484957
28 1.180741239181217
28 1.204731366900104
28 1.430049149235077
28 1.726212136052585
28 1.235870543577374
28 1.217203841308861
28 1.112393616074797
28 2.660135488619001
28 2.442343049027966
28 2.054009730004451
28 1.568277586878826
28 1.903442722515130
28 1.988145190847836
28 2.297245628605153
28 2.459595180137991
28 1.248526709401333
28 1.064319932010604
28 1.032963103463005
28 1.527690290885682
28 1.287804147679592
28 2.693814629385747
28 1.821057337323484
28 1.124666468857236
28 1.142805879321728
28 1.222876477828982
28 1.818599593163460
28 1.036276470763325
28 2.304096126948493
28 1.135661840880949
28 1.273751472456224
28 1.678769594210524
28 0.831027059384680
28 2.205680157512893
28 1.924400525856711
28 1.672310717389522
28 2.548859906365680
28 1.108605341780333
28 0.813837030138514
28 1.277703278526206
28 1.205564470930779
28 1.893583290358936
28 1.427426607832936
28 0.929115055533699
28 2.084627762312100
28 2.004212330539922
28 1.294799742576463
28 1.640038115951428
28 2.012931686297795
28 1.782857410761596
28 1.748867519859538
28 1.676203570084525
28 1.591371144667717
28 1.764692831587077
28 2.355529320833346
28 1.049831630844790
28 2.584949096536550
28 2.378760705960989
28 1.233594358736235
28 1.107296685541996
28 0.947159700800825
28 1.275640337939373
28 1.378391433963590
28 2.009710888721405
28 1.589891773339319
28 3.171244997176379
28 2.223420190344611
28 1.786111623206723
28 1.672156875909197
28 1.925600073590925
28 1.201094290578291
28 2.142545847987122
28 1.596587369596127
28 2.971252957883783
28 1.399795227244261
28 1.442706106847410
28 2.413406166470837
28 1.176959164556369
28 2.398644792280113
28 1.147589095612067
28 1.205371986734540
28 1.187782742613753
28 1.494359923695602
28 1.461436731743001
28 2.036315955939922
28 1.398067085767562
28 2.072166729171097
28 3.927226379663816
28 1.467448779674042
34 4.738348544478727
34 3.794099667822183
34 4.156560189986255
34 3.314657923859131
34 3.869527251684729
34 2.658304713480089
34 3.283040898544352
34 2.014829578962508
34 3.478988226980430
34 3.537116336140179
34 2.720345853645732
34 5.504093457029462
34 4.355665862863133
34 3.803015417154988
34 5.735241674315048
34 3.629725212205917
34 6.112406306870590
34 3.507559577447567
34 3.641529251955845
34 2.521329758430007
34 2.596947265340324
34 3.550587913870723
34 2.921294134183771
34 2.676047084740476
34 2.802140351104070
34 4.227776271655252
34 2.734520681170880
34 3.916273838224632
34 5.797199779361762
34 2.771011814392169
34 5.935323307632589
34 2.932298965430611
34 3.643191622122881
34 5.118144655431711
34 2.914871528752241
34 3.351561711084709
34 2.369775707605858
34 4.754215067651518
34 5.989080812805154
34 5.293538481856196
34 3.775822379061194
34 3.064369785514624
34 1.919961160044165
34 3.083125392125611
34 4.808851867249950
34 3.068974019455323
34 3.977214316625687
34 3.630124497813743
34 3.563934359647038
34 3.073297343455389
34 2.902355480368383
34 2.944379989687078
34 4.403369761582595
34 3.941874861762316
34 2.917672033702280
34 4.245024740275665
34 4.314447270490406
34 3.189729967460866
34 5.456108867456842
34 3.221070052032441
34 5.710755583468756
34 4.284962441099536
34 3.851686001963598
34 4.140820198293869
34 2.374971165781718
34 2.809686614959082
34 2.428257493292393
34 3.816339654176215
34 2.670585026027360
34 2.405746309399304
34 2.814779183495631
34 6.272214631368951
34 4.371747415207881
34 3.872252749550140
34 3.692962739828025
34 2.795174955000289
34 3.000890671161837
34 4.129861397698569
34 2.998754676722124
34 3.043444447294589
34 4.773361948708773
34 3.234473225584780
34 2.504822536927628
34 2.476859818183146
34 3.362464050581559
34 3.669182837709666
34 3.540340464943511
34 5.599667647164025
34 2.695665998492342
34 4.828019723488955
34 4.218254384586329
34 4.788649069453658
34 2.555617290078153
34 3.737642521922082
34 7.938193573608464
34 3.933158422361334
34 1.806712292164823
34 4.236335360795736
34 2.498237540752875
34 2.440217316751862
34 4.205085665453403
34 2.117221488659617
34 2.073111755954040
34 5.084963724136805
34 3.772070241078075
34 2.494800361661337
34 2.004386852433368
34 2.868188172013953
34 1.950403565554048
34 2.112978051050274
34 3.764654093798598
34 5.410989014770710
34 3.171239220678206
34 2.643058169560902
34 3.061931876393039
34 2.972500875615244
34 4.519779591700038
34 2.921470788057552
34 5.405498914467383
34 3.770327648139130
34 6.137189028843533
34 3.762859135505563
34 2.959471668420231
34 4.249682730497442
34 3.855785563649627
34 4.722999301705567
34 5.087845163971458
34 3.436991122857248
34 2.280330837120696
34 5.003086870222141
34 3.657622439632711
34 5.318945570686684
34 5.428394973951889
34 2.522663589043004
34 2.445385885428325
34 2.302932197002622
34 5.948774828765611
34 5.025795581744527
34 3.848640863524991
34 4.086203001304979
34 2.253485539224333
34 2.593970796045715
34 4.515349522725222
34 4.151780129932753
34 2.598029443327839
34 3.583812808735167
34 2.966546382799668
34 6.935988503728668
34 4.090382464473975
34 5.854839033550411
34 2.916823168136845
34 4.992894174880325
34 3.220989400988441
34 2.520541428250004
34 4.259975453310160
34 4.159017205124230
34 5.379791575247271
34 2.766951139308883
34 8.948261927420333
34 4.569925701422481
34 3.968911812575166
34 4.057380935338323
34 3.769677624653999
34 4.880815929142246
34 5.617701650812514
34 3.737856418209084
34 2.257249413323999
34 3.844453479415965
34 2.509927409897588
34 4.274515053283751
34 4.177807158445884
34 3.125792592521589
34 3.426262933447480
34 3.915169382968649
34 2.428364616734588
34 6.340653147994742
34 2.726567518719356
34 2.495557148713019
34 3.806511133727088
34 2.350104850379675
34 3.128604330203953
34 4.429503527018034
34 2.233869109795830
34 4.810613173411607
34 4.667390762306666
34 4.489905607815116
34 4.206707389254802
34 3.061568889308965
34 5.313691888933627
34 3.698950344875327
34 4.578729937638597
34 2.745961741066167
34 2.708276818166406
34 4.908708646734688
34 3.318947275828416
34 2.056528367250690
34 3.057770423773371
34 3.747102008281003
34 3.731347036944488
34 5.103617864130443
34 2.168612632374266
34 3.494133282610031
34 2.611349983043866
34 2.197364745026012
34 4.403442111048141
34 2.526389053734104
34 2.866131317021657
34 2.737851885544641
34 3.196126014550325
34 5.852573867434007
34 2.005377384272815
34 2.429581601496218
34 3.080177747185934
34 3.051819487329933
34 7.299599596807901
34 2.767127555464680
34 4.071411700866380
34 3.531455238298824
34 3.863943060384995
34 6.400348077491017
34 2.114212760258821
34 2.994903695994123
34 3.759704481777090
34 4.811723157661706
34 4.248761197060976
34 3.400781615892564
34 3.706312982594141
34 2.059341703372914
34 3.362316712647409
34 2.990854759871060
34 4.524714611488201
34 3.337452053199519
34 3.460349481622928
34 2.647464790260023
34 3.851346643727432
34 4.222186578745808
34 2.997373352149461
34 2.040529976247631
34 4.037071650899251
34 5.163711673570915
34 4.135152412655507
34 2.942102306330953
34 4.749230951506687
34 3.018279654895411
34 3.833201690061448
34 2.370418166680965
34 3.248621267605863
34 2.966334270318202
34 3.166116401766599
34 4.554874652148452
34 5.218116248033027
34 3.778543595620829
34 6.844603942993896
34 2.790940604243442
34 4.815582510449165
34 4.289060477629970
34 3.320177820396188
34 2.732964021712461
34 5.667075725919341
34 2.646928883714973
34 5.655755091850290
34 4.893536391763594
34 3.867313907101622
34 2.557968021077811
34 2.026921853707043
34 3.814532061807872
34 3.635008095141538
34 4.662606334106273
34 3.423270846998193
34 4.087062923975914
34 4.640235982330660
34 3.629998419982842
34 5.667631132312090
34 4.840984341437658
34 3.072799213603322
34 5.991784748143508
34 2.888777447892269
34 4.474262560171244
34 2.683008586731040
34 3.198149626530757
34 4.200840091733928
34 5.378624463799411
34 2.314012388469315
34 8.213688938474689
34 4.307541805866841
34 7.012940551408284
34 4.727896947738143
34 4.268497628752804
34 4.641032799035981
34 5.773122693754327
34 2.006728876342850
34 4.968741537305832
34 3.098474094761245
34 3.594888042417844
34 3.015699230062237
34 2.848081065589784
34 3.912505132662869
34 4.452809115492644
34 1.796884859022131
34 4.448589894200013
34 2.917979475117214
34 3.430427084031474
34 3.918569838588639
34 5.436018104604551
34 3.068087302911151
34 2.680706002924957
34 4.144281425793318
34 3.923401731938720
34 7.837354999038222
34 2.611957802411176
34 2.947794414664708
34 2.721395627566648
34 3.244858702227292
34 4.251583915238299
34 3.864013859825413
34 3.930441528564854
34 4.311652279621989
34 3.185960141154008
34 3.644679859964337
34 7.164940633993449
34 2.052189867033780
34 4.287571638583803
34 2.920018798920800
34 2.260414180606401
34 3.176334163641480
34 3.140965357965203
34 2.775828402357535
34 6.535080658112440
34 2.707711273657091
34 3.127951174237627
34 9.630203407949399
34 4.253928890199751
34 5.351183165200826
34 3.888846370271926
34 3.614665021801104
34 3.230011643678116
34 2.418307714458391
34 6.133847295619729
34 2.339899551389368
34 5.532050750576813
34 3.432158412451344
34 4.574681268251577
34 2.663711879905192
34 2.269451400516291
34 2.250207446720712
34 6.141996569575033
34 3.993688818116668
34 1.946404209364427
34 3.217764318291154
34 3.308990662132635
34 4.719569253914083
34 6.743807658216262
34 2.032138237502531
34 2.876142864000737
34 2.802385101045495
34 2.996345784422727
34 2.137945307507765
34 3.966180151043528
34 7.319817788638857
34 4.759619090235718
34 3.127070175143950
34 6.915885713777290
34 5.556433690112148
34 3.721976140180350
34 3.738652959123459
34 7.270472755009115
34 4.247102570556232
34 7.351010648188255
34 2.129801307416792
34 3.408927327613617
34 6.765530228959994
34 3.684168686121882
34 2.164624001585688
34 3.634661725602455
34 4.150981667593332
34 5.604266229611393
34 2.951517310717086
34 3.186392615193408
34 1.993362968727499
34 3.886285433035205
34 2.258980387849353
34 7.353117615116461
34 4.130760151341174
34 2.401818477255294
34 5.428912981477592
34 2.443147115852697
34 4.656915038232299
34 4.095926298403684
34 3.644254249017020
34 4.441640704509801
34 4.566134571686653
34 3.212998269688851
34 2.519225242611514
34 5.688581566422397
34 4.125609212265958
34 4.228051357467612
34 2.429992078683999
34 1.703605197489094
34 3.572148271519089
34 3.444025926897625
34 3.291800628721382
34 3.081771607629740
34 4.231423505509973
34 6.146048342947210
34 6.933587182937124
34 3.899401836300673
34 2.546089611741214
34 3.161218978515531
34 3.995413982070508
34 2.576386975010870
34 4.489730135424542
34 3.597822692876805
34 3.621477435065163
34 4.242724028592205
34 5.823728732262150
34 3.920954484594176
34 2.761084914777014
34 1.879400378536157
34 4.696518034461735
34 5.150498160230798
34 3.551166360194974
34 2.434068042181605
34 3.393115737996152
34 3.162664956825857
34 6.902796505491235
34 3.787941579892719
34 6.622228255237877
34 2.687838237021792
34 3.528703076033481
34 5.843719917436855
34 5.340875014821063
34 3.675561652760659
34 2.918744807689502
34 2.830020652031753
34 6.490026229349133
34 2.396471682555575
34 2.563395278489442
34 2.765960174249855
34 3.572336945784909
34 4.549438669395847
34 6.705111185192433
34 3.158053625646705
34 4.143364537049464
34 2.625226075005986
34 2.098937821886340
34 2.020497378986526
34 6.011856252979213
34 3.970998506737415
34 2.682285981249681
34 4.240348942089478
34 2.466765321553142
34 5.051166431163510
34 4.896749499676752
34 4.306514593310705
34 5.540444089506440
34 5.301254320044296
34 4.113224604665183
34 3.339115799976185
34 5.560652977549458
34 4.944903579147504
34 4.751867029222770
34 4.529384731593772
34 2.057478725695966
34 2.442068121221530
34 2.443848865601109
34 3.972365816891833
34 6.950907589837483
34 5.262742020065787
34 3.826885790258547
34 3.017859912760002
34 4.265854528010098
34 4.209245210438865
34 4.032067923854282
34 4.449813982232969
34 3.629167075063539
34 2.131527684537085
34 3.788664846474111
34 3.757477735794646
34 4.042562566465570
34 2.213270468949909
34 5.599053584735705
34 2.388939609274526
34 3.334594143608214
34 3.648515215231257
34 2.330728835482374
34 3.069542083317834
34 2.281917196065401
34 3.494563949672508
34 3.641964860146092
34 4.541422677365991
34 3.554807771223056
34 3.660997778341051
34 5.719206187948388
34 2.945146055668199
34 2.869631655698846
34 3.921756535796254
34 3.501891487774005
34 3.922229103819747
34 4.704351920522288
34 4.843083762613183
40 9.700320897966504
40 6.768261152544612
40 5.536785032416393
40 7.718387547986541
40 4.509430231088730
40 8.217351785323961
40 7.648118295202059
40 4.569739206272311
40 5.142549712864806
40 5.541957480787099
40 4.867411945873087
40 6.970936206107092
40 6.563436495880710
40 5.376150783874809
40 6.845130240139364
40 7.551184340102980
40 7.903257096474661
40 8.043059750396711
40 12.681387468691808
40 6.833896230463015
40 6.868340037394235
40 4.081693785569952
40 6.067434243106232
40 7.465456497249503
40 6.532168437051301
40 3.552433754246632
40 3.853802961422954
40 6.843433611211507
40 8.312205967773520
40 6.985900906801679
40 7.896592040379591
40 5.837667778245741
40 5.400840151867607
40 12.194387356078401
40 4.474849619079013
40 3.852222954570202
40 5.557294996350064
40 8.894448886941602
40 6.721475219923269
40 5.777598968521884
40 7.772842258508449
40 7.644735267844233
40 4.965619420817324
40 6.550824033003670
40 3.889082865187058
40 7.703695731303386
40 8.149594313913610
40 6.659687715500509
40 7.552151636874910
40 11.730207625658517
40 9.376762929119343
40 9.272801147064355
40 5.835639483530182
40 9.392142750120803
40 5.841354286082826
40 4.802079608321847
40 5.848387145350562
40 11.145666020134360
40 5.278583826954102
40 10.493547050274231
40 11.575136888753169
40 6.045619995287110
40 4.684419615686395
40 7.884583843663307
40 5.133422290018300
40 10.373986085151092
40 3.210512469111741
40 6.839350590703119
40 4.946988497993230
40 6.158575964803164
40 14.771545303739828
40 13.463663796652769
40 7.790468084286793
40 7.399022574534206
40 12.489763398160996
40 5.395534108667384
40 9.421577327250928
40 8.751342984762529
40 6.178787106780613
40 9.090107473709725
40 9.060268434681872
40 5.283546285818645
40 5.908347759525775
40 8.194243489959616
40 5.483009023451354
40 4.884262107732873
40 7.869115568908695
40 5.109254186192382
40 9.337340585643114
40 5.062157322298633
40 12.083826450723819
40 4.270090352639269
40 6.465000580959707
40 7.777311507766269
40 13.544179427503355
40 11.001250671532347
40 7.786054402389162
40 5.222335088494509
40 6.335522865689514
40 15.493626168421310
40 7.808028730626173
40 5.541832369399575
40 6.656107303589712
40 7.335801629782702
40 7.184532080822311
40 7.774570398709134
40 11.881469475809586
40 7.898590486188160
40 7.467084099928280
40 7.454253490235820
40 7.797023727128032
40 5.682981961253939
40 9.885675822690397
40 6.662511849043359
40 6.365212650644540
40 9.770403318655424
40 6.490534238789810
40 5.576634948083059
40 5.496286859820204
40 7.724312535889313
40 6.862807878392519
40 14.866405555271186
40 7.832545853435704
40 12.075570995380122
40 12.428603051919948
40 9.161189038454793
40 4.573188632186513
40 12.588928857308229
40 5.125970473617521
40 5.045411785990797
40 6.489710211698521
40 4.795110537994220
40 9.436747048881328
40 7.244272253255076
40 8.591635471830523
40 7.427512006392000
40 10.315045208197972
40 7.982248565178374
40 5.885289921582315
40 3.409583951035308
40 9.236976018882620
40 3.630181927786012
40 10.506734291389447
40 12.380386214514978
40 4.425865309964857
40 6.429812182474051
40 7.301485854221125
40 5.254253000324116
40 12.593672070317943
40 11.782800026456419
40 7.491092248152746
40 5.998005182415490
40 7.566706342346446
40 9.334036281111928
40 10.450027176431037
40 8.924516422638650
40 9.856826297210333
40 10.527382933938295
40 11.107213538460750
40 6.743750303400637
40 4.140676895156262
40 5.318494718484931
40 7.586700052747422
40 9.747099416082166
40 5.891008645979108
40 7.436714948030765
40 8.209824622673578
40 6.509097185155762
40 4.483905125084547
40 7.296604430851364
40 7.160069505109339
40 6.200206125675301
40 4.205128859280252
40 5.297366875404373
40 11.281154542573674
40 6.095738163883301
40 7.097535593599309
40 4.588850845204816
40 11.745849500613998
40 4.803648268420671
40 9.806744785103652
40 7.856077035000681
40 8.002255707922288
40 6.730109865847065
40 6.694903758648321
40 5.336269318787606
40 6.801592442168181
40 12.033291365230539
40 8.669879912783696
40 4.222687930889002
40 7.085195109152332
40 8.234695526491276
40 3.355264764477353
40 4.179512223810135
40 8.218409198039549
40 6.076241163881251
40 8.665346050781226
40 5.917451250179077
40 5.497443439309267
40 12.928573085129248
40 4.355266372656629
40 4.330907359656718
40 6.226667433492816
40 12.999094091636696
40 8.348612588137300
40 4.277189152762146
40 10.563063462341747
40 5.539873968412106
40 8.272934060847660
40 5.878777716690651
40 6.898189408893741
40 6.473350484550297
40 8.080809241455023
40 6.345828875871639
40 12.600897619740119
40 5.960681907014767
40 4.969878336796661
40 8.856796417077963
40 3.802240362218085
40 10.142055035732643
40 7.411487977436593
40 5.285847725219146
40 6.979710183605903
40 6.701159215812915
40 8.248932830901296
40 5.154956721267624
40 15.052473110806922
40 10.588431311689471
40 5.362822832637375
40 6.104416038540293
40 8.238879265929491
40 5.002941165230480
40 7.192755157268251
40 4.798599028287207
40 8.124549515802570
40 9.260842828536257
40 8.210726128018852
40 6.246333948539673
40 12.956966904083366
40 5.808665114172019
40 6.240648047639761
40 12.950330497012224
40 9.168862893919218
40 7.630293616498532
40 4.608575872924556
40 8.242809084240479
40 8.925649593759857
40 7.232839301773168
40 6.405612700276004
40 5.658072727219941
40 6.252083582269091
40 15.200852343665286
40 4.596360200679074
40 4.886773082914211
40 4.516826311736173
40 7.267102803893838
40 8.599943924913328
40 6.143800040621738
40 12.996778399597702
40 4.899618959141470
40 7.412056376918704
40 8.784300813181172
40 8.636095408452039
40 4.386143507944734
40 8.094184434566525
40 9.062450145039801
40 6.153242271433382
40 16.475899798186116
40 6.568184586355084
40 4.242767591408125
40 8.570018315365685
40 6.086800375730409
40 12.141379158234884
40 3.179919782409392
40 7.886487382042432
40 6.096759014222874
40 6.926525506691378
40 7.421135812707019
40 9.849461274125545
40 3.626214569209850
40 6.532892895166350
40 4.509661661746629
40 6.808763695609215
40 5.403472736407473
40 4.712924427472762
40 7.737949753795128
40 11.344155054744769
40 6.478826244087617
40 6.759063902729997
40 5.471613812102508
40 10.324559447926884
40 9.095904023263659
40 11.663820125167707
40 7.076747369502478
40 6.210872070515906
40 7.316653603857359
40 9.388687502574806
40 8.787546834875965
40 4.780882181163167
40 7.314131979478782
40 7.572742354685582
40 3.600503326879255
40 8.051236134325578
40 9.698207426378977
40 12.303361803502643
40 5.862736007463832
40 12.823044455178227
40 4.474107147729472
40 10.993837987440203
40 6.384047263752716
40 6.469533248007915
40 14.699398445838714
40 7.123129972190425
40 3.347923161759018
40 9.151987805026438
40 17.856786454241856
40 7.336718719137749
40 9.794443961273341
40 4.142799487496966
40 7.472310761752299
40 6.549320666714808
40 7.553079504711730
40 6.329254029589887
40 7.916308435507567
40 5.319843960161089
40 7.033689162658728
40 4.566296211236763
40 6.991225832267324
40 12.444309159789697
40 3.567567609387065
40 5.256173207853495
40 9.334674077116588
40 11.709858391267490
40 10.963356539671519
40 8.206803479492429
40 5.318744198318647
40 9.229722092621142
40 6.948793309159242
40 7.921526337338348
40 4.256247863507745
40 4.309932318516216
40 8.539339618329269
40 7.714150386574167
40 3.920247526811692
40 6.940213783802580
40 9.263711109432094
40 9.627471394195933
40 10.234145690662826
40 5.893782293407160
40 6.839969352953656
40 6.671977159116288
40 5.208183838589360
40 6.393316722713251
40 4.330072198747009
40 5.960330575109420
40 9.763943212047243
40 5.348799240119614
40 6.752559968643810
40 7.372047711204344
40 6.845600981274540
40 4.391585655012596
40 11.141955940023948
40 6.338856578303982
40 4.651501144118463
40 9.346734752664801
40 5.771089243833831
40 11.832187448631160
40 8.488917840679958
40 11.009820983987979
40 5.189538983697030
40 5.638091438415776
40 6.051033334616788
40 4.318744003906062
40 6.081387731498581
40 10.560851256469563
40 6.269204513192824
40 7.542569251230643
40 9.130832768742602
40 3.983572988630163
40 7.034747475077475
40 8.564063956727564
40 9.638166966629285
40 4.150540071903935
40 5.261745671901068
40 5.441100491537776
40 7.561057655591883
40 11.146322655720780
40 4.068360242089103
40 7.174363614883283
40 3.899182681014971
40 4.003556613846031
40 10.730943723328227
40 10.523863857493033
40 9.840466722870577
40 4.184967787210492
40 9.825257267488526
40 7.856839423195551
40 5.138706527497227
40 3.983544218883425
40 4.769343898269302
40 5.142674517862862
40 9.753232935428272
40 8.975199054758864
40 4.176406962728079
40 9.262619184405489
40 5.968596696953949
40 10.751549646172213
40 8.538446805783472
40 7.888324860705383
40 11.041785557708474
40 6.522764642174851
40 12.409002004579651
40 9.916198142738793
40 8.072752326706269
40 15.319462375711364
40 5.309014298260161
40 6.812146023920745
40 9.666428390781316
40 9.085434363780907
40 3.349272601645167
40 8.796492024034933
40 7.826325216841708
40 7.168747496702338
40 6.544898508074418
40 10.651539574386131
40 8.495125173589997
40 5.441227654367141
40 10.569481459330801
40 10.158334252847631
40 7.899982769667595
40 5.579852295916982
40 9.846731917686883
40 9.249639728130443
40 9.028969978143497
40 12.981040732274643
40 5.832430582125648
40 12.029842603045941
40 4.501717242240990
40 9.085478647393758
40 9.107589099563583
40 5.738590669297144
40 6.511803884689205
40 9.326809518165744
40 5.606495589837543
40 17.296278845091283
40 5.766346170683962
40 9.463620657664174
40 17.827253043884696
40 13.691859674904105
40 7.785649557694649
40 8.288730770747863
40 3.662569801237446
40 8.773226300840779
40 9.367394800854486
40 8.016293664731231
40 9.325617876831277
40 10.076036720285709
40 9.049738993159957
40 6.740585423993131
40 7.248053501616445
40 4.637386780472526
40 9.037785223922263
40 9.662303211857870
40 3.733908750675960
40 4.985777502534418
40 7.893949071861794
40 7.559735830025350
40 10.827302841273577
40 7.416533251695576
40 9.320986194235306
40 7.210308448650735
40 4.841610578301809
40 4.482768526518555
40 5.182228561913124
40 8.306921737433196
40 5.143135735018937
40 6.832902093394457
40 7.765686412206671
40 7.672675026376419
40 10.918308456509873
40 5.695112334298805
40 11.560656214441467
40 10.228100678527589
40 8.953475159986153
40 9.764590338486883
40 9.305175198123946
40 4.882647118756888
40 5.699184940912694
40 5.329893009290704
40 7.077169793213892
40 6.490861374414949
40 12.706533946862091
40 4.604879935298434
40 10.652112872587526
40 9.160902155525520
40 5.239068551489638
40 8.318381302864303
40 6.709461996242310
40 7.189552748020564
40 6.201610091616861
46 8.435188079847837
46 23.433664667716204
46 11.057599096909223
46 17.206542704833556
46 17.517846049709870
46 9.836947497507978
46 22.033214538630943
46 8.826116939945798
46 22.598897570571538
46 11.119935550488883
46 15.979340794940722
46 25.486107121738403
46 13.327193473172695
46 18.283652052223275
46 22.897693524180994
46 16.214123243054566
46 11.422873518919463
46 24.842325955835019
46 10.726480172939260
46 19.939812030116965
46 12.322284537084391
46 14.166962269144669
46 13.692276950983414
46 9.822924423382505
46 10.981676565425275
46 14.320978510374985
46 17.292029092429850
46 10.993701838843638
46 13.334264646899436
46 14.587682632609543
46 9.285001083381436
46 13.152190624836397
46 12.161298624135537
46 13.518417320899768
46 10.199263821980612
46 10.625026483849739
46 10.454595222145972
46 5.121342242368787
46 22.714170443026269
46 12.640504481327500
46 9.791958162020723
46 10.873951354915663
46 16.277300384168218
46 10.671364658292697
46 9.619900042020774
46 13.187037450307635
46 26.117498040739683
46 17.686017663906334
46 6.731599199831686
46 16.244999053483909
46 7.557114629375883
46 10.962994671945040
46 21.570987036843643
46 8.186808528595062
46 16.098538858672836
46 11.318430033462443
46 15.203593870323921
46 23.247578629405396
46 16.361414500620945
46 14.352189329065347
46 16.883250361279604
46 22.236949589370074
46 18.398172296160290
46 9.908998423802387
46 17.159954809741539
46 7.405294231093404
46 10.458295277436630
46 15.547470932777482
46 16.216153199815750
46 22.529786582148414
46 11.722071725067694
46 13.473899383508387
46 10.793961819927564
46 14.342100058228111
46 10.885606362781001
46 12.080613895289041
46 10.411020174930940
46 18.010104996488831
46 9.181980655476632
46 11.225359388479092
46 16.204155239927118
46 11.045668477419541
46 11.161096620512673
46 16.836149836548358
46 13.599238747847886
46 15.383382593986104
46 11.969130208335983
46 14.146464359064458
46 8.408646151832672
46 15.543687684131305
46 12.608101143877853
46 15.111515147164626
46 8.380695515427535
46 16.114191977369195
46 13.143034213858133
46 12.256457656067207
46 15.288661274380519
46 16.560449227081225
46 11.128603823317075
46 12.479676074828941
46 12.551841757742180
46 9.762949733985721
46 16.172579379244766
46 26.486416098650011
46 17.481829185450330
46 11.770729916850067
46 18.682758579491441
46 13.603545708325631
46 13.339616174643396
46 8.691942854219720
46 18.410219630606221
46 23.754036038629089
46 9.697529088489183
46 14.326039031083475
46 21.019451667142619
46 7.361006023811004
46 8.141582222639681
46 27.269167516206011
46 8.680857676498498
46 7.896124554293874
46 12.092398692453134
46 10.529604229876508
46 11.082723428693924
46 8.735776399584326
46 10.009734173995625
46 12.818067728895805
46 8.588446047232793
46 10.323429367557475
46 12.623918988823828
46 17.462039487497037
46 11.638427009885913
46 10.556431273195908
46 16.015705695177513
46 11.778469571180441
46 17.336196377770019
46 21.156327901599020
46 19.785372386737734
46 8.753009346126673
46 11.171925669968861
46 22.300898515680846
46 24.901323874962980
46 13.803680098685051
46 14.595369138095450
46 21.831743299583131
46 23.811379250282190
46 9.313176088737933
46 16.599605644091334
46 11.581614867314402
46 7.953182638057942
46 18.816564854776363
46 8.928304557780397
46 18.419348177717069
46 17.923137400129587
46 10.566114456224792
46 11.202085237730310
46 9.737153724393123
46 11.449271287378217
46 20.249218795938940
46 23.528813942067011
46 19.398214131799755
46 19.075366102064500
46 14.652468974321803
46 11.322746707525511
46 9.883109687783172
46 9.504425381498434
46 8.617928287762911
46 15.466121695704416
46 13.088751175571840
46 9.336958428482520
46 16.918256771575034
46 14.642800222663301
46 9.416962050043855
46 12.448798306142804
46 10.909821707053784
46 18.611257727490404
46 14.499873578415681
46 18.125901628049505
46 25.633284028535336
46 17.927563251808881
46 11.554318712359660
46 8.662825306235794
46 11.636806170287883
46 10.264660267384034
46 17.875527101994798
46 10.096677902439138
46 5.577490279025403
46 9.829589134166106
46 15.854289840475015
46 18.473602108546263
46 18.486013033110765
46 9.887867829024650
46 12.921380615218755
46 17.825787558279483
46 13.330001704069918
46 14.264384051894902
46 18.188522856025799
46 12.730200777857082
46 20.832211467013394
46 19.987342741980147
46 19.850710035175737
46 11.118545766053936
46 12.178863398003481
46 17.360065358409869
46 14.901297347447469
46 9.980325454773462
46 19.863236218685579
46 19.835330693969357
46 7.761885911561165
46 20.335479901456189
46 21.722105221312489
46 22.169208767754711
46 7.795573364456800
46 18.060735326505391
46 13.688173193886065
46 14.692962788162671
46 7.435116426970574
46 11.797831093874183
46 11.028006930272683
46 16.689729614538138
46 21.670834798883572
46 8.595640399974590
46 9.757135052475810
46 13.743679066948911
46 13.320464768514739
46 9.986988033776168
46 10.651900006462313
46 17.696737290309599
46 11.727851206167932
46 7.768659842984137
46 17.764822059579544
46 13.355288199778045
46 18.557384694145725
46 11.961447349410811
46 20.323973945136625
46 22.365379453726355
46 22.544181859553763
46 18.378594349510077
46 15.835520233238494
46 12.896986141969467
46 8.575409905430741
46 15.556222558872545
46 11.044557736214905
46 17.519427830160993
46 13.751449748718237
46 14.367591137241689
46 7.816018239925167
46 9.000927263624424
46 11.325605880552111
46 15.010548014823481
46 10.828391463695912
46 9.892536471933632
46 13.700865230177344
46 8.178476456699201
46 12.567844174834445
46 11.688260815369759
46 13.183798097787312
46 12.205615975435874
46 20.567014027017986
46 7.503865573367326
46 10.342845486587535
46 9.769532861372767
46 25.526747813621544
46 9.212841950888912
46 11.841874969349970
46 16.859866562487341
46 11.311734886266363
46 22.377012719264933
46 17.564977712158353
46 22.058715425934974
46 14.213620852697755
46 9.629050627543874
46 21.256460702517259
46 8.567847687808053
46 14.659002643273109
46 9.196005275859534
46 11.572507662956889
46 13.400516693007502
46 12.492977574044939
46 11.585843656851923
46 11.196303440224561
46 11.356633737652087
46 19.800538925790089
46 17.522397481054952
46 9.125473294222862
46 9.877330495456096
46 15.752769025727847
46 10.525428733113625
46 12.687969162567954
46 15.163954947633847
46 17.591195090315185
46 20.039267174992403
46 18.309446045546075
46 8.820803935419576
46 16.386665724277165
46 8.915217560402642
46 11.836335350020125
46 15.770915385888287
46 11.739664165101450
46 23.869918460164975
46 10.110674140102486
46 11.762618324882641
46 12.851085500895620
46 14.408857224087315
46 15.429383254876015
46 7.553363176693791
46 9.284442844287550
46 20.264969398355799
46 11.272753701026840
46 11.717301612419259
46 13.088830660863362
46 22.494378634544404
46 7.868411750144319
46 20.754205605447879
46 21.392310777051343
46 11.180542358839585
46 22.074198358861032
46 20.744192299799586
46 18.640092763500668
46 10.174042940505972
46 17.237083272864357
46 16.495184020073921
46 7.031346469780980
46 17.847371483791473
46 10.501328304869705
46 7.745860510549388
46 6.777211194930616
46 19.982108342686669
46 16.306181021179366
46 11.781309119464023
46 17.842392931529226
46 11.039739883873853
46 20.226745399733517
46 6.845591571717425
46 17.066303177938774
46 8.019902196326260
46 12.929431494853105
46 18.327426659461661
46 24.119092470668424
46 13.930226395406146
46 16.981415355732359
46 16.318249119386689
46 19.612490017980168
46 13.851099022421931
46 10.722262958941785
46 8.999619571961027
46 10.060601312161380
46 25.201213880087145
46 28.114158333756073
46 12.785579807015043
46 16.634116106742688
46 14.859087952566524
46 15.406837622356619
46 17.280181682072886
46 22.605742718040005
46 9.452419738991143
46 10.879661784634266
46 10.006721879604264
46 26.847103841488195
46 13.942127411252891
46 17.942976991715256
46 9.158405332843056
46 8.957494753261020
46 12.810759827275007
46 11.332251254571748
46 13.142549687689662
46 7.750985135490748
46 16.895841671072464
46 20.844175817101767
46 26.411268196279956
46 18.241416403929566
46 15.245347394862083
46 14.722242596178990
46 14.324396271339427
46 17.141374225948027
46 8.985415875784680
46 20.600163381056809
46 15.600400277319803
46 7.801833578760241
46 11.329108667417840
46 15.140677743787181
46 23.004900012117055
46 25.855748577383984
46 18.365856245039655
46 17.620022411392654
46 18.475932719217472
46 15.574635226256870
46 15.756790234353085
46 14.554370738543899
46 8.865049939441620
46 13.035354407606766
46 22.900057105951674
46 21.914679537795912
46 15.983362101330840
46 14.728837948067261
46 14.093522102752782
46 20.686456727646345
46 12.685982014652179
46 15.408639174325687
46 13.462139799287266
46 10.439236666117072
46 12.475117708259834
46 22.073832073415947
46 10.810878255767355
46 10.273087500443410
46 20.471795632637480
46 10.418252020111956
46 27.475023888321108
46 11.988161938893338
46 17.857062378467255
46 24.855449403805373
46 23.885761344544935
46 11.632674780470310
46 10.717147622563122
46 8.317378371489118
46 23.913494433093231
46 15.314430396635275
46 17.893220221008754
46 15.320764836753042
46 21.663480462687531
46 13.170547427110378
46 18.622842113843642
46 19.400803404861549
46 15.571369187411813
46 14.007475731314770
46 24.832458775719143
46 9.223109939245488
46 14.227717240302773
46 12.188983271414150
46 7.896905351106422
46 7.518396304227609
46 15.009276248775688
46 14.389461328204600
46 12.478754969532506
46 18.894702094266741
46 20.850812546898791
46 12.261988790434714
46 13.525823641073451
46 11.122673379984558
46 9.198986696159265
46 14.771024478546508
46 13.708665230136614
46 9.213242444824328
46 24.320289342025074
46 11.443492553167289
46 15.071138693932316
46 16.842952261459025
46 12.255370997166201
46 11.775913618114970
46 13.247624652869524
46 11.405866166970643
46 6.937298449186680
46 8.893323047278084
46 11.581910512968197
46 17.005061628418147
46 19.595840910169283
46 18.050311573282038
46 14.415217218573190
46 15.092939853665396
46 11.956201586048904
46 16.645924008108341
46 23.050756497380178
46 13.851935110035917
46 12.692557974959964
46 17.678596236104426
46 11.470447525306540
46 12.738753812812334
46 6.277908048998094
46 8.364418543910574
46 10.367341252396514
46 21.783400582919121
46 13.919735545905413
46 15.121336745537146
46 14.112081151181687
46 17.151037296374074
46 18.211841561650974
46 21.872098358464918
46 19.081978067291299
46 14.585585336538902
46 10.134734068503398
46 9.456476636067595
46 17.490677361593086
46 6.812286509634906
46 10.794428715292211
46 6.283837258317023
46 13.603630011945546
46 14.010901236144463
46 12.378012275478405
46 8.020477210591086
46 15.104643843727374
46 12.055880012750741
46 7.915368498126511
46 17.406172225405534
46 8.175813367421222
46 16.687962822465281
46 13.920797887770256
46 19.796256887992385
46 21.717192517610627
46 15.493284754216916
46 14.220561542389259
46 10.586237520735937
