10 0.008997901160060
10 0.006236758580785
10 0.012405987284682
10 0.010287894354213
10 0.014060584620705
10 0.012450575189366
10 0.005208012548202
10 0.006569746935963
10 0.007418461880385
10 0.005819834425338
10 0.010826324129422
10 0.012133540364141
10 0.012731982441911
10 0.007435099635851
10 0.008327824187931
10 0.014149105667103
10 0.010159959042131
10 0.005841264395330
10 0.006657021713903
10 0.013675669232692
10 0.004788468559220
10 0.005986422590786
10 0.007670986413798
10 0.004880731864763
10 0.012263657840419
10 0.005232198450781
10 0.008908080103748
10 0.010906469636268
10 0.008216872126178
10 0.011139885740418
10 0.012582144378550
10 0.008051707374955
10 0.006054303476527
10 0.006254685046773
10 0.009797850519930
10 0.012478012786804
10 0.011770545917695
10 0.010775270350519
10 0.008403417345308
10 0.007639184987226
10 0.012181735362365
10 0.011630524415487
10 0.011234602794812
10 0.007156879403522
10 0.010370612304445
10 0.009898432269597
10 0.006255296935409
10 0.010723625539900
10 0.006391402760377
10 0.009061368821688
10 0.008545803353026
10 0.009230704934229
10 0.011805399707372
10 0.009459166828838
10 0.009814559814408
10 0.013067259151299
10 0.007293261539165
10 0.005500415317525
10 0.004956963072445
10 0.008472641022073
10 0.009765204121215
10 0.004168485752376
10 0.011217299074713
10 0.007050626379478
10 0.006289490653738
10 0.009123512273663
10 0.006856579522298
10 0.007897257887151
10 0.010855916019098
10 0.009464379448034
10 0.007659640286346
10 0.008670691925649
10 0.006520113739852
10 0.010960646818426
10 0.011932232365856
10 0.007798549258550
10 0.003273792562444
10 0.014269994588537
10 0.006168974115528
10 0.008257070156650
10 0.008824124500860
10 0.010220690800625
10 0.009211059698961
10 0.013512102382311
10 0.006563969035362
10 0.006304400257288
10 0.006867495171756
10 0.008424522855091
10 0.005111542474443
10 0.008194017532217
10 0.004097569678420
10 0.015988189114709
10 0.007895090864842
10 0.008742090282130
10 0.008000445773549
10 0.011139710534585
10 0.009622464545719
10 0.006799855317813
10 0.005964708538589
10 0.005511516963026
10 0.019090073709811
10 0.012864028310755
10 0.010047355573098
10 0.005894394291953
10 0.009509789915023
10 0.011327515958843
10 0.009583812790578
10 0.009377888431390
10 0.007043377497924
10 0.004257086734435
10 0.016844395299205
10 0.010106227815462
10 0.007175450615172
10 0.009956563574504
10 0.006769960136523
10 0.006795404106736
10 0.005628084200494
10 0.011488608044076
10 0.010744931076328
10 0.009995363361966
10 0.015677433453610
10 0.006888255843107
10 0.010044023481785
10 0.004773105555369
10 0.006386938184365
10 0.010175806901338
10 0.006444013858288
10 0.007396459570223
10 0.011263569854354
10 0.014283984910133
10 0.010561112055370
10 0.011888449698019
10 0.009028384422335
10 0.007038764781657
10 0.007186736445353
10 0.004440171891055
10 0.014216163078341
10 0.007475724611218
10 0.010141802973098
10 0.013459503772787
10 0.013512287484221
10 0.009748921465289
10 0.009105306320598
10 0.013917543905077
10 0.007527099355000
10 0.008624325278457
10 0.010753617838537
10 0.006939182353773
10 0.009612834618216
10 0.005031246556502
10 0.009849113785394
10 0.010584773490122
10 0.013773390014242
10 0.009890153372113
10 0.012855783173029
10 0.007334713444093
10 0.008369588287974
10 0.013000587219607
10 0.009302098563768
10 0.009650477066840
10 0.011984117842744
10 0.007069320209909
10 0.009554108428537
10 0.006458987422134
10 0.007526062348737
10 0.005424791305137
10 0.009046467277472
10 0.012804485457252
10 0.007936007670129
10 0.007741722362121
10 0.010414993508418
10 0.008570545371137
10 0.005146808645474
10 0.008669305371332
10 0.009573059698284
10 0.006380792435876
10 0.011434247282536
10 0.014527911596504
10 0.010876806908495
10 0.013257941585249
10 0.008263927955629
10 0.005661184561183
10 0.005087242958405
10 0.006987044207178
10 0.005194296908862
10 0.015943690290755
10 0.014401802331864
10 0.009850379607506
10 0.013581971003116
10 0.005483691678917
10 0.011300196339662
10 0.014594586271786
10 0.007293940386761
10 0.011295705248169
10 0.011941099015291
10 0.008779486902421
10 0.008935836380889
10 0.005700002655235
10 0.006801948802171
10 0.004873943140959
10 0.009221645729567
10 0.010343166384095
10 0.015829945964123
10 0.009229564257312
10 0.004717313359647
10 0.015422753400572
10 0.007843921331840
10 0.010729531066592
10 0.011306430075803
10 0.013234807221764
10 0.016121551519330
10 0.014386623882933
10 0.007660798361847
10 0.006981764428220
10 0.013312975206728
10 0.011421923080820
10 0.005275717363226
10 0.006768401042386
10 0.006212954590176
10 0.010087124732723
10 0.008237132703820
10 0.010753762427149
10 0.010698878435881
10 0.010722290572333
10 0.004539765713697
10 0.008646163608659
10 0.010965047813433
10 0.009076436589665
10 0.012305414095136
10 0.011970723952388
10 0.005952173222498
10 0.006189263262217
10 0.008561336151185
10 0.012669041405310
10 0.007996372118286
10 0.011227111588284
10 0.008818267259423
10 0.010589761825031
10 0.007733433510528
10 0.009699887527631
10 0.006851776506897
10 0.018556715488836
10 0.006515405171258
10 0.006787364063916
10 0.007187743932114
10 0.007708431905205
10 0.007066474549565
10 0.008317454526221
10 0.006805904494344
10 0.005751248984385
10 0.019045821436243
10 0.012247546611688
10 0.007685974574552
10 0.011003125934768
10 0.006299461959578
10 0.010494773703054
10 0.009609778099897
10 0.024895774886323
10 0.008492598510655
10 0.010969787536036
10 0.013598479328193
10 0.007262574415997
10 0.011653905717253
10 0.009094073669446
10 0.009092786252185
10 0.008833145959905
10 0.008913723484743
10 0.005455003618784
10 0.014471277046625
10 0.006488305875841
10 0.013155376515288
10 0.009855956911167
10 0.016209168351028
10 0.014991397843836
10 0.008153744949141
10 0.016129529143719
10 0.005327910602303
10 0.013953293104318
10 0.020722813484641
10 0.008393927133273
10 0.007851811948862
10 0.012526505120101
10 0.006443343203491
10 0.010859922647003
10 0.007493176256800
10 0.012342113400299
10 0.016052149902894
10 0.007434330755956
10 0.010450306936810
10 0.007104860848538
10 0.006434721831110
10 0.005222603380446
10 0.016691099243115
10 0.005807738478290
10 0.009576518896301
10 0.005114714266059
10 0.005152027969755
10 0.005306858147332
10 0.016649816784011
10 0.012219447752467
10 0.006529350130395
10 0.009502546298371
10 0.009644136724957
10 0.005784042501544
10 0.006191989331619
10 0.006863973144527
10 0.011996665245754
10 0.016747819990234
10 0.011042889924767
10 0.009526700197418
10 0.007504998514533
10 0.012136124685002
10 0.012178905704909
10 0.010002975412453
10 0.018113978583921
10 0.004930926999732
10 0.009860107850757
10 0.008251431579713
10 0.008707829025079
10 0.011321864345776
10 0.015779386677340
10 0.009332956389546
10 0.005695265638114
10 0.008451685909792
10 0.006799576054730
10 0.009492000593188
10 0.013883946600265
10 0.010302674820372
10 0.010827282083127
10 0.010827677796217
10 0.005537906181117
10 0.008845711905263
10 0.010991733103717
10 0.012185040128960
10 0.007762354566574
10 0.006695750090237
10 0.007953214255552
10 0.008390088709968
10 0.011840189905220
10 0.012811965920558
10 0.010824172875323
10 0.007971347405036
10 0.012233542441804
10 0.007821055637835
10 0.014192846398146
10 0.008166221867616
10 0.008932802315679
10 0.005531465779435
10 0.020277504617072
10 0.011831850912208
10 0.007823472489886
10 0.009021372278368
10 0.007819903985973
10 0.008529821432393
10 0.007328430988531
10 0.013527830126647
10 0.013449117959230
10 0.008132158677175
10 0.008165886651224
10 0.009175607143371
10 0.006419933608401
10 0.008695315827512
10 0.005311065015733
10 0.008713404456335
10 0.006705821394969
10 0.008495146594162
10 0.014773948484211
10 0.007355491891570
10 0.010902148649587
10 0.005470936679517
10 0.010902375460724
10 0.007379804255944
10 0.008384420447008
10 0.007499089651730
10 0.007847276061428
10 0.018616502352605
10 0.008671122289796
10 0.010587208969998
10 0.009062133433804
10 0.014365161687589
10 0.007534058406014
10 0.005833348512119
10 0.004385457623893
10 0.009471503866891
10 0.006319617670233
10 0.006000795272991
10 0.010166267645091
10 0.009146404117505
10 0.009221809746176
10 0.006269533197405
10 0.006615225546905
10 0.012504404562272
10 0.007078975330084
10 0.008807651575372
10 0.006764136599701
10 0.012972188178378
10 0.011199436452279
10 0.006695415673604
10 0.007089357013064
10 0.011540999857798
10 0.009384307032973
10 0.009248101943652
10 0.003774412630190
10 0.008164792683620
10 0.012243766349805
10 0.007141417145172
10 0.011685756381790
10 0.008533025467004
10 0.004229159264292
10 0.006796580273072
10 0.009975557098971
10 0.008413560801429
10 0.012158303180838
10 0.005984139906119
10 0.009598082069999
10 0.012722440489934
10 0.007924642365581
10 0.013139836278312
10 0.008614678378618
10 0.012541346111396
10 0.010567360905835
10 0.014407154262598
10 0.016171378715213
10 0.011626412360375
10 0.007766424294392
10 0.009213960885782
10 0.006763389798116
10 0.010392773915687
10 0.010776364263432
10 0.014432153314691
10 0.004245734597839
10 0.016591523290717
10 0.010360473730674
10 0.004846197050708
10 0.007864852813879
10 0.007077593794453
10 0.013914484260255
10 0.010848005080099
10 0.011753842017595
10 0.008060620259383
10 0.010915352753675
10 0.005687143787606
10 0.008325498582435
10 0.013709721038411
10 0.007484164105635
10 0.007011074328780
10 0.008605827227740
10 0.008859292928397
10 0.007255196634532
10 0.007616007460770
10 0.005555521627288
10 0.008013419138444
10 0.009071235095356
10 0.008454240019999
10 0.012551935364412
10 0.005586343764983
10 0.005286257900744
10 0.008545214578221
10 0.015827997957206
10 0.009417892424023
10 0.013625241785169
10 0.006199618926996
10 0.008411872448050
10 0.010609524085098
10 0.008220996876621
10 0.014135916187766
10 0.007343563813806
10 0.005273852645500
10 0.009764849825330
10 0.007753591871409
10 0.008438362351161
10 0.007724652040504
10 0.006365063497337
10 0.006868990931161
10 0.005231145718983
10 0.007544871071967
10 0.004493057610133
10 0.006378507366984
10 0.010506533000220
10 0.006136266655606
10 0.009660716239934
10 0.007938317346454
10 0.013715333473315
10 0.006437991376127
10 0.004531625107383
10 0.007195643783783
10 0.007592073146950
10 0.011958514519161
10 0.005710046673106
10 0.019612817603926
10 0.011213161476012
10 0.009550336628152
10 0.017187973665644
10 0.006373790266432
10 0.007458427556380
10 0.008729480817942
10 0.008155069262430
10 0.006092654819755
10 0.017865131523218
10 0.012073570359222
16 0.035168460187978
16 0.057223944408457
16 0.067928954350792
16 0.059555656963732
16 0.048572116607751
16 0.061121073414398
16 0.041251255975605
16 0.044368049014348
16 0.064974298297767
16 0.046370280320481
16 0.043983108483209
16 0.046190085153655
16 0.034890547128792
16 0.038078647851800
16 0.079052375440225
16 0.080763251657964
16 0.039501354281773
16 0.032171758198201
16 0.036637584381451
16 0.063046668213886
16 0.077621971450608
16 0.038897816396680
16 0.061541834263252
16 0.092682983609900
16 0.032324327440816
16 0.042992660764145
16 0.081246824531545
16 0.083522243196384
16 0.029789931193546
16 0.050895609824276
16 0.037997464166498
16 0.041395948686155
16 0.063486226133925
16 0.070181696693594
16 0.051646328569726
16 0.049197584969369
16 0.049210450412776
16 0.030118700167080
16 0.078628127864287
16 0.044733295391252
16 0.061590110956359
16 0.054292992369958
16 0.059469934357374
16 0.091457015198085
16 0.086001596341619
16 0.054799346803408
16 0.048912646193039
16 0.049225757644448
16 0.064778877975712
16 0.087450657964470
16 0.042795149602508
16 0.059769307686905
16 0.058709027853137
16 0.033455879784730
16 0.052108700539319
16 0.100993203588133
16 0.049379226714256
16 0.051181564696632
16 0.057391481893991
16 0.070061948745430
16 0.072075823626139
16 0.040133077613325
16 0.064690682816226
16 0.069371748239879
16 0.082485997229298
16 0.031701441210132
16 0.062274593326695
16 0.043652918360006
16 0.071255443526541
16 0.090045445286161
16 0.056863164338949
16 0.045553967277268
16 0.030572639519072
16 0.047202994328059
16 0.039937396535399
16 0.047759794810065
16 0.047981350879693
16 0.055565917423600
16 0.062404713270326
16 0.090002391919857
16 0.108519019464146
16 0.045812362238059
16 0.056720152618827
16 0.067879786326059
16 0.050900249952961
16 0.046180615599829
16 0.073613300624375
16 0.030453980881423
16 0.050672617599863
16 0.071896582630900
16 0.047790261072045
16 0.041057966249494
16 0.026189859848496
16 0.065817903793880
16 0.071057698371949
16 0.039299715361530
16 0.071505943015168
16 0.037374506437754
16 0.053628870040724
16 0.072553261237769
16 0.036850355077134
16 0.077294715287053
16 0.067217164957904
16 0.046328445143139
16 0.042659943798689
16 0.026367135112978
16 0.046952361878390
16 0.048373261622218
16 0.082426929365628
16 0.104173440357378
16 0.061887555844481
16 0.030479699783235
16 0.056668854022724
16 0.059818191955023
16 0.069160309936396
16 0.050396729642360
16 0.056627473495235
16 0.054823815864453
16 0.051399613455668
16 0.066901337825275
16 0.046130149232191
16 0.056219790971213
16 0.124613116261829
16 0.041293197297453
16 0.060833623286574
16 0.062499269915624
16 0.086746329523832
16 0.054525523861094
16 0.038553600132377
16 0.076630108662858
16 0.051420041996690
16 0.060362890608442
16 0.045720823510873
16 0.060751722936117
16 0.031508185640929
16 0.068205132624180
16 0.063610364936657
16 0.061279541118230
16 0.057991579758337
16 0.058427208289760
16 0.067928384638707
16 0.052234325341805
16 0.044013602460477
16 0.053124284805146
16 0.039211489792976
16 0.041524540884246
16 0.072659689508517
16 0.033448600319429
16 0.065438922580652
16 0.038197756848043
16 0.057510461101386
16 0.043390227451571
16 0.052534069241006
16 0.078500454576482
16 0.053047366282489
16 0.039197295734558
16 0.040783010331220
16 0.031976620596664
16 0.037090166497758
16 0.060592347951155
16 0.085889013300626
16 0.057701989129893
16 0.039151415462178
16 0.083357353923860
16 0.060503299709275
16 0.031748569954332
16 0.035809371520212
16 0.058893368976419
16 0.088886693067847
16 0.056127676951347
16 0.069987145823678
16 0.068287250531773
16 0.096865256175788
16 0.044282618508706
16 0.061623040289571
16 0.033766563268184
16 0.043653773312753
16 0.088565371340614
16 0.045635113884309
16 0.080185082679147
16 0.044143761335450
16 0.065678395590991
16 0.051460353665097
16 0.063809311616096
16 0.040567515735193
16 0.088715238141050
16 0.066029048090311
16 0.038778958612521
16 0.042094425162791
16 0.107726270095090
16 0.069197716815467
16 0.027663164634557
16 0.041881166392187
16 0.072443580286684
16 0.047198436677001
16 0.062713488143055
16 0.047601048863755
16 0.044271767134009
16 0.042522838291534
16 0.050897717195260
16 0.093031473519292
16 0.066285587574109
16 0.061333918803870
16 0.067446133208692
16 0.046236132511696
16 0.088355063189531
16 0.049938743394881
16 0.033025292313188
16 0.068816241356860
16 0.066998435032902
16 0.079219083056957
16 0.069404641928286
16 0.065795525608546
16 0.045448652464090
16 0.074856705374640
16 0.049013473957790
16 0.040525795328149
16 0.102074231447511
16 0.067033275502503
16 0.046688051281216
16 0.063058856760555
16 0.027528466316408
16 0.063783870659629
16 0.039751493506503
16 0.064331610307110
16 0.044963526560478
16 0.054005213880338
16 0.046992459275590
16 0.083040777055620
16 0.046566760121480
16 0.044461109443616
16 0.071998550585889
16 0.049172419201914
16 0.052427203495452
16 0.087997787301884
16 0.029568864562255
16 0.066447237814422
16 0.035714334336683
16 0.045777089157491
16 0.035179085973586
16 0.037515307908757
16 0.040319218886294
16 0.055810319788933
16 0.092591496100335
16 0.062814908655422
16 0.091864859165576
16 0.058008736543143
16 0.041972304688044
16 0.042096803183112
16 0.051409407387161
16 0.030724280425272
16 0.054154365284839
16 0.065253034001969
16 0.070287048652269
16 0.082614418085222
16 0.074193957631645
16 0.063006703075023
16 0.060079299103433
16 0.026857287437740
16 0.064868108289567
16 0.046712751667549
16 0.074876936394768
16 0.047861515107192
16 0.072414445119243
16 0.029860849755446
16 0.048896059442355
16 0.070155104550075
16 0.077884829810784
16 0.044510281122688
16 0.050979694431690
16 0.081252698938696
16 0.036247949567344
16 0.054193669135027
16 0.035715445632130
16 0.053856217138334
16 0.055897073268748
16 0.036233301273393
16 0.042143460797308
16 0.049200476296635
16 0.096276081763768
16 0.046094719196054
16 0.078835085035220
16 0.064169861816459
16 0.073101175141114
16 0.037082095997764
16 0.069990104677194
16 0.035411612234904
16 0.067103323854242
16 0.055290086789859
16 0.076127452848630
16 0.035890246800310
16 0.060223199973819
16 0.102523419876754
16 0.047949770548908
16 0.035796580038319
16 0.049845763422280
16 0.071899316906801
16 0.091634458914796
16 0.106311946351087
16 0.041024458473582
16 0.027265963021594
16 0.038628633459988
16 0.052469997276870
16 0.099298234320538
16 0.043905792057477
16 0.066107675436437
16 0.042615090829631
16 0.059951884261570
16 0.082926232220157
16 0.047720304747794
16 0.035511981277408
16 0.057746667604250
16 0.052846219760762
16 0.041870242349475
16 0.053689153945302
16 0.041714687048699
16 0.036267998881300
16 0.038189514276845
16 0.095119766331365
16 0.033119888185103
16 0.057821019882801
16 0.059649386602478
16 0.052205834682502
16 0.045439904222875
16 0.051673494411405
16 0.039206051152196
16 0.105890960018958
16 0.051927555044279
16 0.041733993519825
16 0.110550160047925
16 0.037770908846254
16 0.057687137870622
16 0.032389468803202
16 0.119566977597621
16 0.059936826024048
16 0.044539391887866
16 0.047595327359831
16 0.038525223874557
16 0.036714017285813
16 0.073606305582578
16 0.090450493495230
16 0.025694865986341
16 0.054095892724950
16 0.031947069562092
16 0.095416367022438
16 0.071680897762063
16 0.041585843862668
16 0.109039929146099
16 0.041987752871313
16 0.101221788198277
16 0.034353266695099
16 0.054266235397040
16 0.028743721877543
16 0.036986034976442
16 0.103739120065312
16 0.023344802027852
16 0.034138231688793
16 0.054542259169562
16 0.079262493085884
16 0.034299905182961
16 0.026670136241115
16 0.043270158562088
16 0.042964018659709
16 0.083705053188508
16 0.095703705636708
16 0.093365584168417
16 0.065713062853286
16 0.065174681238400
16 0.032474800016808
16 0.043954783133412
16 0.042948405866680
16 0.040217810886744
16 0.076182366472037
16 0.078066529818803
16 0.073068336813783
16 0.058607496600974
16 0.115376398486011
16 0.058256197182660
16 0.059516273122392
16 0.046851511425289
16 0.037204281153320
16 0.074229873728135
16 0.046770572116962
16 0.048309935062596
16 0.031671436645751
16 0.067957666588369
16 0.068657671023307
16 0.038497620383233
16 0.060263888639230
16 0.060993389343066
16 0.067770814067878
16 0.069469876830161
16 0.096867463449136
16 0.051644362391036
16 0.075561383111583
16 0.063774948318023
16 0.077299633635637
16 0.047662663449311
16 0.108165912211942
16 0.080312719000105
16 0.077334871297926
16 0.081324783502522
16 0.060909372799404
16 0.076400262648590
16 0.049983380621013
16 0.085265637225172
16 0.052776695397408
16 0.097031121866766
16 0.055596263540410
16 0.101702295590091
16 0.046918500357970
16 0.045736995976216
16 0.042589740402319
16 0.100752176521173
16 0.057701993127733
16 0.062676457917713
16 0.065181340854082
16 0.060532766171008
16 0.048584742175205
16 0.056410801477983
16 0.057506774744236
16 0.041899586431772
16 0.076076583254742
16 0.049303694038252
16 0.060695698551051
16 0.043530315549180
16 0.039889873685802
16 0.102209897354261
16 0.068338765109044
16 0.049184037906475
16 0.067344838674074
16 0.031681055959256
16 0.069755330036465
16 0.034459808282520
16 0.059883335141596
16 0.067431709204988
16 0.038958179323948
16 0.057627668280324
16 0.067717141350685
16 0.031051807856247
16 0.049374743121851
16 0.058307267427051
16 0.087776850907307
16 0.045395193237765
16 0.096993916628915
16 0.046759011514710
16 0.047797917151464
16 0.061735505753372
16 0.062035079663520
16 0.063719289723196
16 0.050708474599781
16 0.043879346580738
16 0.064340456557513
16 0.086117076851191
16 0.079999371370619
16 0.078501676087636
16 0.044083463293175
16 0.074422711834029
16 0.038756419959534
16 0.041452512746356
16 0.053707476930590
16 0.030122999759877
16 0.052881864975737
16 0.047217435186862
16 0.032159093995305
16 0.047828651624233
16 0.061912060888334
16 0.140039170681406
16 0.028717891663452
16 0.039443401114361
16 0.061512228363711
16 0.050966481564136
16 0.045590049316640
16 0.080871567035167
16 0.072892821915709
16 0.044841720200647
16 0.027359314665525
16 0.068897165586968
16 0.063804286912093
16 0.082323354537140
16 0.077564939421064
16 0.028201449109032
16 0.044965721644410
16 0.090418114202376
16 0.059020138275617
16 0.063989292577709
16 0.069581863969025
16 0.091778307266179
16 0.047582537506267
16 0.098133543157941
16 0.084859306912787
16 0.031174307392122
16 0.047804546491026
16 0.088560703007982
16 0.068214855379028
16 0.043038494852977
16 0.062870744040990
16 0.105033746508755
16 0.109124022777945
16 0.065731971909697
22 0.118794081245643
22 0.151849302305701
22 0.176892530290197
22 0.087237973921395
22 0.116919369695152
22 0.278872272529344
22 0.263640467509063
22 0.111901300571215
22 0.228737529640379
22 0.143224836937699
22 0.250690095303267
22 0.160057862300750
22 0.159398610950774
22 0.255778802210417
22 0.118337671619222
22 0.247565986308616
22 0.127065817133794
22 0.167994658646272
22 0.113937184626196
22 0.170041357412351
22 0.154502242981775
22 0.207366999139431
22 0.288084733453873
22 0.142744556344236
22 0.166952334948069
22 0.207887194463104
22 0.318334418056128
22 0.174577725113173
22 0.133951220662297
22 0.154978319061731
22 0.124932361955053
22 0.109432053512420
22 0.127611925126820
22 0.223976694797691
22 0.152219310307995
22 0.278989127227048
22 0.071100157090666
22 0.182056919330609
22 0.214863385194760
22 0.204520313485796
22 0.108003333745350
22 0.110415157225715
22 0.193549896645020
22 0.220198940031194
22 0.221359903572701
22 0.132858399398106
22 0.141836476987107
22 0.350150155487181
22 0.153069684211398
22 0.136976906771635
22 0.196006757715415
22 0.123671790996615
22 0.151372524136847
22 0.283913100804275
22 0.145239816394993
22 0.139160176687978
22 0.135571402550575
22 0.317947824169416
22 0.173246653020077
22 0.187495314614250
22 0.214137070413681
22 0.328684957636708
22 0.146768886312424
22 0.110391968704493
22 0.182631103512654
22 0.144236620819202
22 0.161851610133163
22 0.246630535115639
22 0.179840995834479
22 0.174750053575905
22 0.174536501157377
22 0.097794771453264
22 0.254915576488345
22 0.131498450290948
22 0.107282249068083
22 0.302758211422735
22 0.132069655833260
22 0.166043211624977
22 0.325285816164910
22 0.115997535754288
22 0.153433966695719
22 0.127830735773403
22 0.142844170445933
22 0.255707086626610
22 0.175233818621832
22 0.227912545019588
22 0.304118113069786
22 0.210139556413888
22 0.141248947335728
22 0.150250927869165
22 0.145432606489768
22 0.124979380774484
22 0.144059114989222
22 0.109817110263563
22 0.110835007434966
22 0.118570424519984
22 0.239864765708623
22 0.185579850461034
22 0.204942492652061
22 0.221366597365730
22 0.235170540263008
22 0.161874195563331
22 0.239276303422672
22 0.084977707443997
22 0.163767327263158
22 0.207008913945378
22 0.167138202591391
22 0.094318046413259
22 0.077695565000568
22 0.206239021337243
22 0.237162115791842
22 0.224997777530524
22 0.195029999627351
22 0.144666295994529
22 0.137323378516732
22 0.245975005615082
22 0.174202547811227
22 0.231375544394653
22 0.100724305205258
22 0.144540232700064
22 0.091624710575807
22 0.162987694980310
22 0.149503362427401
22 0.175459122588008
22 0.133992667029898
22 0.096528687078694
22 0.188704820949686
22 0.129598824187671
22 0.224124235140868
22 0.217621874547400
22 0.193202282770752
22 0.146916304175598
22 0.246711335512490
22 0.279731813086770
22 0.231001103204069
22 0.147533826601259
22 0.238136753593698
22 0.140833292588969
22 0.097691240416026
22 0.136737834842151
22 0.127309807456848
22 0.297219717491514
22 0.192674672708225
22 0.194469332274853
22 0.256381849143959
22 0.285203858287951
22 0.148674590976891
22 0.270660137797198
22 0.101608747363631
22 0.130052306391395
22 0.225007301867151
22 0.167425355695955
22 0.196331326082503
22 0.145104996223601
22 0.202736354270936
22 0.220103525963000
22 0.223187051502301
22 0.176115414000867
22 0.165568741290438
22 0.208328514673676
22 0.162112044845353
22 0.121142730528375
22 0.206885495676262
22 0.145725397125238
22 0.360454451244546
22 0.120584337021509
22 0.145360309020237
22 0.166861663993635
22 0.204027590348358
22 0.190265591737633
22 0.170784271390083
22 0.127976974925576
22 0.080125172773955
22 0.106232832923494
22 0.173561057158088
22 0.122531921009340
22 0.190277619509561
22 0.159356660508137
22 0.139856596683348
22 0.141771539553333
22 0.228655576041602
22 0.148559220871881
22 0.167379489810248
22 0.195661506898198
22 0.157926272852429
22 0.197120652933156
22 0.215918959900637
22 0.227431203976885
22 0.270642677324248
22 0.212696301291159
22 0.177267239705201
22 0.195322665022686
22 0.106680388415461
22 0.227788148224354
22 0.164816514213783
22 0.151105040165880
22 0.109806768806900
22 0.210575574591735
22 0.242244920034593
22 0.328853925792660
22 0.289537668052626
22 0.216956347873078
22 0.159498907614322
22 0.105714312908726
22 0.114889523886616
22 0.118846433757751
22 0.157944534125027
22 0.250527356385920
22 0.230710718262681
22 0.205564212220999
22 0.148726801922705
22 0.131089166480597
22 0.124187658932906
22 0.237774412892786
22 0.222155033335752
22 0.181227359710832
22 0.216753326354298
22 0.279624708116073
22 0.180381566196424
22 0.256814560519591
22 0.290123984689327
22 0.128602479399446
22 0.186343201729890
22 0.208809094122725
22 0.146766256718981
22 0.257722590180291
22 0.268910176390640
22 0.136419744749289
22 0.239339880289133
22 0.157441303725662
22 0.164758033119415
22 0.369470760418301
22 0.179022253267358
22 0.100236570773187
22 0.221035193448787
22 0.154351573029853
22 0.129219874873816
22 0.203683351587749
22 0.121660203780188
22 0.163309056654005
22 0.178209882506157
22 0.123998130870493
22 0.248876194411741
22 0.195160213871743
22 0.216772285764280
22 0.169754077206494
22 0.166173910436591
22 0.140648454945157
22 0.218176483175823
22 0.083802361629620
22 0.286605593381358
22 0.203739544760702
22 0.150104458456790
22 0.172107921648507
22 0.268739492913817
22 0.119066761875839
22 0.180680651013297
22 0.194062740745764
22 0.089507151538106
22 0.131074561242394
22 0.250012244206282
22 0.154829158526243
22 0.149370819859741
22 0.158955605244351
22 0.280475145809549
22 0.141938108258076
22 0.239470364391187
22 0.102743678549697
22 0.181719029818953
22 0.118018807778521
22 0.156621592459596
22 0.266910557456792
22 0.163421683517401
22 0.148543653640288
22 0.188394474629698
22 0.293829900167840
22 0.110421231478902
22 0.169611201943553
22 0.203819311447594
22 0.121226572398596
22 0.132349178453006
22 0.120419581744115
22 0.141682371349154
22 0.134841387290201
22 0.268978211969198
22 0.244033069508679
22 0.165371580793709
22 0.109456655406738
22 0.114293763312347
22 0.323964119754244
22 0.180704387368860
22 0.133031994889441
22 0.218065930623145
22 0.142389737417939
22 0.225859221274802
22 0.189207078547805
22 0.270244144443775
22 0.176153173390999
22 0.190142266347625
22 0.186265320279066
22 0.175630487881077
22 0.192841096919630
22 0.278953496413579
22 0.109421329411172
22 0.281763525040068
22 0.107784567359214
22 0.190415494802516
22 0.107149203418771
22 0.091681015029823
22 0.154550677373358
22 0.136156786923213
22 0.145140705243576
22 0.124651586723747
22 0.122567894503949
22 0.200108550121653
22 0.174062293057169
22 0.330886894673277
22 0.127497386491582
22 0.234532468804935
22 0.205579856092244
22 0.130198813948636
22 0.130801045922030
22 0.162843661824185
22 0.264618057962028
22 0.312527323937413
22 0.206851347091386
22 0.250419574189434
22 0.117332753914091
22 0.130385551434899
22 0.170214556552255
22 0.252864956709815
22 0.220048355596580
22 0.268351570959486
22 0.224968406213887
22 0.118702752961898
22 0.344937574058759
22 0.133200378889366
22 0.166457384628579
22 0.176943307280053
22 0.152911915899642
22 0.236532440021676
22 0.125180408826260
22 0.151176119632879
22 0.242611022223442
22 0.233021827027728
22 0.241456120436446
22 0.101396104831173
22 0.141023472630588
22 0.140177199747343
22 0.216289414987638
22 0.178171826496917
22 0.149931824805489
22 0.189090741967306
22 0.309238841557629
22 0.203479465548948
22 0.149254639012363
22 0.205314158239180
22 0.290308058229049
22 0.113684136790762
22 0.103882454422759
22 0.107608165181486
22 0.125572614853022
22 0.215517432043931
22 0.099742844522524
22 0.125898572595601
22 0.164373714788192
22 0.177827114995758
22 0.145460202242664
22 0.271372684750484
22 0.272400566304947
22 0.326652392419545
22 0.158129758341872
22 0.236576606929129
22 0.163749913413963
22 0.154977900971343
22 0.160822344074604
22 0.238904707497990
22 0.184669102203593
22 0.110062457875083
22 0.176561558303389
22 0.105326269079806
22 0.148468555050078
22 0.183724127020752
22 0.199884186464569
22 0.334454416549039
22 0.336523963995265
22 0.201683456384997
22 0.276365946041586
22 0.187386125692649
22 0.193928313458237
22 0.127830001998534
22 0.104597259989456
22 0.209327084946806
22 0.184847753947878
22 0.131474116277619
22 0.195826698449748
22 0.478954933468832
22 0.220888668245262
22 0.137787846580103
22 0.238255587244090
22 0.138395744929086
22 0.127510893931079
22 0.167862630190408
22 0.228836460068240
22 0.161061326710696
22 0.152991710817574
22 0.279490806548593
22 0.140934880647668
22 0.161071657191507
22 0.191124829238564
22 0.182051328009633
22 0.204535617448436
22 0.226157086629799
22 0.262581717542454
22 0.143971657349636
22 0.224270605929449
22 0.264360205672554
22 0.178220709354287
22 0.092440128858070
22 0.310500249078492
22 0.142116281628499
22 0.348632970026974
22 0.140122514590183
22 0.103117033618989
22 0.155710139272931
22 0.082597958497527
22 0.265174224709902
22 0.179829971949546
22 0.206173758319847
22 0.116264632370593
22 0.239473604606419
22 0.114460750232917
22 0.317132700489757
22 0.116797959078499
22 0.126907900124051
22 0.144386573226256
22 0.155197481713603
22 0.187796058534133
22 0.104843481322357
22 0.097242754748135
22 0.185297158504182
22 0.238168548691448
22 0.117274543869741
22 0.222284478310158
22 0.231324246068552
22 0.278878195797719
22 0.110585867126450
22 0.177419310350674
22 0.100047540383217
22 0.179165194372150
22 0.207973220232935
22 0.277284623751609
22 0.185684999061611
22 0.194458798263536
22 0.144752518120268
22 0.280551214639547
22 0.138858650790588
22 0.223285724582837
22 0.193442852518038
22 0.256634055717495
22 0.357704333595359
22 0.187197985999587
22 0.155621685110963
22 0.286888225784573
22 0.167740952574084
22 0.129968691012141
22 0.275303714565218
22 0.151956058835180
22 0.201933396564417
22 0.102787877371641
22 0.131452828549756
22 0.185406089542125
22 0.162104044217029
22 0.178716142628530
22 0.262242141670069
22 0.304974784763294
22 0.230637925826572
22 0.199544571424645
22 0.217692663839130
22 0.116953212524066
22 0.128440178544559
22 0.148168622053893
22 0.252176615933846
22 0.176767363322255
22 0.155683521701976
22 0.222131471928176
22 0.259234951839284
22 0.158137436650899
22 0.103740945996770
22 0.280392701449365
22 0.140274048178894
22 0.156765840764862
22 0.218416868628520
22 0.175264534808348
22 0.267455447439191
22 0.101459854389063
22 0.148129747507218
22 0.097932042520643
22 0.109153676283289
22 0.114821503846910
28 0.386206118121322
28 0.663028468302664
28 0.503135498357018
28 0.664369970210557
28 0.630397471576846
28 0.563870830611459
28 0.414162972615971
28 0.452433695105237
28 0.425563360753225
28 0.338300476247309
28 0.322114914751003
28 0.268484836892599
28 0.451271336717427
28 0.667962762842069
28 0.815709802753909
28 0.540538406717761
28 0.591473167304160
28 0.474529281520788
28 0.499152952884529
28 0.262960658596218
28 0.182134264048594
28 0.303950830266837
28 0.589434689265436
28 0.584691184812709
28 0.373817570214142
28 0.362536770579567
28 0.425443709506782
28 0.492313181718857
28 0.383647905926535
28 0.522749185807116
28 0.655068315529450
28 0.318010905946130
28 0.262213850705256
28 0.297905029735482
28 0.580494522134965
28 0.596308875078610
28 0.447276027727329
28 0.522817566470293
28 0.293394069736331
28 0.381359963502642
28 0.221300380060680
28 0.774105494991067
28 0.283920400397306
28 0.632662977784921
28 0.691161663641648
28 0.357033115650741
28 0.465641521088644
28 0.304142310309791
28 0.237867540752807
28 0.633819336095953
28 0.559011913242089
28 0.417333636110423
28 0.555065022347980
28 0.525634185706879
28 0.590123675128228
28 0.349869120953302
28 0.683285020927037
28 0.436841304234812
28 0.393256711077328
28 0.262787037898486
28 0.929799851129574
28 0.565106821601961
28 0.439736652837422
28 0.468942668878507
28 0.435309561650124
28 0.251764059983551
28 0.467610653155729
28 0.446891760646451
28 0.286945331597469
28 0.597265484818553
28 0.290437930614908
28 0.433424889290133
28 0.433121777988849
28 0.427229209035401
28 0.312980884431992
28 0.420754853009243
28 0.530070470455970
28 0.292597304151330
28 0.536711698674890
28 0.202194027125979
28 0.299817739490538
28 0.423570730922163
28 0.414698737636461
28 0.321789158531176
28 0.474145949245169
28 0.263352055199160
28 0.407101301622811
28 0.367169105852144
28 0.349166583878353
28 0.306735087864520
28 0.671393715755752
28 0.283516966317791
28 0.477003247135157
28 0.349380645504922
28 0.531044524401095
28 0.316891117171290
28 0.352162609806026
28 0.293886585736835
28 0.365029330698587
28 0.415152002780838
28 0.425497473034500
28 0.334154957766208
28 0.663688098024696
28 0.485613527332386
28 0.469090676718690
28 0.200581930958666
28 0.546625261680187
28 0.420722865815094
28 0.362455009983278
28 0.642223713110028
28 0.496052463311098
28 0.579778551099065
28 0.750564258971018
28 0.377591652073379
28 0.408371001548216
28 0.308192035464968
28 0.400485266754491
28 0.434735930718116
28 0.349003052212249
28 0.324513637715173
28 0.685421728957437
28 0.753646969607724
28 0.417419484966327
28 0.344120381599050
28 0.295193494268487
28 0.411305796625690
28 0.601270362980454
28 0.587363338431460
28 0.343965610136594
28 0.578535974361015
28 0.303851192940432
28 0.468495352784801
28 0.612727511909632
28 0.608637737425084
28 0.337532659894709
28 0.483748368525672
28 0.472566123256338
28 0.752764298503873
28 0.229971695801918
28 0.496327581589342
28 0.228841710634810
28 0.298855529238855
28 0.438825425431526
28 0.184707079764036
28 0.325597692337441
28 0.293715168639197
28 0.505529020380316
28 0.352665073029320
28 0.314818048554785
28 0.598336756620246
28 0.332877327681988
28 0.274102830957681
28 0.444951861004376
28 0.269420416816952
28 0.483527065517852
28 0.508760724569186
28 0.542466433540533
28 0.423561991069739
28 0.790088712967123
28 0.268546079032303
28 0.229139717483272
28 0.413951180891291
28 0.278074662281947
28 0.610980729354092
28 0.235393131146717
28 0.435692969026799
28 0.481253245205365
28 0.323678632575411
28 0.446558156422256
28 0.444893739667449
28 0.639305456407286
28 0.389756520915894
28 0.378963204665348
28 0.355196072601596
28 0.313825082212927
28 0.299727041939404
28 0.674298172882516
28 0.341392050176696
28 0.279411988992284
28 0.241881107599083
28 0.445098580043686
28 0.360117593492193
28 0.551461464564645
28 0.176158495112207
28 0.426362962190088
28 0.645619983158385
28 0.356898021075044
28 0.303514920023006
28 0.527250682496683
28 0.335594606186972
28 0.510635146830120
28 0.263417802729324
28 0.362038458244631
28 0.176401900962573
28 0.680574180734109
28 0.464880681056729
28 0.457736864423277
28 0.425493990082817
28 0.347911052468680
28 0.380997276195372
28 0.328700670969575
28 0.230770435851996
28 0.432772888943393
28 0.350720937236609
28 0.237056603982901
28 0.662453572554791
28 0.478505510814264
28 0.426103475824852
28 0.188371483620542
28 0.840128797691943
28 0.443879346431470
28 0.338677005998554
28 0.453443325180802
28 0.671082258288884
28 0.213232772572120
28 0.299155510141155
28 0.474514596905593
28 0.487403824795384
28 0.446296106297694
28 0.506339937659242
28 0.601830431075721
28 0.333475039572861
28 0.322066071127544
28 0.312698581054016
28 0.271728621254338
28 0.350600385386584
28 0.388042603903885
28 0.414340544587350
28 0.707964332456105
28 0.260855050544304
28 0.517158381389682
28 0.495224194457945
28 0.628576675554469
28 0.451054596331536
28 0.570605746569202
28 0.529569260982647
28 0.220048107000990
28 0.334466290486691
28 0.552525891962126
28 0.453254230036104
28 0.436146048886753
28 0.483564812808301
28 0.382441863465671
28 0.273088940860980
28 0.653668282511546
28 0.404173312535585
28 0.288264769561017
28 0.308989603418418
28 0.403338645253310
28 0.463478528090842
28 0.381365824260627
28 0.373761519923704
28 0.371760739429909
28 0.325418931359590
28 0.299465447125444
28 0.669706124990078
28 0.697913973411708
28 0.351230108526527
28 0.190405736268636
28 0.383766357754475
28 0.258619434639377
28 0.377207657642273
28 0.431737244361130
28 0.192171990831341
28 0.318705421559318
28 0.410642711388187
28 0.740016309632872
28 0.609489680234603
28 0.623469716887036
28 0.689502858857337
28 0.543246066082000
28 0.281395962579573
28 0.450751487565173
28 0.293007671986495
28 0.487923553722431
28 0.606838080035454
28 0.523611285892503
28 0.611730799996637
28 0.492273849484421
28 0.611259663162936
28 0.738311355642730
28 0.292866614054246
28 0.419342384972633
28 0.408233891872094
28 0.427029827034057
28 0.663934828117638
28 0.295771836819476
28 0.545103274345725
28 0.339501187015080
28 0.233202270227944
28 0.366528580310652
28 0.614410485096011
28 0.421366599761199
28 0.672689079338670
28 0.584932690121502
28 0.342362138058044
28 0.285688911462279
28 0.515286459262970
28 0.766738747290003
28 0.706003488458866
28 0.545117587893522
28 0.287942351326868
28 0.269661940242714
28 0.391325654924188
28 0.616386674989043
28 0.293926058070454
28 0.267432499250386
28 0.330162399113410
28 0.514920049336281
28 0.616227036280777
28 0.364335083480083
28 0.248471303680472
28 0.555593487065361
28 0.292612639190104
28 0.335657497516042
28 0.559990719062952
28 0.498293453533134
28 0.701472367156707
28 0.402849682958087
28 0.759727889467258
28 0.291468428098629
28 0.215052249150241
28 0.311315261106101
28 0.413432915019690
28 0.326668211932755
28 0.369058577462717
28 0.716305162266639
28 0.359563649018272
28 0.249059140745260
28 0.477419240698622
28 0.573701554382042
28 0.227868300150030
28 0.449227034804787
28 0.445305516448219
28 0.492022933928602
28 0.415031357834170
28 0.373347736343089
28 0.436202611430314
28 0.484483044983517
28 0.620814758092330
28 0.376088723425305
28 0.283810688497107
28 0.508645809160178
28 0.468573288835578
28 0.358719581419961
28 0.494570295379766
28 0.686956446749106
28 0.416050780806569
28 0.417665983225719
28 0.744999656999814
28 0.393826309655937
28 0.429582219267408
28 0.396494011641837
28 0.505007590345843
28 0.651920234384591
28 0.350537741631991
28 0.273670438150167
28 0.412984167041014
28 0.299041013542324
28 1.043139123532640
28 0.833372419259899
28 0.628864324379281
28 0.342282491442170
28 0.633304510502905
28 0.443535715768872
28 0.552515512360201
28 0.353629356450927
28 0.380730781040173
28 0.519910090169934
28 0.358487755361718
28 0.387221878705817
28 0.328681544517075
28 0.456766943488575
28 0.485283105439624
28 0.326244074143406
28 0.434143552914675
28 0.319203010318021
28 0.755726128070252
28 0.292258603662060
28 0.347715009024603
28 0.401159296193326
28 0.311738244819979
28 0.407751473400664
28 0.387275444479555
28 0.356528626382979
28 0.364670743688705
28 0.629749929043376
28 0.316415911709623
28 0.369403915712269
28 0.432924018213281
28 0.390181377781635
28 0.550864021533380
28 0.252749403275232
28 0.400983567239837
28 0.506198675425091
28 0.331306219055733
28 0.490671856020602
28 0.694962455811265
28 0.454567115650224
28 0.718483330112161
28 0.318356792770249
28 0.439869139838798
28 0.449748623350110
28 0.533604188313875
28 0.244421438615792
28 0.363080708782550
28 0.583642887087821
28 0.246736094257725
28 0.542803021143111
28 0.401838910090631
28 0.362817036135901
28 0.500076839893724
28 0.535790752332546
28 0.498608053261663
28 0.579080352346301
28 0.533710276878120
28 0.490020623250601
28 0.388053099475947
28 0.173732861001517
28 0.496290427903565
28 0.328937362526718
28 0.696392568022229
28 0.236177804233238
28 0.314077278434302
28 0.344299156052865
28 0.427233662433568
28 0.548963626236536
28 0.626021568929258
28 0.437994268365578
28 0.610190262303594
28 0.674365257608245
28 0.516590714171458
28 0.336486564054795
28 0.543562242778208
28 0.626551709921000
28 0.306727467601577
28 0.713621557134394
28 0.338046783444824
28 0.417407927758678
28 0.752168958618104
28 0.824400514013982
28 0.523579789987405
28 0.372280442508873
28 0.428996754919004
28 0.317411784906114
28 0.850599133749193
28 0.349598516327414
28 0.807022866841268
28 0.223933054384545
28 0.440549913370401
28 0.501522418204097
28 0.603533353588393
28 0.452249577533105
28 0.558292985845581
28 0.563144438346568
28 0.771683634245337
28 0.671244561783799
28 0.343449893398966
28 0.255958415994511
28 0.768249768553201
28 0.286069999881849
28 0.431462419783007
28 0.443130892827258
28 0.312688557072200
28 0.373850461530764
28 0.377938804142547
28 0.434276791233818
28 0.324675545936330
28 0.283691338655074
28 0.217757414030804
28 0.583963353478999
28 0.331214654026048
28 0.376269925532759
28 0.392587419674879
28 0.453375742819942
28 0.773517099574531
28 0.318995245312730
28 0.528288746154071
28 0.424443433803065
28 0.772874304256161
28 0.392950472400671
28 0.575759289888830
28 0.618690588800358
28 0.695946685824143
28 0.335005077924935
28 0.329302174197759
28 0.406767711707778
28 0.430556007536328
28 0.514310035713539
28 0.787114836970629
28 0.441406622963341
28 0.592116544748960
28 0.388504219525719
28 0.335531351933854
28 0.268604481915381
28 0.404614343041904
28 0.395010159608546
28 0.692926651636165
28 0.249781266932270
28 0.399009202976314
34 1.257404828615539
34 0.717725312851491
34 0.698032589017685
34 0.477034098202141
34 1.070543191569579
34 0.760030350933848
34 1.505562125565913
34 0.567645202637452
34 1.331462287223669
34 1.346934092011741
34 0.878101431009630
34 1.121532085545370
34 1.025159228672126
34 1.043504234178091
34 0.646900886075902
34 0.682798392464961
34 0.824794103894745
34 1.528212469544413
34 0.600590155599682
34 0.555283777428341
34 0.986869267493796
34 1.041279892780829
34 0.873109683256106
34 0.748653668613565
34 1.153006216443000
34 1.302197549088185
34 0.902348712529562
34 0.975273728436814
34 0.841733119253488
34 1.110761450672495
34 0.675573108461874
34 1.322029889287988
34 0.846404485943857
34 1.158424175950979
34 0.469395321917945
34 1.823602111103138
34 1.015076138831478
34 1.230001452625960
34 0.526645649036888
34 1.000175565141489
34 0.915959425542271
34 1.305872258346827
34 0.739799905708309
34 1.016260329269551
34 0.548227720380095
34 0.813941985154576
34 1.127154691134666
34 0.695836789785663
34 0.909164539429751
34 1.229338510921757
34 0.819484390670218
34 1.163307651325039
34 0.657479473161054
34 0.992337210431804
34 0.657443125200790
34 1.390660165077565
34 0.744279676876795
34 0.669324815348407
34 0.971385734929116
34 1.177111858856996
34 1.504004975501935
34 1.011157166009844
34 0.699658437366040
34 0.472233728813063
34 0.449323038332459
34 1.651361152612384
34 1.070767882021775
34 1.530802246715601
34 1.121495989439751
34 1.122775436895383
34 0.978797853043382
34 1.028251118800251
34 0.818971011825115
34 0.672540597359852
34 1.020417226783543
34 0.844595925769344
34 0.888785021518471
34 0.936457485126360
34 0.399001177427454
34 0.662222584075909
34 0.749768793020201
34 0.818397995551218
34 0.767225723922004
34 1.134654228138648
34 0.907182887327641
34 1.422699907381307
34 0.758214985297262
34 0.893592326522292
34 0.900562557956071
34 0.695210737889635
34 0.793305861130309
34 0.458449484008974
34 1.311760345514208
34 0.368813724959674
34 0.638244995546767
34 1.019521898909005
34 1.304317655689659
34 0.762972208657451
34 1.443092327124903
34 0.566786811046184
34 1.020432156154184
34 0.546611950890760
34 0.680647316694953
34 0.629169936612427
34 0.729999961273713
34 0.727475781704008
34 0.957120260067403
34 1.534007304750346
34 1.399694306785562
34 1.194374842826905
34 0.563343652937156
34 1.102676870717250
34 0.750518457924586
34 0.663318546963111
34 1.264476373594094
34 0.562058719111812
34 0.482541294989861
34 0.776127438378292
34 0.502255710006629
34 0.867298219792481
34 0.727574726786897
34 0.763546703481694
34 1.069684369904997
34 0.733423246424569
34 0.941506646885401
34 1.025633578146319
34 1.063341754915636
34 0.875242756527006
34 0.647518551302746
34 0.511389496462921
34 0.974056405817455
34 1.063135781618598
34 0.903236029055343
34 1.284076932017357
34 0.547673146620212
34 0.578686613529996
34 0.813606900750304
34 1.499220344883785
34 0.822041628233096
34 0.777812100867398
34 0.652015220437335
34 0.608982385949942
34 1.316448666477497
34 1.239329188721933
34 1.014841849987988
34 0.524637313146735
34 0.913888781754532
34 0.965587485562311
34 1.013079374801030
34 1.375137789023605
34 1.212651664021346
34 0.959108615728133
34 0.711349987500759
34 0.555329763410502
34 1.434105833373061
34 0.534273875960779
34 1.297879073109157
34 0.358871672916590
34 0.642395656336523
34 0.729110124465455
34 0.542636039838701
34 0.831855461467813
34 0.958261709871521
34 0.439215676372485
34 0.894668467084587
34 0.807933255118328
34 0.592327788632342
34 0.761822486287099
34 1.003497915711527
34 0.697735467588456
34 0.969718794306979
34 1.109298849745536
34 0.832364240991626
34 0.850328230163131
34 1.004490335755329
34 1.563620486507787
34 0.657995137006671
34 1.171327841190333
34 1.155511353778763
34 0.985748393500861
34 0.618631901940026
34 1.084134736729683
34 0.650658745989301
34 0.813034921830544
34 0.833061712217484
34 0.844926014137748
34 0.929069126053463
34 0.655807813911255
34 0.963019948431423
34 0.667986207759028
34 0.853344732390052
34 0.814715647737773
34 0.750055127515632
34 1.127694360172526
34 1.389459460362455
34 0.500273727493440
34 1.001228079786136
34 1.673294688200881
34 0.652684073822050
34 0.590146467168865
34 0.552608415620372
34 0.475239389108279
34 0.638879138860316
34 1.337166787836723
34 1.444846569353037
34 0.736247220995699
34 0.803602377527361
34 0.836927476877600
34 0.967328140218787
34 0.676227926379516
34 0.563598464877926
34 0.946479140572756
34 0.581755781736599
34 1.399170639369983
34 1.033748711611413
34 1.502431374412448
34 0.727991168775537
34 0.788593811813354
34 0.539026442216514
34 1.637880337254311
34 0.587259064296601
34 1.181469571682430
34 0.941286763291657
34 1.034225009826643
34 0.852530819389035
34 0.734084252145460
34 0.869310011803839
34 1.497632281110784
34 1.223764757778358
34 0.586967245992074
34 0.555514417005367
34 0.528054073665997
34 0.860228808998671
34 1.675856299381514
34 0.860446727937235
34 1.138666012004487
34 0.729577660062649
34 0.756994519981007
34 0.782792130615748
34 0.885335243352538
34 0.844696461471780
34 0.634776808081702
34 1.301651133695032
34 0.517103298982052
34 0.719339841512469
34 0.914771120401080
34 0.661637172549236
34 1.037001996124226
34 0.569256417600712
34 0.540120882832464
34 1.083269431838421
34 0.713976403833510
34 0.740993036448637
34 1.037715578343024
34 0.754873024575489
34 0.641171322005886
34 1.242692219136327
34 0.639469620275842
34 1.066753718987037
34 0.613865010381497
34 0.716004085602645
34 0.590252448586083
34 0.648784060146344
34 0.697998964565884
34 0.916675642949462
34 1.001058242370565
34 0.636392514492781
34 0.705187053114352
34 0.811579183116323
34 0.616777959067439
34 1.185021509730049
34 0.594213395300881
34 1.101507698003902
34 0.562199269553616
34 0.731292361951176
34 0.733289510270851
34 0.814664686747149
34 0.422427126032617
34 1.088875709880612
34 0.731023011086207
34 0.724376627334809
34 0.379463057877942
34 1.302193560527713
34 0.517639172230314
34 0.861730698318713
34 0.815307274223701
34 0.997423448908623
34 0.786372431647547
34 0.773917402777736
34 1.184265552135977
34 0.919175329692048
34 0.850761285594888
34 0.569066800501928
34 0.622526042159820
34 1.211922062705544
34 0.623264883974066
34 0.594586384298472
34 1.191392776332300
34 0.827112333957452
34 0.671610261427909
34 0.822888002042443
34 0.472674448435447
34 0.569463697992936
34 0.745569682141719
34 1.481080948108156
34 0.847818279969579
34 0.610675699915190
34 0.601885588917501
34 0.826105857175769
34 0.763318298884416
34 0.639729739604061
34 0.382632770089398
34 0.586779169038442
34 0.689686788232995
34 0.956938399834215
34 0.982462893439297
34 0.782163616500702
34 0.375791762247866
34 1.358040398080147
34 0.674487798508320
34 0.814264648876897
34 0.791146133564278
34 1.139820372773130
34 0.782020165033027
34 0.859665401153832
34 0.861124089486046
34 0.901625142712569
34 0.671420527279468
34 0.879653757743867
34 1.039234924956427
34 0.800995416611816
34 1.573362016263689
34 0.937549277674699
34 0.558394843199219
34 0.552978758287058
34 0.719674797149067
34 0.533345606653432
34 1.338661221302760
34 0.728418381560709
34 0.730924756540473
34 1.192649335806026
34 0.716104246318115
34 0.563203734714695
34 0.658699152018150
34 0.823291134992836
34 0.665113634053531
34 0.735987127496007
34 0.698918766985424
34 1.079239855438782
34 0.753416201661925
34 0.650669129463238
34 1.132014507325903
34 0.797244246710536
34 0.852563288708059
34 0.510821136987051
34 0.724503597033444
34 0.744326279181125
34 1.042906741807495
34 0.698986961563814
34 1.192650491752095
34 1.111100711198691
34 0.576041880538722
34 0.492080374398019
34 0.366300760312209
34 0.936771101143898
34 0.579847714576941
34 0.885904850464866
34 0.760472731557502
34 1.381045594006774
34 1.356153946357484
34 0.457397116929948
34 0.675605695222206
34 0.726990371813684
34 0.374042394030407
34 1.168532099075795
34 0.543414743019087
34 1.132652110312455
34 0.891222816545224
34 1.083466151326586
34 0.488083980148359
34 0.990961228700813
34 0.672568227294444
34 0.583850235193516
34 0.628947009847229
34 0.580831385161813
34 0.560615085431350
34 1.026568391981695
34 0.861865956073148
34 0.942522877360872
34 1.276815229067328
34 1.105211355260837
34 0.825151092651037
34 0.886651995385798
34 0.917028254515556
34 0.670396084908373
34 0.853094435843960
34 0.951704534362333
34 0.883259896055306
34 0.601991322458633
34 0.853468072119128
34 1.105042686582726
34 0.824743050290683
34 0.547260071127001
34 0.908268682698554
34 0.693482948739079
34 0.691677199623570
34 0.834524082681805
34 1.224556710435416
34 0.928393644723244
34 0.917187520281473
34 0.994308399020587
34 0.813455774894536
34 1.338561250557566
34 0.619709412200168
34 0.723320848305556
34 0.430061228620053
34 1.064081635859405
34 1.069625678814851
34 1.165987098908824
34 0.371394585424405
34 0.806263459998402
34 0.685507002397048
34 0.895037125473122
34 0.629037324600853
34 1.457006418782315
34 0.473449303092737
34 1.193900550065207
34 0.716943677753574
34 0.896428953098481
34 1.432510415428705
34 1.715724076822018
34 0.800732170444082
34 1.004117720211795
34 0.563766959372539
34 0.581737604576472
34 1.666029820368094
34 0.740797546905009
34 0.650885301018858
34 0.804009807926203
34 0.825610474700312
34 0.706930840768091
34 0.544884598191745
34 0.747749022799226
34 0.808424817516895
34 0.606730386646883
34 1.504061400118080
34 0.718378963175557
34 0.923769341917658
34 0.883168117905872
34 1.295030152101549
34 0.709737141719295
34 0.449779734808273
34 0.782349545981141
34 0.490230199030586
34 1.007971492169435
34 0.632934874478440
34 1.026858974054729
34 0.491518748373869
34 0.842091093958263
34 0.559037513517533
34 0.595876807898085
34 0.698335226563795
34 0.705895733526479
34 0.678922811357339
34 0.815866553252474
34 0.439130626346563
34 0.560588208113483
34 0.451519257746520
34 0.693717629607484
34 0.465306569298990
34 1.261987890887106
34 0.708885535496317
34 1.109223581342486
34 0.500945102201061
34 1.320194575187482
34 0.742670415948930
34 0.690476809593128
34 0.527826369841650
34 1.040507887526246
34 0.830970250529515
34 1.073116375187013
34 1.364927967219706
34 1.089267171266809
34 0.621533076038521
34 0.688363318799082
34 1.020904085441692
34 0.813334053320002
34 0.925455444129200
34 0.715555449301018
34 1.351342327712568
34 0.554896195124577
34 0.606090227847076
34 1.510930616509407
34 0.736928807465769
34 1.296677725388103
34 0.830631234227606
34 1.075619534796393
34 0.854530383363441
34 0.851403181471091
34 1.854939951279451
40 1.008934490855857
40 1.244754224526062
40 0.829620288376422
40 1.548361621439073
40 1.006947785830055
40 0.890593088470515
40 1.163580914500235
40 1.499804261079218
40 0.920169124243234
40 1.293499455895398
40 1.891776147218627
40 1.690894864605882
40 1.041144170395389
40 1.951767066568934
40 3.053890461312115
40 1.443317705208692
40 1.213783334751859
40 1.359479519958168
40 1.021717850675609
40 1.322447521497339
40 1.355203265692897
40 0.780628264966168
40 1.625081970200406
40 1.878741981246457
40 1.134202606051886
40 1.094371715558736
40 1.499466321244279
40 1.337184411757848
40 2.353232252743862
40 1.736106233554446
40 1.204380302584765
40 1.030044354932139
40 2.240836032545250
40 1.941350330731614
40 1.913239394299536
40 1.128695351686297
40 3.219482257281820
40 1.264264633271125
40 1.401156634463155
40 2.729444798034036
40 1.862075758894727
40 1.215222430088453
40 1.226552163113491
40 1.355044210311407
40 2.020439374206175
40 1.038324007217366
40 0.682945534078096
40 1.037008012077319
40 1.423886176631655
40 0.843930983106910
40 1.615511295371091
40 1.543612382515973
40 1.268850058950214
40 1.377943111964814
40 1.474680494354834
40 1.355742657760203
40 1.317126127891909
40 1.359454698316068
40 1.490807890536543
40 1.144421228577214
40 1.912880583341220
40 0.880382120603913
40 1.364332175057196
40 1.183652293207418
40 1.265998051269680
40 2.167433874402779
40 2.087810856541486
40 1.965571333055541
40 0.838467728617241
40 1.280236084907878
40 1.461409774587572
40 1.378766920450213
40 2.355433310003981
40 1.348253508928437
40 0.818474262504216
40 1.359207171921842
40 0.988476938618369
40 0.755603987323155
40 1.500735145231075
40 1.140382287986041
40 1.080743583863226
40 1.999969420987120
40 1.031575612138315
40 2.337131510569800
40 1.646352943892747
40 1.777607766407872
40 0.768854482002852
40 3.797002958475813
40 1.507715786022651
40 1.224037046575997
40 2.060883655409386
40 1.459505642872070
40 1.301374719856902
40 1.443500954185126
40 1.176364070329146
40 0.725008499428306
40 1.450855459775424
40 1.878351616682938
40 2.013073264409174
40 1.361966718718355
40 1.824174061056645
40 1.379674787769375
40 0.977487725090590
40 1.587702329713066
40 1.042404333548070
40 1.021126072514155
40 1.243966192659987
40 2.917135048647415
40 1.275363293140043
40 0.876422208230760
40 1.622275412267019
40 1.357176328013242
40 1.190270833758600
40 1.596910551527618
40 1.573575546004793
40 1.157458262301640
40 1.580318498957176
40 1.952694961473197
40 2.001581243913190
40 1.584505178604903
40 1.443474801274203
40 1.907457107824925
40 1.124531036991648
40 1.274148149080685
40 0.920138698700069
40 1.261459454827154
40 1.258515428173482
40 1.779889856200327
40 1.172168577864998
40 1.472813135196111
40 0.921327529638058
40 3.166696620066839
40 1.833306738359076
40 1.566037086547386
40 1.130625370920061
40 2.116205430540910
40 1.215839414928933
40 1.123333722039639
40 1.945434714910741
40 1.953997322470638
40 1.051129667130995
40 0.907417996057047
40 0.963589572879128
40 1.520896329911125
40 2.414307741870587
40 1.382611163801407
40 1.963954315210300
40 1.280851208909020
40 1.123428447490516
40 1.450054617176740
40 1.264568708718615
40 1.026029866644743
40 1.350710065293034
40 0.990012753590237
40 3.046625892042232
40 1.111155688768710
40 0.874637713335408
40 1.030901590255271
40 2.019795157553027
40 1.047987269675797
40 1.473000858882429
40 1.403459046281977
40 1.179449399493712
40 1.044960004904061
40 1.228516084644271
40 1.175337645023736
40 1.512557647255870
40 2.039812321921524
40 2.086708454594339
40 1.559317850754923
40 1.208698846935404
40 1.815100251568085
40 1.866502894730935
40 2.181372766527991
40 1.603235920279749
40 1.537935303882589
40 1.655003984068344
40 1.495355703835971
40 1.311521965176919
40 1.661599619702386
40 1.025227244242373
40 1.614998326011234
40 1.930937816527086
40 1.994884389929128
40 0.825949113386285
40 1.794041868584671
40 2.764527521263716
40 1.301895476078613
40 1.486313296329840
40 0.828899108988334
40 1.442777700232545
40 1.233098267619633
40 0.799110970248639
40 1.377700616898290
40 1.225797732024578
40 2.188001076034432
40 1.239470940039322
40 1.225844901550811
40 2.201769727043883
40 0.937936208465095
40 2.338241642004723
40 1.802777344099888
40 1.737046979869458
40 2.673889112583579
40 1.652919991761596
40 1.610527076987930
40 2.103226646477840
40 2.031491544158623
40 1.768030758194844
40 1.099720717501087
40 1.255364334439141
40 0.822004575223744
40 0.886049123346842
40 2.134468335264865
40 0.997339537053724
40 0.960758984258252
40 2.022806093478172
40 1.347277242341836
40 1.651557953220959
40 0.939488770147785
40 1.396997518849451
40 1.124161114717841
40 1.262036037819929
40 1.303060959310212
40 1.463225990335452
40 1.642826854153337
40 1.489428856737632
40 1.722068035729909
40 3.143274193651006
40 1.426482780172835
40 1.054711176058825
40 0.768858806921651
40 1.012936699328352
40 2.305796091656726
40 1.252837740659560
40 1.141445249499926
40 1.055493357881549
40 0.674346901713582
40 1.206213880041144
40 1.637467151141436
40 0.981646817578193
40 2.117834849445064
40 2.182059715067972
40 2.532666732616893
40 1.553746710591594
40 2.027927772146660
40 1.514034296371483
40 1.055616833492012
40 1.033590345631882
40 1.406961689354412
40 1.771539367816818
40 1.345794793742421
40 1.170406717365204
40 0.855619413652935
40 1.813316190770506
40 0.999774122375242
40 1.679434127271204
40 1.573816382811403
40 1.687678789400316
40 1.695576157854042
40 1.034083768309391
40 1.069129435242969
40 1.652725535142318
40 1.961242361847326
40 1.233897270722451
40 0.935804357523365
40 2.554616996456277
40 1.174320323480101
40 1.243788126769132
40 1.366707769848471
40 1.477077147599845
40 2.118469815482074
40 1.202358797357396
40 2.896623788911407
40 1.070443426661857
40 2.488377647104022
40 0.839181293562719
40 1.432494138489329
40 1.804194137964650
40 1.187785842956648
40 1.759523455186553
40 2.235204774469206
40 2.000543360393683
40 1.550632023466870
40 1.751425987003918
40 0.828108890503835
40 0.819216230834581
40 1.554810792875011
40 1.303613392612567
40 2.846687495634519
40 1.679127339244920
40 1.959040900655532
40 0.966494123834618
40 1.731979324038916
40 1.914770520446792
40 0.705254303018634
40 1.317335774412403
40 1.338321512964644
40 1.442337831806002
40 3.553911602642641
40 2.285125867289638
40 1.212357025543395
40 1.636923653647587
40 1.446770741434110
40 2.527884732333140
40 1.809763832612752
40 1.486771738957568
40 1.283148991173389
40 2.452980747131509
40 1.290659106029553
40 1.085632124140391
40 1.940148862538541
40 0.861363291247150
40 0.997419785521538
40 1.296267426732975
40 1.216826284568386
40 1.005580888454187
40 1.402188388903789
40 0.737167335889329
40 0.830266853362163
40 1.428547018324586
40 1.526279968167743
40 1.688287895864544
40 2.196860666672400
40 0.975923024799579
40 0.862684460967213
40 1.073778765323631
40 1.573998314183208
40 2.200685965545098
40 1.659212325216830
40 1.484969969287949
40 1.196478568605411
40 2.101454856898197
40 1.977148603797056
40 1.496139268710207
40 1.029866274199096
40 1.843121024904830
40 1.131051894712636
40 1.522995083392805
40 1.457340006515218
40 2.773697907109417
40 1.382423364696837
40 2.291856019705953
40 1.588136600991441
40 1.710864061120965
40 1.469874555971757
40 1.611288692609704
40 1.345854810788651
40 1.045044290687439
40 0.960316648156098
40 2.073255162259837
40 0.765205500498087
40 1.751081662866113
40 2.579293836448919
40 1.717183750128333
40 2.941506184184218
40 1.087029589537000
40 1.155761529495683
40 1.147939137723544
40 1.088235483001947
40 2.951835945140570
40 1.420418995955064
40 0.891081435326809
40 1.251756568799584
40 1.457188272663923
40 1.461189383628522
40 0.874849945906409
40 1.184866950995518
40 1.364750760077115
40 2.047343063086227
40 1.655318876374301
40 1.579347185139609
40 1.582847209037198
40 1.081477303680238
40 1.373955078635798
40 1.237781352710044
40 1.348864425297904
40 1.847537914608912
40 1.287362435288879
40 1.431342207308477
40 1.417942964971580
40 1.999778174198733
40 2.013200119957988
40 1.641853414040233
40 1.402294104603916
40 1.263959347191580
40 1.380076061193359
40 2.224016048127191
40 1.441645008981306
40 1.371847183086624
40 1.529460997637338
40 1.638603110755081
40 1.249575935509065
40 1.760479295718959
40 1.067501722261619
40 1.506251766929097
40 2.622992325650376
40 1.619240378975813
40 0.933047449809903
40 2.223502583808390
40 1.026255524861906
40 0.800557363249210
40 1.610530051278169
40 1.902357932164900
40 1.169931111823189
40 1.582886953955061
40 1.192155532450206
40 0.916180478169412
40 2.271771304923931
40 0.756865334901372
40 1.984564045646299
40 1.193981583940642
40 0.934241662519193
40 1.440134408906259
40 1.280506393216639
40 1.866831162706569
40 1.269449311270119
40 1.158142829584058
40 1.185765820893395
40 1.366702440748604
40 1.108333300604031
40 1.427246433535295
40 2.047567785704073
40 1.398056768166622
40 0.994012183403047
40 1.521160079790289
40 1.235352306216019
40 1.100625726259640
40 1.083884536247503
40 1.058001296348672
40 1.346556025888805
40 0.974009223831093
40 1.401183069740858
40 0.861225812342061
40 2.533581605590813
40 2.033784469136521
40 1.077734955841404
40 1.124102562321751
40 1.620507681041691
40 1.432500733772871
40 1.882461675443421
40 1.885287847310398
40 1.428656693754375
40 2.066940235837389
40 1.425713259925681
40 2.032570934463769
40 1.437959806251110
40 1.251266501321409
40 1.806112672583092
40 2.050780866184112
40 1.176364907271896
40 1.608181189536973
40 1.720966416592594
40 1.075848075746995
40 2.223616891664989
40 1.400157124821037
40 1.698222150073694
40 1.933558992931543
40 1.243483750670546
40 1.764761550908574
40 1.774025717305712
40 1.178912639449725
40 1.522737848022386
40 1.618326022451352
40 1.986545756950548
40 0.959636882565636
40 0.848736744454397
40 1.726875210771258
40 1.405579583023103
40 1.798268480404856
40 1.278142690525174
40 1.190026967572583
40 1.193086902513574
40 1.819545442997425
40 1.522118121003878
40 2.164603760434630
40 1.323738253487857
40 1.271790776892809
40 1.960927936952739
40 0.895780994744385
40 1.210687111768271
40 1.467110277162774
40 2.912610561791751
40 1.492758395514823
40 0.888401828501154
40 1.141497027496678
40 2.214416299238124
40 1.311465104728967
40 0.989734151073121
40 1.816538158424990
40 1.691958430965657
40 1.518185469731208
40 0.929158958085885
40 2.001115551182746
40 0.759383713274966
40 1.219318665382829
40 0.881303077222132
40 1.045835347880122
40 1.081596792583207
40 1.036832205599890
46 2.457545230586255
46 3.344666899426660
46 2.791801601642248
46 3.361063425758092
46 2.629513566546411
46 1.940097139162063
46 1.632116453141137
46 1.286694469971323
46 2.403756501159655
46 1.450433214272052
46 1.982214984079072
46 1.248473015285430
46 1.945038888268757
46 1.457002317776002
46 1.473893798182996
46 2.374113231692187
46 2.331538843434663
46 1.391259642754213
46 2.086048592717754
46 2.594868288209916
46 1.789394470549128
46 1.666051846121938
46 1.579635103420208
46 3.229348666633412
46 2.416415582906362
46 1.804638014808317
46 1.434587413182648
46 1.930078587726414
46 2.104661045865480
46 2.068103929995938
46 2.727855605264329
46 1.117626115316681
46 1.785435208066684
46 2.745098816535579
46 4.820200285869019
46 1.700311733472309
46 3.782632381123210
46 2.142723238187872
46 1.893342441429708
46 1.428107772632453
46 2.584731083135536
46 2.839055792475858
46 1.275222910322273
46 1.363129113628872
46 2.476227524687109
46 1.256124709531981
46 2.796246467423572
46 2.695427124504464
46 2.023587657019375
46 1.095970940440989
46 1.805484560235803
46 1.341157594160371
46 1.453772691534355
46 1.610928336766557
46 3.359995102149666
46 3.576986755149146
46 1.971707870161719
46 3.038426520878831
46 4.894356678251557
46 1.306055656826345
46 2.897548972456843
46 1.096523854662098
46 1.859317978389567
46 3.796060640081784
46 2.698781459283349
46 2.944406885318104
46 2.861747639234131
46 1.814485077617787
46 1.627947753727029
46 1.795115995274284
46 2.238819511422334
46 1.772863378638476
46 2.024275663211390
46 3.142624439348604
46 1.182047793401200
46 2.747036045760657
46 1.592769439116178
46 1.320537316841644
46 2.112800843630207
46 2.091567783005780
46 2.395795108783470
46 1.552385419266898
46 3.130734599498326
46 2.127269990926814
46 1.366395681664985
46 2.350865519456577
46 1.844618265403960
46 2.117973472010920
46 1.836692617764786
46 2.436686641852210
46 2.935161096120711
46 2.071528664845384
46 1.818236911607078
46 3.063836145297434
46 2.810301045771560
46 1.956670073032342
46 1.796318591884952
46 1.635292868706941
46 2.961684878944594
46 2.410845040518534
46 1.725030649342829
46 3.275066853855746
46 4.580220677291658
46 3.422024752576257
46 1.401134910444163
46 4.625523388186967
46 2.430320365015500
46 2.587480926179280
46 3.120017183801603
46 2.254273934269116
46 1.603657296578820
46 2.147158480277393
46 2.115989068944751
46 1.765128498637891
46 2.389925095494710
46 1.427803256207453
46 1.871955233318075
46 2.380226788309995
46 2.030697776505437
46 4.401087825442585
46 2.128562297263488
46 2.503471955509332
46 1.198271459633879
46 0.969572313175767
46 2.381115310795401
46 1.989686721072916
46 2.834815742744753
46 1.394994635928523
46 1.248947988298941
46 2.312173876318568
46 2.586623108573093
46 2.082414654150107
46 2.228905889000887
46 2.673138655115666
46 1.006996390483675
46 1.395599329616014
46 2.799436979377538
46 3.915428520113227
46 2.717147929929216
46 2.435650560287870
46 1.180900233537531
46 1.692676563743789
46 2.490570224875303
46 1.491298512605308
46 0.930810716790484
46 2.660714871782225
46 3.265507443845357
46 1.383668561167270
46 2.836660791078818
46 2.137905422032737
46 1.582146650831749
46 1.308345350481021
46 1.860931870797819
46 2.207406147185432
46 1.402646493033378
46 2.845484664730948
46 3.104843581354001
46 1.636981431880444
46 2.526994303506581
46 1.069204241605965
46 3.506499525012232
46 1.534801609757398
46 2.147189072515780
46 1.244320439635089
46 1.930939251091052
46 2.206746497927294
46 3.035036334445500
46 1.970308498836116
46 2.355331484732731
46 1.476745136214296
46 1.461765122668206
46 1.238887825779791
46 1.547912638950705
46 1.886322914711924
46 2.110686208056913
46 2.740388259306487
46 2.057232139152031
46 1.609429398268063
46 1.390003266242802
46 2.765443764194448
46 1.481399066022718
46 1.447950876956985
46 2.382328346015536
46 2.206198240949856
46 2.768110492750058
46 1.505357760932261
46 2.900200285587354
46 1.945727844680124
46 2.251156343215865
46 2.098577143726646
46 2.622162087893694
46 1.543077899082711
46 4.031259567178741
46 3.691487672863060
46 2.047630094528702
46 2.132082261831512
46 2.572796606805177
46 2.899235669048157
46 1.162514323311146
46 3.177448191389693
46 3.019539604959517
46 2.492769612406653
46 2.353902336147399
46 1.423883772775649
46 3.604791985796776
46 3.127263715539583
46 2.839468717363000
46 1.914391687927853
46 2.643318829249079
46 3.995210698402049
46 1.736085711742526
46 2.140312572433487
46 1.545268810961298
46 2.777839574211240
46 1.109152007870261
46 2.528288249627618
46 3.039759232181883
46 2.770579232414080
46 2.355537153046194
46 1.072457922340759
46 1.877897893323158
46 2.419615914951676
46 1.939928543596984
46 3.150457646659591
46 2.245644761361399
46 1.980604646858218
46 2.686967550607452
46 2.141119202089182
46 1.715647657836471
46 1.819840308000088
46 3.937135120357135
46 1.798606809001693
46 1.837191527024607
46 1.468823805315536
46 3.709069870470526
46 3.065635494249313
46 1.700509989495938
46 1.760154760905695
46 0.983473949976100
46 2.567017453396125
46 2.773710006979434
46 2.599621599801945
46 2.260411069864426
46 1.336838362075552
46 1.724132032041702
46 1.923385794065833
46 2.356726457985200
46 2.824420744448702
46 1.317378881275058
46 1.194413613531818
46 2.033989737200879
46 3.857809946550930
46 2.367366514116507
46 2.280251880971575
46 1.298613982140112
46 1.546662245542016
46 1.536586177320448
46 1.856455559665335
46 1.908266920881207
46 2.827257679466993
46 4.330144094536784
46 1.564349740686869
46 2.894441693493749
46 1.232344634066143
46 1.120278634184047
46 3.391820525694667
46 1.603592382058491
46 1.928374304671884
46 3.237516769977603
46 1.323575414168145
46 2.630976875516759
46 2.477073260547582
46 2.631510770009029
46 1.197021662232935
46 3.344086541946692
46 2.293239671972587
46 1.202672549430762
46 1.358942529292881
46 1.716084895932596
46 2.414966486888258
46 2.254746299509073
46 1.181703267743259
46 2.201142317327570
46 1.396583063422926
46 1.875485339186088
46 1.753300657065182
46 2.742861271223932
46 2.390394726762297
46 1.924949437698939
46 1.657725861713494
46 1.873031940901023
46 2.108971473769146
46 1.125066347412746
46 1.423208117841532
46 3.063592021970437
46 2.669929567573803
46 1.641979214146605
46 1.741687577959261
46 2.563458170492332
46 1.216532853931091
46 3.070181721411645
46 1.609671334570757
46 2.477291651922518
46 1.417106020931732
46 2.222927051271415
46 2.935990770192809
46 0.917482730077354
46 1.377408377656522
46 1.341065927692857
46 1.290056949136723
46 1.168205498936377
46 2.005761117728103
46 1.701600606981965
46 3.674441196099581
46 1.783950633787780
46 2.386241247373435
46 1.906071587754345
46 1.710162290245068
46 1.851733753549102
46 1.539508566458347
46 1.385870226607921
46 1.564431755963589
46 2.713523023046830
46 1.675133450190033
46 1.528574505141756
46 2.132506756708359
46 2.161052733599076
46 2.111970760159936
46 2.233799942334498
46 2.641613854232975
46 3.470461444128064
46 1.812011527579361
46 1.602589637976408
46 2.733163274974012
46 1.423800945379245
46 1.866056874069331
46 1.299710063126950
46 2.276857836269022
46 1.276419030083647
46 2.806109820590570
46 1.183103938179177
46 2.719108238461228
46 1.972254155244473
46 2.376700783884736
46 1.695713289281672
46 1.339851338151294
46 3.225279492013379
46 2.073409706220354
46 2.024730213186928
46 2.406846837521580
46 1.588390866124622
46 1.075537848936540
46 1.328927080453426
46 2.233388605197556
46 1.812586524447418
46 1.289289360141710
46 1.841463463915635
46 2.162865811115656
46 1.866327548929098
46 1.339516192711439
46 2.740685679436938
46 2.335502299551075
46 1.583934353744358
46 2.813988109486842
46 1.625637591878167
46 2.159732743010217
46 1.864180974973721
46 2.027250275273137
46 2.318154439470646
46 3.472838229603236
46 1.485884687653042
46 2.419803962378825
46 1.215119139921973
46 1.629704627077053
46 2.606904801532166
46 2.528198273227331
46 3.639592641555371
46 3.861878768507351
46 1.945677995842208
46 2.089037521060564
46 1.231268516286724
46 2.826063808550746
46 1.379399301288653
46 1.635854817687427
46 3.220316648679680
46 2.205639296933695
46 2.085219253306194
46 1.657343506542979
46 2.103966327081886
46 1.897699673132834
46 1.724844082084482
46 3.713976533446113
46 2.030131769426395
46 2.292035263534575
46 1.576496042369743
46 1.911815744025064
46 3.252046717522007
46 1.211098397772956
46 1.350774399633071
46 1.631542473965599
46 3.382820068819949
46 2.990050297784403
46 2.110943477261649
46 2.962722856084947
46 1.320500840053657
46 1.878224096448002
46 3.665839651725779
46 1.820925220132889
46 2.802289405578101
46 1.577719045748649
46 1.927877520108166
46 2.428682239962547
46 1.852562620144799
46 3.283360027773136
46 2.705599612478691
46 4.382408901688950
46 2.600969280580641
46 2.627138783191804
46 1.719630886464046
46 2.973186079949675
46 1.793163534774887
46 2.203290420986121
46 3.648181870198483
46 3.921259249639119
46 1.673186207932284
46 1.526658354236451
46 2.209723035070652
46 3.074662474052537
46 1.733255844371244
46 2.486619039864042
46 1.533471337110870
46 2.112407570542942
46 2.140661220502873
46 2.173132980379863
46 2.493187360734619
46 2.185983644157556
46 2.711739289492034
46 2.120755448269006
46 2.155659742044307
46 2.317031538108091
46 4.091852224970068
46 1.267093864827426
46 2.215864106352758
46 2.020959940119402
46 1.926748037245873
46 1.419095506802891
46 2.205257040578322
46 1.861834541562939
46 2.732360233735322
46 1.727756948020879
46 2.908091740577637
46 2.140683871642386
46 1.450640437315480
46 2.653028397384959
46 2.494134226055138
46 1.854526802650138
46 2.770514704176911
46 3.407688327987692
46 1.786232929995854
46 2.003672240452812
46 1.213524177959613
46 2.321741788234423
46 2.410828883112349
46 2.939727054275398
46 2.124168050954035
46 1.645223415638813
46 1.902156916483059
46 1.443492469606362
46 1.813293706391964
46 1.566931432342472
46 3.249597237886900
46 2.983443489679108
46 2.672759204256967
46 2.825079737335329
46 2.170074207448806
46 1.908728764170087
46 3.251165886282706
46 3.111378444435462
46 3.641288143502804
46 1.420465120237071
46 1.457026600049437
46 1.950122339360779
46 2.388358119600668
46 1.669976846871386
46 2.574644720226629
46 2.442759535962598
46 1.724910354683715
46 3.133046005748036
46 1.369980302218769
46 2.392261289622297
46 2.780328023042472
46 3.820451707917476
46 4.094598052211445
46 3.461145363419700
46 1.566750115334559
46 1.535400694064448
46 1.695674008254458
46 1.582843603519546
46 1.662628311599574
46 1.119172647290038
