10 0.016423307744063
10 0.029358708276875
10 0.016442114067305
10 0.024048795545756
10 0.017143262280956
10 0.034683813550825
10 0.026410874067989
10 0.029607428473421
10 0.025602516128823
10 0.012903385850364
10 0.013854841885185
10 0.028325449007795
10 0.028572781212256
10 0.027459427343365
10 0.025614370975097
10 0.020504094919368
10 0.018686331251448
10 0.025121516989707
10 0.016512804925670
10 0.028146416411619
10 0.020878440454722
10 0.020401601243603
10 0.021847368437603
10 0.018758512788528
10 0.016552669823648
10 0.027357150496320
10 0.019451640598398
10 0.019215893337112
10 0.029958738290764
10 0.028323366962871
10 0.022354409766374
10 0.027190611943956
10 0.010862080492799
10 0.020190582230665
10 0.048546808099658
10 0.023191318387029
10 0.010008498831957
10 0.025279626686624
10 0.010874487268583
10 0.026112852998311
10 0.018433718512345
10 0.034507977939924
10 0.021591155833432
10 0.023120927049373
10 0.041522978914586
10 0.022408236206118
10 0.046176348719795
10 0.022361831151125
10 0.019819175557432
10 0.019202010834039
10 0.031868413378968
10 0.017724326449972
10 0.029291005716582
10 0.024498754178063
10 0.027436181350780
10 0.018997430429756
10 0.014686350539559
10 0.019652059476387
10 0.030876799778552
10 0.023377278913056
10 0.033983989265204
10 0.012153247070836
10 0.018071923601977
10 0.018876883384532
10 0.030188591025596
10 0.012440653238555
10 0.025724379452110
10 0.014389059773953
10 0.020809952994744
10 0.024142713258684
10 0.039200449511913
10 0.028215429025666
10 0.024289701851382
10 0.035137677700394
10 0.037752771281976
10 0.027305365991082
10 0.029933451546958
10 0.038417276791493
10 0.021689801490489
10 0.028564412440924
10 0.044332321026124
10 0.013995548426423
10 0.019920611570624
10 0.020826118177352
10 0.023390407710811
10 0.033658435727556
10 0.016996480200357
10 0.013913204098359
10 0.030404129408427
10 0.025132175654732
10 0.032550842526019
10 0.020596860561558
10 0.017408811175193
10 0.040978525583260
10 0.042424197959945
10 0.034208776898733
10 0.023271995525510
10 0.034196012801844
10 0.016598613930441
10 0.018491561675814
10 0.028523140460286
10 0.015934196276027
10 0.027057358776250
10 0.016785199112522
10 0.026459600367227
10 0.027367112233632
10 0.017743680859330
10 0.026953741165604
10 0.015311818694111
10 0.026140571113800
10 0.034588066759270
10 0.015501744999642
10 0.022530055301859
10 0.025948172986270
10 0.029257329270289
10 0.028804085267376
10 0.017260312884714
10 0.027461103392543
10 0.024170345952923
10 0.031330190235017
10 0.022736574507745
10 0.022024123450870
10 0.019774663327571
10 0.038393398977831
10 0.047865189326507
10 0.023349707129216
10 0.018584150340211
10 0.016246386769573
10 0.024799288295506
10 0.029911645009432
10 0.021437299928679
10 0.028591393540041
10 0.021201280722144
10 0.017815129957471
10 0.022388963494747
10 0.029761216184094
10 0.015690540812861
10 0.015351967086597
10 0.018784385568953
10 0.022852889822355
10 0.023982177219367
10 0.019312475700440
10 0.014666040811369
10 0.016750045026797
10 0.016403138888580
10 0.016586219669530
10 0.024985822866690
10 0.043211552249683
10 0.021902756181045
10 0.022294860743009
10 0.027880445189406
10 0.020426760095483
10 0.014254341227146
10 0.026952808051554
10 0.032502147161297
10 0.017568342798582
10 0.020876020106607
10 0.023325203389431
10 0.014751410950480
10 0.029793819134944
10 0.027148719504744
10 0.019141763652652
10 0.032300424567221
10 0.026038336600987
10 0.032930800160595
10 0.015494996371045
10 0.015656102191943
10 0.030480373240943
10 0.015505101351817
10 0.017672776026730
10 0.025576556886214
10 0.018754469278401
10 0.021587905809874
10 0.023833607241967
10 0.019895023839247
10 0.024474453411225
10 0.033244252071886
10 0.023259877989265
10 0.028757117182747
10 0.036523559542650
10 0.019125120881392
10 0.017172207271181
10 0.020981035795896
10 0.021768574203494
10 0.038888753253552
10 0.015334126310249
10 0.030412042717425
10 0.033232329456019
10 0.010887490540617
10 0.020908188786209
10 0.038039992453575
10 0.024376329209957
10 0.053235118636734
10 0.024972861448084
10 0.012859605114994
10 0.014039824376911
10 0.018589801064542
10 0.024768254543415
10 0.026458974777911
10 0.017236706069353
10 0.016175943495064
10 0.032075496699680
10 0.025181040618735
10 0.022737226183008
10 0.033793595659414
10 0.025586859327941
10 0.025363775922448
10 0.023406693606683
10 0.032338284876682
10 0.019850852693934
10 0.029273638925176
10 0.020925590560729
10 0.034712369530401
10 0.023141749567300
10 0.027291555183325
10 0.038251784954992
10 0.015714655255319
10 0.025540899884945
10 0.029741614592035
10 0.037908408040133
10 0.054378863274770
10 0.034036240521045
10 0.013930686093484
10 0.019879916049386
10 0.014852170608047
10 0.019822296452724
10 0.025823054631204
10 0.015672987439790
10 0.023174641431444
10 0.033129492247242
10 0.022787091026297
10 0.024118737972330
10 0.017613408559051
10 0.019984085197619
10 0.017017044626142
10 0.018139536921763
10 0.032575685183050
10 0.022596758551705
10 0.011420385840856
10 0.021666467442125
10 0.028528582637649
10 0.019352987324915
10 0.021217808900445
10 0.036333698248572
10 0.018751151542215
10 0.024344403400598
10 0.023530560254324
10 0.028812686135390
10 0.021614653473887
10 0.027880898445578
10 0.011897277245761
10 0.025931181967093
10 0.035138725504682
10 0.025466908341398
10 0.016912351579303
10 0.036237567604839
10 0.028100651208083
10 0.022456984778304
10 0.032808182696966
10 0.019307946474180
10 0.017352265483307
10 0.022132366775037
10 0.038468168270534
10 0.025135971699288
10 0.032744824929765
10 0.026500420177426
10 0.024977574229721
10 0.030594842547990
10 0.023445541203495
10 0.038226887830757
10 0.014911323288946
10 0.018852551988647
10 0.020188185601124
10 0.027926112990759
10 0.020451130493173
10 0.010940106928134
10 0.016854047616984
10 0.022760045212047
10 0.033393904852793
10 0.017137787317907
10 0.019983799532154
10 0.034218129159202
10 0.018747471586033
10 0.028020552284490
10 0.043696286536381
10 0.025269198281112
10 0.015257166586658
10 0.038167066571262
10 0.026935140068205
10 0.041883459272755
10 0.018980008178202
10 0.036639210869056
10 0.013628781442123
10 0.021085491493515
10 0.018303556643570
10 0.011769587180969
10 0.026410544378675
10 0.017969054972782
10 0.021833317535117
10 0.031855654171833
10 0.014495913168855
10 0.023889693325573
10 0.029156396971356
10 0.028903211316522
10 0.017340293967731
10 0.031404922655071
10 0.024671711409280
10 0.018888190098839
10 0.018159175463922
10 0.021678659580091
10 0.030543119243683
10 0.020458453773633
10 0.015862754284537
10 0.038464459933206
10 0.021793201977558
10 0.030470590417632
10 0.014091525938924
10 0.024750182198161
10 0.014668005947622
10 0.035208352615758
10 0.027573350625146
10 0.014198829613204
10 0.029824966198781
10 0.035153374004129
10 0.020073673720858
10 0.028331442852142
10 0.035247421853994
10 0.016635490453991
10 0.030399636229762
10 0.025731775093159
10 0.022788312441750
10 0.016408121618922
10 0.022062780251831
10 0.058104819438542
10 0.028881778411427
10 0.024188778540070
10 0.035725105891148
10 0.032348746805928
10 0.029903427695362
10 0.019984792775819
10 0.022027642449500
10 0.017384190409392
10 0.030101356273077
10 0.018736374534007
10 0.031325418411933
10 0.018747044136555
10 0.029661577241907
10 0.020841410236726
10 0.047339714895053
10 0.016520106572319
10 0.026352614875319
10 0.047995846228274
10 0.031479184250584
10 0.032294893594923
10 0.027169580356806
10 0.024044409495402
10 0.021290184002699
10 0.034194819831623
10 0.025254348943689
10 0.046755108999375
10 0.042379006639814
10 0.042665820374913
10 0.015318806314304
10 0.016144118371812
10 0.020570155860282
10 0.024071687664255
10 0.035939768877555
10 0.023878305376053
10 0.032376931513951
10 0.041657560119885
10 0.048189958514516
10 0.029732717022600
10 0.017270797136893
10 0.041407195919448
10 0.046585702502013
10 0.011309637875995
10 0.014502711274549
10 0.028536607479604
10 0.030697839599124
10 0.012818158807053
10 0.030673507801172
10 0.026453850129720
10 0.042866865657529
10 0.020437341997162
10 0.027915348961507
10 0.036266042610923
10 0.035690545026730
10 0.032445045286046
10 0.023518061407217
10 0.035196818560573
10 0.013916763933843
10 0.047686488799163
10 0.021685911930230
10 0.014964083046872
10 0.017727070323893
10 0.037481247871093
10 0.015535369037090
10 0.028182355835011
10 0.026596066468411
10 0.019220987350341
10 0.018916211405886
10 0.025879197823257
10 0.037352035426984
10 0.017502106687616
10 0.034412972329826
10 0.019901579486476
10 0.038233087781065
10 0.046673022344013
10 0.033652285530170
10 0.036246624164766
10 0.030908770826683
10 0.030473808362944
10 0.022744827471769
10 0.010085845795235
10 0.023756333979120
10 0.026262556349469
10 0.029695007538928
10 0.015323711336017
10 0.047076490623539
10 0.020867977271297
10 0.023602950693654
10 0.017517795426051
10 0.040311815690105
10 0.018732897681295
10 0.013887142687478
10 0.021574241372716
10 0.028781420013606
10 0.017317792566548
10 0.017350127149717
10 0.021027805579548
10 0.037250352035780
10 0.030010015991598
10 0.023752791775277
10 0.018765316632209
10 0.019883460167717
10 0.019456753206697
10 0.017782986765888
10 0.020981022520076
10 0.031352700159260
10 0.023303012135310
10 0.035838426214457
10 0.025530855109178
10 0.011863745086642
10 0.039796529617595
10 0.017380840728519
10 0.039808785526106
10 0.017719429450537
10 0.040032410324708
10 0.018325020354643
10 0.025420492081840
10 0.018267470217611
10 0.025612191613988
10 0.030304689230524
10 0.026308319136251
10 0.023280701199795
10 0.014149189959006
10 0.026255867619487
10 0.028942183091094
10 0.015471171825593
10 0.027529338536504
10 0.035186588896738
10 0.041282099825483
10 0.028587275156576
10 0.029960401384945
10 0.038666196024102
10 0.018592836309479
10 0.018065219789259
10 0.025287190132346
10 0.023936927904124
10 0.035317236068175
10 0.043238845669767
10 0.034238277241931
10 0.025425559836329
10 0.026355303332286
10 0.044984324617244
10 0.032869204040314
10 0.016679022130368
10 0.025026633622919
10 0.031215517304468
10 0.026760678992002
10 0.043970297089252
10 0.026677016821473
10 0.017015319968717
10 0.036326801057933
10 0.037919865146409
10 0.013300390600512
10 0.039519846270441
10 0.023922461453338
10 0.040159303027231
10 0.019092933414186
10 0.014496916360155
10 0.018971102031391
10 0.023668373139656
10 0.018853600318086
10 0.037273723743573
10 0.047212794663721
10 0.027288707372166
10 0.037159164420564
10 0.023730569629468
10 0.028421794214849
16 0.193122051498084
16 0.143803753630278
16 0.123177423602117
16 0.211616283633651
16 0.142200774892879
16 0.198085721886468
16 0.143318402174111
16 0.131753359354541
16 0.214007430057900
16 0.284424914846503
16 0.194948743935395
16 0.229724278988351
16 0.114131934586467
16 0.117085181393923
16 0.209865493847403
16 0.160347403527403
16 0.150428675331101
16 0.255976817174287
16 0.184899305802745
16 0.185270414697542
16 0.181721721293020
16 0.203260612730420
16 0.170247465110415
16 0.182835320711251
16 0.129029721844658
16 0.255518348907258
16 0.169829860772581
16 0.320190164356008
16 0.145010889665396
16 0.210940439314597
16 0.114756967634408
16 0.094156678527342
16 0.171531692984534
16 0.163189533973951
16 0.104845754443738
16 0.192703082545625
16 0.181198862395143
16 0.284665092757335
16 0.193591155585677
16 0.142600212453910
16 0.237421813678301
16 0.106460559685172
16 0.176776195081789
16 0.233087558873386
16 0.176137062834844
16 0.150900583406349
16 0.217905454390304
16 0.154832808860136
16 0.189450845637833
16 0.096684675364173
16 0.073165975149654
16 0.243516855487377
16 0.221249579994695
16 0.211913814781158
16 0.307924561359983
16 0.212360810812478
16 0.168767740724244
16 0.243666101730953
16 0.218730720564419
16 0.132115115498547
16 0.140731141788891
16 0.129353176113220
16 0.241742902783074
16 0.111857185740256
16 0.117418609607959
16 0.203335729631769
16 0.091815556858486
16 0.122917481302575
16 0.105211791559769
16 0.160180985814855
16 0.172556600907958
16 0.173405501417013
16 0.243778796532580
16 0.160171684815027
16 0.178537442753578
16 0.130495793339157
16 0.096677779275472
16 0.312235632562138
16 0.141689765071539
16 0.096349120630740
16 0.153788992819832
16 0.122834748080788
16 0.196983825224359
16 0.131464741279940
16 0.146186986330630
16 0.144565599273180
16 0.111566980920717
16 0.153777680566166
16 0.146455702569360
16 0.163174400946578
16 0.189551207908756
16 0.291821786529203
16 0.253245718368898
16 0.117892659547593
16 0.207516182672614
16 0.278493095279661
16 0.111258270292126
16 0.151067612535443
16 0.144230592547467
16 0.111362448457830
16 0.191333648607712
16 0.123672793627561
16 0.160630335350250
16 0.181636036349921
16 0.119533280496362
16 0.182189779713289
16 0.309276952548013
16 0.140138053768391
16 0.143328461929683
16 0.082226303243139
16 0.210192866654835
16 0.205458493117217
16 0.183109412688540
16 0.164845659500248
16 0.112232931902396
16 0.123267114348381
16 0.097641289308187
16 0.159097832650363
16 0.211751890673145
16 0.195518770016053
16 0.105938835842319
16 0.114142354577679
16 0.167285332415447
16 0.201264812550236
16 0.159812117930050
16 0.137222969837218
16 0.147443075457180
16 0.161090228640393
16 0.121321127327783
16 0.125329489765511
16 0.206385196690587
16 0.144092076604301
16 0.165009922292817
16 0.125083970234227
16 0.246847994136694
16 0.160809450723405
16 0.214381207801431
16 0.206080259184561
16 0.153254891385318
16 0.174082968226327
16 0.107090042551158
16 0.093121905508819
16 0.128535025098880
16 0.209228406842634
16 0.137768666299120
16 0.217866953658490
16 0.153778670976394
16 0.104246023615783
16 0.096493510828541
16 0.263707951846351
16 0.114380639552128
16 0.245291543267943
16 0.252163599076930
16 0.222160860340624
16 0.158209644829549
16 0.103432567141918
16 0.092774576886430
16 0.114108760254752
16 0.255131270863765
16 0.156991050385811
16 0.121237237901193
16 0.093012072282291
16 0.206975687929274
16 0.144062958156930
16 0.336842433436127
16 0.161359878463050
16 0.121527648397112
16 0.107086284510108
16 0.111976537490036
16 0.318699485452017
16 0.230370841768144
16 0.207752251375532
16 0.183464258690920
16 0.224314100650167
16 0.178139375723658
16 0.235161874003693
16 0.235155101310116
16 0.180135811623278
16 0.173624896993630
16 0.169874285286301
16 0.297373619984917
16 0.199615291278171
16 0.219103867174091
16 0.233674169740827
16 0.188674115843198
16 0.124890769356341
16 0.190444604733594
16 0.182535471363788
16 0.243656091576200
16 0.140504049499584
16 0.196178243364492
16 0.217795329231229
16 0.200349243187860
16 0.226479728866655
16 0.120428094660406
16 0.216725112188256
16 0.157725662240340
16 0.227435704199094
16 0.127676820405349
16 0.216545413451815
16 0.307794600469990
16 0.189187503769040
16 0.202068539759964
16 0.103562208118214
16 0.233397731903507
16 0.244554289563198
16 0.152121897941597
16 0.207173035764493
16 0.160078200114500
16 0.228096352887418
16 0.159658248189702
16 0.238440925614843
16 0.318172640257611
16 0.138122299529786
16 0.149229095872519
16 0.144303551663949
16 0.184697636722655
16 0.185040237725559
16 0.340234127632589
16 0.079243290106442
16 0.118144210046718
16 0.185651757492171
16 0.102675668538594
16 0.222472364762305
16 0.112656371583062
16 0.149121548323817
16 0.107824698606019
16 0.160765453471897
16 0.084836626382429
16 0.144446263640963
16 0.301800773319034
16 0.285616543031854
16 0.200575361078099
16 0.146133380085189
16 0.135070290190309
16 0.139434121814545
16 0.191415379759549
16 0.132796614386989
16 0.152081617674200
16 0.123951087873823
16 0.200546391947187
16 0.169862292609633
16 0.098995266853262
16 0.167615223093148
16 0.185604867080775
16 0.125448296701883
16 0.160579715832349
16 0.127558700060914
16 0.252854895924133
16 0.125049486493194
16 0.095798430111716
16 0.236435246906323
16 0.254712807620486
16 0.186023476845450
16 0.279149419691230
16 0.149264092172885
16 0.250957413865488
16 0.218352878451487
16 0.199186937002019
16 0.118995604950585
16 0.097053276994966
16 0.177069076694475
16 0.240955706934424
16 0.157415090613927
16 0.248950875057338
16 0.131457279991018
16 0.221013812515830
16 0.110555099093106
16 0.098721564047905
16 0.130677645556922
16 0.233826338810427
16 0.116646901717431
16 0.173705743086754
16 0.151682994708342
16 0.067147975665139
16 0.128676452427016
16 0.137609922373959
16 0.227954993137605
16 0.147057469035935
16 0.150116947042476
16 0.207312150162163
16 0.154027668598339
16 0.231062600340045
16 0.165668623138500
16 0.127501877305698
16 0.126932030367451
16 0.134971814577575
16 0.115158698325159
16 0.329294555405065
16 0.155807269863960
16 0.261958370249270
16 0.216128576163987
16 0.248462500541418
16 0.132653625479676
16 0.274628400421794
16 0.145305297877219
16 0.182080451975617
16 0.128907691215504
16 0.262180272568933
16 0.144352326948415
16 0.280194182491167
16 0.190877452963036
16 0.126558062428988
16 0.162053321459578
16 0.159503508462133
16 0.193556273792106
16 0.127767083303072
16 0.155321986700164
16 0.156840523698317
16 0.174554293219664
16 0.160124481035810
16 0.164991116424413
16 0.103488375504115
16 0.145544000031001
16 0.162557405322129
16 0.216905478704068
16 0.169138793187184
16 0.223202609200211
16 0.173159304416388
16 0.154795384978703
16 0.180405932788861
16 0.167106550870793
16 0.099054876070053
16 0.154183908947659
16 0.164029154644987
16 0.127035383618454
16 0.331975082630865
16 0.196100730245132
16 0.156949160634702
16 0.193646792463127
16 0.098864584333432
16 0.170882825042899
16 0.262523566894104
16 0.131736638736738
16 0.143182296809496
16 0.126355440431316
16 0.099013471213951
16 0.200066606620471
16 0.108054398170518
16 0.147298956225412
16 0.129154316141395
16 0.119225010560412
16 0.215028864549365
16 0.148308555547826
16 0.209941689788297
16 0.197323628456182
16 0.189447042925602
16 0.181040895877336
16 0.147381152049218
16 0.116685525930310
16 0.088657945826218
16 0.156573084567475
16 0.226707720858009
16 0.143721981189827
16 0.264995665434208
16 0.110034850823451
16 0.155208329354429
16 0.118366626421266
16 0.113928014408089
16 0.180799364184316
16 0.184433307070916
16 0.207344448924423
16 0.207230116661904
16 0.177258393184192
16 0.183818162523966
16 0.189079315291587
16 0.107415487403168
16 0.219473740945993
16 0.148351790390753
16 0.110722927208619
16 0.109737411108967
16 0.218135194431924
16 0.189446057850930
16 0.233663818848013
16 0.174088465054615
16 0.168854083989475
16 0.214307290314751
16 0.085682545893802
16 0.211388938105424
16 0.232974811066242
16 0.240449817320142
16 0.301841605138956
16 0.157048163142432
16 0.148622190668304
16 0.110074998072000
16 0.175500999257903
16 0.201220311090414
16 0.169084760351136
16 0.139546211238148
16 0.113529787402110
16 0.199310023864704
16 0.328911708195044
16 0.163342514621811
16 0.209432532075911
16 0.091284605756982
16 0.132917394225193
16 0.156122242377762
16 0.412543533847332
16 0.140161790511268
16 0.201020983501323
16 0.166945646436894
16 0.135862577453476
16 0.320868323369645
16 0.213980907730679
16 0.222555531721582
16 0.204055361031201
16 0.206784016608376
16 0.151878196274703
16 0.174425638454111
16 0.125227902385865
16 0.166681015274432
16 0.107535587410058
16 0.197151143804346
16 0.141693391247282
16 0.093596739218971
16 0.148760326482726
16 0.327754846560689
16 0.144986962747935
16 0.171852396096756
16 0.216182337418055
16 0.110036003576665
16 0.134923083932311
16 0.124609020749354
16 0.149971267366893
16 0.091678092000044
16 0.080818074567438
16 0.144026089130722
16 0.150108027099705
16 0.261757302685393
16 0.116953188306850
16 0.192781763881961
16 0.170227817418705
16 0.191020602136415
16 0.193877515063185
16 0.201828194634461
16 0.107741087016548
16 0.192089212343046
16 0.192491794488977
16 0.105505267339821
16 0.157215048573129
16 0.271468940228813
16 0.115287070426647
16 0.278832663740373
16 0.125779396781627
16 0.288258026530866
16 0.154342720727854
16 0.196130775470746
16 0.198765254249167
16 0.126521083447887
16 0.112807131957289
16 0.187488043295101
16 0.162339752543448
16 0.308020744425828
16 0.114980508080120
16 0.137392004933392
16 0.172133928177192
16 0.147530726625911
16 0.281259368434788
16 0.127281053676542
16 0.265608592438078
16 0.246683286011943
16 0.116021152101810
16 0.125154071546066
16 0.298832534884511
16 0.118407088823708
16 0.147562193548954
16 0.170694319687589
16 0.144337525936640
16 0.182636535961223
16 0.202034852589946
16 0.238498084431427
16 0.262068005720743
16 0.236889549289946
16 0.231368450289153
16 0.163868392375870
16 0.104335823838270
16 0.219011691167555
16 0.178827072010250
16 0.214520198499203
16 0.169921533566762
16 0.178308017852856
16 0.128303513429320
16 0.113821611355156
16 0.193026023335198
16 0.161842687456837
16 0.107921676152944
16 0.340312153570267
16 0.150484522576343
16 0.185984553120184
16 0.213440606596012
16 0.227605926186067
16 0.232507778583604
16 0.138114847081480
16 0.151501435086031
16 0.110183554575417
16 0.252834376341988
16 0.148130917677969
16 0.153896491307640
16 0.093708398166243
16 0.093834155107906
22 0.411385813754140
22 0.868514482627740
22 0.609166433312969
22 0.855113463477919
22 0.753880847014922
22 0.311689128738279
22 1.150644895250703
22 0.888644969635498
22 1.419712610887419
22 0.793769882344085
22 0.582690227097028
22 0.432078815114072
22 0.781698657999616
22 0.395851805957539
22 0.528513313330677
22 0.656757593148281
22 0.700529552611350
22 0.494297266061771
22 0.402885704137818
22 0.443548819111748
22 0.740859711882642
22 0.290372475707070
22 0.529217041081498
22 1.113976742364685
22 0.576945581168182
22 0.407959691222461
22 0.433530621994906
22 0.534207914863569
22 0.507815281366435
22 0.661780823043649
22 0.778585229962867
22 0.673855726774980
22 0.369163316671340
22 0.564600524182381
22 0.653709218820752
22 0.690156958421539
22 0.414672965681561
22 0.478138159615427
22 0.748423515251607
22 1.289065324451943
22 0.815086655840024
22 0.604979212100493
22 0.654381435152275
22 0.299914454770343
22 0.538441601564957
22 0.611368913420041
22 0.396787176530457
22 0.651446126064557
22 0.526481009899614
22 0.650915329522086
22 0.600729477612717
22 0.330154152973860
22 0.667686986647714
22 0.640111410672120
22 0.793030157049901
22 0.422138245255264
22 0.627804805030917
22 0.919984096039253
22 0.769924297923866
22 1.626722806588933
22 0.828383498418686
22 0.892388162703039
22 0.666438629947731
22 1.217625894395248
22 0.797604531935562
22 0.987454478347792
22 0.541296428867605
22 0.516506186399854
22 0.528301601977155
22 0.934341177020210
22 0.431383392831006
22 1.127777735861937
22 0.401083340584112
22 0.589621877191224
22 0.384877615283346
22 0.569198845925087
22 0.623491875836478
22 0.694325727784939
22 0.459446329975642
22 0.415689283686583
22 0.431793663398813
22 1.161588282638862
22 0.403833890439760
22 0.809828299735492
22 0.813204906094953
22 0.704792268613012
22 0.733517398479744
22 0.373320978677704
22 1.130924790195890
22 0.325380247697530
22 0.649838842591306
22 0.573164987559834
22 0.486792936086989
22 0.425113646821027
22 0.550937035294107
22 0.371147951055414
22 0.360331639533461
22 0.483151476425961
22 0.733500556743486
22 0.439079876154725
22 0.335107170761929
22 0.309528481248956
22 0.693039645992601
22 0.460975240895873
22 0.890250492215968
22 0.431917660399683
22 0.689015179924460
22 0.449778988065168
22 0.693415573615256
22 0.781998514597235
22 0.385645360954677
22 0.759998661485827
22 0.706193205414164
22 0.709543828499669
22 0.712632054791012
22 0.547285514646237
22 0.368213127041194
22 0.502080120532432
22 0.514080402862860
22 0.551297788157279
22 0.369001347349553
22 0.479424675375144
22 0.548144062468478
22 0.610517324918042
22 0.705252796314873
22 0.951788048486607
22 0.538628404846624
22 0.577480431737649
22 0.331676543386689
22 0.518179880288077
22 0.604941543370682
22 0.648322026699272
22 0.727007397166119
22 0.821483538923951
22 0.379807201367606
22 0.493401309892631
22 0.533353577377444
22 0.469274130946572
22 1.021138939472841
22 1.106491312007702
22 0.339896852233398
22 1.243404385101103
22 0.654958405691180
22 0.749365569712654
22 0.492127904646223
22 0.758904109370949
22 0.518813772492960
22 0.836646489923513
22 0.764755843619414
22 0.354775046042927
22 0.615306164971905
22 0.457332124546351
22 0.525891432300766
22 0.329096131675520
22 0.932242303103855
22 0.400606193426270
22 0.576984655426415
22 0.395828397533446
22 0.636352071653691
22 0.594906660536631
22 0.424478762615432
22 0.501231585757882
22 0.273498120947943
22 0.375181945652540
22 0.685896880959406
22 0.368947299161360
22 0.701471758842485
22 0.641997121228301
22 0.825666647488786
22 0.365674988994723
22 0.581222434815744
22 0.733270527565334
22 0.621863348782630
22 0.545654723320344
22 0.413213753001416
22 0.682937927214845
22 0.450730880504428
22 0.585304068809121
22 0.782439555959702
22 0.617103424445796
22 0.440190218091636
22 0.586209269884156
22 0.735416504749704
22 0.304633271378314
22 0.385904970573901
22 0.674198073767162
22 0.747410716365344
22 0.721938288855980
22 0.568808014700315
22 1.010465079999352
22 0.375868524143254
22 0.872547247318567
22 0.734752378889187
22 0.503326965605874
22 0.453815173827250
22 1.114100847304552
22 0.601984532434863
22 0.428964017016456
22 0.756275519064171
22 0.559396512483933
22 0.469822894258923
22 0.428154424413350
22 0.403332690419425
22 0.531615276105915
22 0.422919794232154
22 0.588290310328294
22 0.408809123208110
22 0.593978096029548
22 0.642579707362024
22 1.361043613364745
22 0.447646001328110
22 0.582976654785160
22 0.858055142642221
22 0.492972535624508
22 0.475538018869512
22 0.544464314019699
22 0.361924214414093
22 0.398210764668056
22 0.650846140963130
22 0.564528020874039
22 0.676823662927647
22 0.564886936700589
22 0.753032766798329
22 0.471762470221707
22 0.539291867956106
22 0.398342108685405
22 0.701658553430331
22 0.576755435237699
22 0.811821386137397
22 0.727759275826243
22 0.480557908230590
22 0.626004151608228
22 0.786577642506574
22 1.020207170282994
22 0.258330239326792
22 0.538169286207220
22 0.685170599604984
22 0.342297977670526
22 0.438711040460493
22 0.749064994943353
22 0.427784940298826
22 0.593212286963975
22 0.478101576857776
22 0.547660488565278
22 0.525335013933534
22 0.341359199718062
22 0.668917518425610
22 0.529712805546130
22 0.601027916311181
22 0.573214378514869
22 0.800861564871156
22 0.427819703630892
22 0.830802887392783
22 0.765153200908092
22 0.427641811264166
22 0.653384454282889
22 0.511667674525452
22 0.258361927413912
22 0.735073521868415
22 0.604190044902846
22 0.550540012413765
22 0.736407302065775
22 0.805702232127741
22 0.477127510666795
22 0.497621845793236
22 0.714344934878474
22 0.564905741600102
22 0.463547909904563
22 1.069447751306889
22 0.379736621331035
22 0.650554886274102
22 1.020246676587311
22 0.966253642219494
22 0.540682199245043
22 0.462421021380775
22 0.937748238218101
22 1.048793613333893
22 0.618672257594854
22 0.748125283994151
22 0.654722020147797
22 0.732547382639967
22 0.573999077096113
22 0.489002184790932
22 0.611583628231691
22 0.545881338172116
22 0.990505877923369
22 0.630209711623647
22 0.458679961993351
22 0.785016508074127
22 0.624756381188960
22 0.799654340272951
22 0.617076560758557
22 0.458584739815417
22 0.675513216722814
22 0.539579361980253
22 0.560723441904297
22 0.425859028236071
22 0.420347985623038
22 1.270486399856652
22 1.292576404314982
22 0.413099149561464
22 0.462998283568422
22 0.735257928350659
22 0.509027610763439
22 0.998201459595701
22 1.053242081851929
22 0.942008307313067
22 0.300473754646484
22 0.422495997628150
22 0.938086009432973
22 0.709335140699861
22 0.415752057363986
22 0.424416723691247
22 0.643573416955931
22 0.459567986747825
22 0.837189410534525
22 1.217545510183085
22 0.712529868814827
22 0.387001817935594
22 0.285716327779579
22 0.578631665513928
22 1.659498003346902
22 0.545383251459351
22 0.538774836462436
22 0.900722183422095
22 0.365183481703343
22 0.393432043532483
22 0.572501536162150
22 0.900674998302975
22 0.968593941737276
22 0.761099343136115
22 1.118623491130286
22 0.409726150977646
22 0.659815378103411
22 0.603519672845693
22 0.918050173801596
22 0.691800002488101
22 1.147480937061566
22 0.497375521961237
22 0.469665467465792
22 0.548754106458916
22 0.563315810402234
22 0.750320773402560
22 0.289841259239691
22 0.369382778435689
22 0.890083475808801
22 0.570742113434950
22 0.533029031374660
22 0.490323565921527
22 0.491873420445869
22 0.277171600253206
22 0.416650556348763
22 0.430997768403689
22 0.343885747976501
22 1.096980025151505
22 1.126873632982780
22 0.330716090890025
22 0.891024051911659
22 0.654378900326757
22 1.013675308702532
22 0.535422708217161
22 0.412313642040534
22 0.681457658790477
22 0.416473544212821
22 0.481548103308067
22 0.461234245017186
22 0.526379302370617
22 0.757244466629562
22 0.293570402142090
22 0.401958518578322
22 0.518987474198404
22 0.621386349103652
22 0.611586393002037
22 0.381971784352359
22 0.569037461746654
22 0.652496379456430
22 0.337723623916085
22 0.686672388362605
22 0.453361656079286
22 0.732100581665301
22 0.555455368838127
22 0.755951828633003
22 0.416494327935757
22 0.487847784684667
22 0.838228646087635
22 0.730236227037632
22 0.316702843977783
22 0.581846791696071
22 0.611855782823937
22 0.366660246761672
22 1.000378159802661
22 0.707062039330724
22 0.555765170596453
22 0.441940861445028
22 0.644622419990164
22 1.035186925321460
22 0.721791821100177
22 0.600318772285186
22 1.343837336819305
22 0.398116649247288
22 0.553367593421672
22 0.664826703993734
22 0.301726179389580
22 0.598570169123073
22 0.750757046161005
22 0.646686781778177
22 0.510943955556140
22 0.423318889887760
22 1.183288740302929
22 0.996808331114480
22 0.648906591908100
22 0.862238477927178
22 0.373207532922705
22 0.792940236234458
22 0.917404841765186
22 0.473515770568931
22 0.507069801842859
22 0.388692995490647
22 0.579451489038955
22 0.540629191138325
22 0.594786926123854
22 0.422396257608707
22 0.573224337093092
22 0.655853984943882
22 0.753556615053074
22 0.707330047196421
22 0.880185162125817
22 0.626567520435072
22 0.581381492878174
22 0.670137169563128
22 0.622430070474008
22 0.962489458938430
22 1.068037001337213
22 1.027072695435916
22 0.440413276678563
22 1.113562711451930
22 0.515865601500042
22 0.765882683784131
22 0.586412540159289
22 0.370101407375652
22 1.027767698656473
22 0.740858941467164
22 0.521632534795416
22 0.390896508049775
22 0.533032389980456
22 0.420846722836284
22 0.559200269550288
22 0.489860849518065
22 0.514686845937511
22 0.626552318502924
22 0.508609009343785
22 0.739471291130676
22 0.481240852062285
22 0.358796046617288
22 0.487972558165649
22 0.484167118156792
22 0.692468102925597
22 0.901277263868757
22 0.941902260347760
22 0.370950310537644
22 0.887100130197359
22 0.555549240892909
22 0.451201931870418
22 0.798580226688393
22 1.024667987721579
22 0.941010759804917
22 0.350273557428664
22 0.762754017301557
22 0.427928625851421
22 0.583887066015977
22 0.501833745091349
22 0.535519351502481
22 0.952125843292001
22 0.575984276451301
22 0.500853372977206
22 0.414097548957032
22 0.537938474964471
22 0.843464885868376
22 1.117897018672229
22 0.710417516150998
22 0.351387799128707
22 0.741801842144687
22 0.489507361728039
22 0.579074990146971
22 0.723548815250759
22 0.601739757884411
22 0.837228905173789
22 0.597129527488397
22 0.844403554611587
22 0.519238265541898
22 0.752849490673922
22 0.359772345337219
22 0.467548365744474
22 0.346484112839305
22 0.311192625054068
22 0.592087064236009
22 0.469275147134983
22 0.710719547947966
22 0.372481324108435
22 0.588543680793490
28 1.816716907008812
28 2.387513449622169
28 1.561050812040499
28 1.178857215363902
28 1.757575273316805
28 1.677307180458017
28 1.291844652801998
28 1.198791224213434
28 1.479029453883928
28 1.762362634051965
28 2.655601908062762
28 1.789853779424395
28 2.777556929611690
28 1.560852838687489
28 1.001916478751067
28 1.290578548740480
28 1.204164559220803
28 2.648006974788546
28 1.101714866704204
28 4.228746209379480
28 1.828034847828372
28 1.754144625754308
28 1.481026120330409
28 2.021503586019410
28 2.244755978774339
28 2.519862515845317
28 1.344041313370859
28 1.942616496744471
28 1.532440291127686
28 1.569632895525104
28 1.337423308823145
28 4.059625022898306
28 1.561211904909047
28 2.373853234396945
28 0.797056966666426
28 0.975064056762972
28 1.591463673057371
28 1.605488456037721
28 1.672532978072414
28 1.709255909762310
28 1.551103170763114
28 1.263889789361724
28 1.841870320693454
28 1.954122029041311
28 1.585373275747885
28 1.411798830503845
28 1.231122931830115
28 2.218263355542762
28 2.070632667080218
28 0.917832202173470
28 2.263947900687422
28 1.148688717301428
28 1.538932547949414
28 1.559045403505540
28 1.674198019731791
28 1.104452877574754
28 2.668760129185704
28 1.242048644902015
28 1.764604989264807
28 1.587010961245182
28 1.563661250919569
28 3.106414572407118
28 2.447389166170469
28 1.926707195708455
28 1.457952370234506
28 2.149878708396625
28 1.568610791362382
28 1.574193137378146
28 0.971814350843380
28 1.494471931608186
28 1.388527511241017
28 1.602615362723787
28 1.288933932863054
28 1.333716688328010
28 0.605134019872279
28 2.737214610483280
28 1.202592088350409
28 1.602436486652882
28 1.348112748833506
28 1.443466614140815
28 2.738965942317950
28 1.945055184874700
28 1.018165749453520
28 0.979183265895669
28 1.260510926676591
28 0.979013302002377
28 2.392069093068466
28 2.008567037835008
28 2.028388014901072
28 1.181783090891345
28 0.734723449346003
28 1.668473127849062
28 2.838821117429602
28 1.052821888576890
28 1.334057239816662
28 1.503973878435922
28 2.219269540556581
28 1.997331403041083
28 3.396643608049128
28 1.435784847449264
28 1.336923730362656
28 1.142097599751263
28 1.450237523710743
28 1.509313321673560
28 1.437475349440308
28 1.674087321124299
28 1.315959000048710
28 2.806840886680372
28 2.295357394622696
28 1.171432732000731
28 1.967486191720721
28 1.376973196629345
28 2.756038076008671
28 2.411219251011093
28 1.429162189907773
28 2.332444451237424
28 1.016034607858177
28 1.459140321654464
28 2.009572330426902
28 1.240345625160956
28 2.029350023806078
28 1.808127876761495
28 1.418383551517369
28 1.570809282571346
28 1.067396572275213
28 1.153855481990268
28 1.669277122639574
28 1.957236771307199
28 1.115102119266409
28 1.670797989949061
28 2.216403860523900
28 1.409345197264026
28 2.033994971747531
28 1.226308849376428
28 1.697144370832062
28 1.551147423805692
28 1.475273383280229
28 1.344175404175575
28 1.161072438577481
28 1.921549499338024
28 1.837624916286193
28 3.699376268345011
28 1.814918165094776
28 1.849041375730803
28 3.406868157677662
28 1.353809177424663
28 2.253423900384969
28 1.255631661854157
28 2.539067444593795
28 0.885227321680365
28 2.412570544265856
28 2.250064997074392
28 1.645587949242981
28 1.475848486105238
28 1.855107620509368
28 1.880480343002687
28 1.843039298252486
28 1.362310973284436
28 1.169676831314199
28 1.206001913011806
28 2.865072917208012
28 1.021917756735673
28 1.753403871095601
28 1.530264412288795
28 1.216634159168192
28 1.420794481517199
28 2.458551677989195
28 1.264915824959773
28 1.348370533300383
28 2.642725253892046
28 1.453687722435293
28 1.332945260618618
28 1.213095381733506
28 1.510961926435178
28 1.454922179875925
28 1.697498730836470
28 1.098168973911879
28 1.059517159010477
28 1.226034375828773
28 2.316481308954105
28 1.298901087407104
28 3.374304821015071
28 2.093025860082549
28 1.569768965633515
28 1.268928141253769
28 2.801911901759537
28 1.171620486183260
28 1.373210164000963
28 2.009615049362416
28 3.467634810611820
28 1.221563287766923
28 1.900928081884955
28 1.979233431620492
28 2.946864186011574
28 1.750164141917896
28 1.174314641005565
28 1.493980271549759
28 0.830398724735533
28 2.351349258596922
28 1.157905352285653
28 1.181582609442792
28 1.441295292875129
28 1.592558686965214
28 1.637150148430663
28 1.311882058048919
28 1.425604607086785
28 1.240004835410591
28 1.058849120717342
28 2.343314836646853
28 1.084990043063439
28 0.960122784853437
28 2.041405884821619
28 1.657112679324417
28 1.715794560716953
28 1.848961591779613
28 2.069686770906819
28 1.460447038388251
28 1.259257875893944
28 1.124574415767230
28 1.846695181722324
28 2.096490339523895
28 1.269411008836625
28 2.339876376132293
28 1.751861989412908
28 1.303514860859872
28 1.445343436737887
28 1.551795608034850
28 1.883099513201641
28 1.068264494286297
28 1.885389015966453
28 2.550826548042939
28 1.209895113345619
28 2.266537197423353
28 1.500832423155706
28 1.631264425892852
28 1.948527866257194
28 1.288088779853640
28 2.784727974432078
28 2.592085598716594
28 3.254628440183019
28 1.058838360324315
28 1.373858805981395
28 2.011424865415038
28 2.429294966163769
28 1.886285971556710
28 1.290919113537142
28 1.174864120904946
28 1.629165266011265
28 1.306840779902990
28 2.744651049145944
28 1.200787053008463
28 1.835614003862587
28 1.270100275033024
28 1.191274125309618
28 2.602463118810001
28 2.453116530006219
28 2.266278821574839
28 1.923308377760597
28 2.070710584283774
28 2.250486664098263
28 1.712603707047167
28 2.021464358388044
28 2.080261883704994
28 2.012081106797191
28 2.282655409669788
28 1.167481629892801
28 1.100847018010573
28 1.782731641415092
28 1.713590812887090
28 2.611454179969674
28 1.252765247614396
28 1.753099366631171
28 1.503112232774110
28 2.791971670392188
28 2.686730996385030
28 1.392630538668524
28 1.475579702644230
28 2.914692592254889
28 1.380584035922953
28 0.903847803595819
28 1.686906794273506
28 1.478311618779985
28 1.904750185054784
28 2.740942487898258
28 1.733159738579354
28 1.884031764013862
28 0.864916567744190
28 2.608168047419826
28 1.065542209063855
28 1.599191945492029
28 2.110500184058426
28 0.946280672092250
28 1.299507666261838
28 1.768649200937896
28 1.779030565478458
28 1.877203390433610
28 1.176184461438033
28 1.012814032440450
28 1.262547301058766
28 1.406240162996864
28 1.872342147884386
28 1.891282513568200
28 3.136761112442027
28 1.089334837154137
28 1.587652483446342
28 1.763890147856673
28 1.178882686637830
28 1.794633214421112
28 1.684578085328432
28 1.531004227363428
28 3.131094769523104
28 1.124516014215740
28 1.628258553027882
28 1.435928493125308
28 1.746121070884624
28 1.121869279930388
28 1.874973370762947
28 3.246066333604888
28 1.317895241789675
28 2.576422282418261
28 0.910938931313064
28 0.797795925765420
28 0.991989657490406
28 1.078003438905562
28 1.464989199955746
28 1.619550583553784
28 1.442476232306099
28 1.307926750092339
28 1.401084334501439
28 1.463837589819852
28 2.363550722108961
28 2.131498769137827
28 1.242274739512647
28 1.395310525917750
28 1.158445285559286
28 2.204260579947307
28 2.193075767895546
28 0.894435050200381
28 1.477409414160015
28 1.364346174868899
28 2.107657858176458
28 1.863071720303425
28 0.972356040939089
28 1.351148088382674
28 1.400937401546773
28 2.180685199969865
28 1.514616768568094
28 1.804713565293699
28 1.167748570704156
28 0.782771133948105
28 1.967607818411265
28 1.962112184328297
28 1.380430833934059
28 3.910828184733036
28 1.161977720402617
28 0.860821611866839
28 1.651175816821240
28 0.771555626963427
28 1.645627248372943
28 1.868555358954187
28 2.428173967152699
28 1.532347975875390
28 1.424157838237868
28 1.352383200332572
28 2.195810730586178
28 2.022115536137302
28 1.098947606309641
28 1.444831096998976
28 1.934433411258879
28 1.623107220284844
28 1.368463426856427
28 0.996693974452562
28 0.719348415921140
28 1.659870059544071
28 2.385975625554266
28 1.424211304175955
28 1.962216082193486
28 1.550112086611623
28 1.763361218774222
28 1.959233931344765
28 2.532719075190862
28 1.458406420740483
28 3.139043391912776
28 1.604115114345524
28 1.323559054650178
28 1.538348006258016
28 2.968412869410024
28 2.370037302872432
28 2.915049263370591
28 2.180167657054732
28 1.390658062468821
28 1.481723614471750
28 1.440419576885367
28 2.082277582363536
28 1.834953005941753
28 1.686787217839773
28 1.700575380017977
28 0.858455219553328
28 1.818970585397730
28 2.112900175138758
28 1.993115389748512
28 3.074857616024347
28 1.472892798113191
28 1.032342573246788
28 1.721140916471094
28 1.336396615281623
28 1.440568007208369
28 3.979936958562596
28 0.896758249770744
28 1.264716267281663
28 1.657501444991627
28 2.159207323206382
28 0.763672531366280
28 1.092577160079964
28 1.323913900595370
28 0.873413196933814
28 1.391047855730069
28 0.965044426123490
28 1.358634074787834
28 0.692031515903753
28 2.802695626326154
28 1.173946465124151
28 1.685823453515386
28 1.553627657334492
28 2.757942231962026
28 2.242928256087998
28 1.151139000293862
28 1.319238793282798
28 2.443118173834555
28 1.663715735999880
28 1.418307442681203
28 1.226301863466110
28 2.016011725234280
28 1.650020098118889
28 2.070259046922778
28 2.346481711607819
28 1.368411070391192
28 2.219203926929169
28 2.541743268811864
28 1.564215326987902
28 1.473828051109445
28 1.703898212679531
28 2.239020175122826
28 2.021635772669178
28 1.096101860574134
28 1.646925447325526
28 1.867161806228971
28 0.919128057042611
28 2.101372583025472
28 1.418296739053778
28 1.483464037287736
28 1.403795204122523
28 1.303611552884869
28 1.418889218828041
28 1.073727313564168
28 1.100197889457611
28 1.307496778608938
28 1.427958628560913
28 3.072710397140911
28 1.813345027365449
28 1.347420062626045
28 1.776280804524847
28 2.142669736800832
28 1.844771289233324
28 1.458888688896920
28 1.183099818996399
28 1.052218389101513
28 1.911757070351486
28 1.468657805544959
28 2.637229993327516
28 2.178100140259005
28 1.411736268452831
28 1.377028964181237
28 1.370678432099849
28 1.486065407934317
28 2.249754049868082
28 1.062876370232590
28 2.404558483875151
28 2.971001005496593
28 1.131495342690422
28 1.183794485771716
28 1.199617434166766
28 1.250112068800026
28 2.241561176089294
28 2.402446541462811
28 2.065567448823316
28 0.914949303160680
28 1.076265821585715
28 1.151977420016116
28 1.367778303445476
28 1.262386093884666
28 1.255473669402839
28 1.976284341619910
28 3.212472451668717
28 2.103009632150350
28 1.319046404719828
28 1.318776447787685
28 1.658526380764987
28 1.272323958408435
28 0.759395717995915
34 3.487499096495806
34 2.169342874554068
34 3.635746757310362
34 2.501262588585460
34 3.148984817623193
34 4.607554010690540
34 4.505447173203199
34 4.494741881992332
34 4.733873785850877
34 2.335338340148287
34 2.471404359623912
34 3.178758171875645
34 2.659331597227568
34 4.071181904981184
34 2.396463603723277
34 2.086744225298246
34 3.444155926643697
34 3.314048038135343
34 5.938879843135590
34 1.881497949324616
34 5.082687839641374
34 2.751253331891755
34 2.963038813265058
34 3.752085665551943
34 1.885750928041537
34 4.979435699202948
34 5.948888094596960
34 4.156722541736871
34 2.748557957219380
34 2.923915811475040
34 5.451629391369358
34 2.821500252089110
34 4.043122174322952
34 2.204121038663166
34 3.366547344204608
34 4.692829542234725
34 2.327309017705862
34 3.910892499023993
34 3.506711339323445
34 4.914097710433103
34 5.476229526301809
34 3.144812132236177
34 3.797109839680608
34 3.236078401235868
34 5.666092733733509
34 2.853895751438555
34 3.424444735963787
34 2.650289513370308
34 2.621152768351483
34 3.636423969831141
34 5.442259402244115
34 3.579948133774264
34 4.164066471896299
34 3.616113245925581
34 2.516668081635336
34 5.657197687694636
34 2.583527064624037
34 3.687362937498778
34 4.588398676157125
34 2.424286326826825
34 3.513467829278072
34 6.140957403344748
34 2.363691111445751
34 4.374761915979806
34 4.937464161193748
34 2.676091045202601
34 2.446725315048251
34 6.094215505505737
34 2.791365742175546
34 4.721769608134982
34 2.161786390595034
34 2.605668769850882
34 5.221034288565175
34 6.177910607232429
34 4.222328706271929
34 4.613477037108703
34 3.235887885149719
34 4.361242308818138
34 3.282860943364154
34 4.248784959188927
34 4.339346278407821
34 5.883685069521350
34 1.933784279906893
34 3.829385716081968
34 3.498407631943180
34 5.587550351558945
34 2.710334821130007
34 3.145305002922550
34 3.957832162891589
34 4.082415123562100
34 5.833066728383313
34 5.152219549681924
34 3.963891890702766
34 3.256405284372411
34 3.359675804433763
34 4.857881192568919
34 2.084066257401405
34 3.788569493161162
34 4.895326500331135
34 4.078898739674599
34 6.494465127719829
34 3.796504703852866
34 5.485262231983496
34 2.413675234899721
34 5.426219560325217
34 2.232097521123545
34 2.421547091689452
34 5.798760662293600
34 7.756464454911172
34 2.607517970716981
34 6.116043292298905
34 2.190116335226023
34 2.796957540047511
34 2.553398204846131
34 3.657922242530133
34 5.009680591257583
34 2.409618968195991
34 3.150029154811830
34 2.968120621847504
34 5.374252858600848
34 3.479699269601327
34 5.071042883856911
34 4.889452813581734
34 2.624016329073497
34 3.084145328226755
34 2.997282025172155
34 4.175535223845745
34 3.047101431245061
34 3.152505149715859
34 6.260659142444723
34 5.965973451689847
34 5.658318790807448
34 2.303199642703166
34 4.419615901909258
34 4.860537157506529
34 3.328132173339366
34 5.336390489933900
34 1.880982479444214
34 2.555827984501020
34 5.234821221112725
34 3.115452746875109
34 4.121261606992903
34 2.483324888725904
34 2.821928133841441
34 6.926373596552215
34 1.804248119759023
34 2.868180671638650
34 5.239206962884785
34 3.790423085953752
34 4.215006823227752
34 3.948702626866885
34 4.046019894673511
34 2.576521793171341
34 4.099965727353399
34 7.523381732754227
34 5.292059083559266
34 3.143269817723209
34 3.595435739523908
34 2.975857768199757
34 3.770996456795973
34 2.640246218176292
34 2.417246468044650
34 5.588996069935985
34 2.554766715404432
34 5.154592143659301
34 4.358405484048124
34 4.437160552292045
34 1.988799401703158
34 4.805090034563182
34 2.308720098299427
34 3.364801980248458
34 2.196255532110375
34 3.437186195256135
34 3.583546034409558
34 4.696672583765492
34 2.159755622696838
34 2.963982413878285
34 3.189012931010177
34 4.694327433088759
34 3.285779501976243
34 3.822332200481216
34 5.344124682696182
34 3.913366124402629
34 4.144953227976471
34 3.565296280214215
34 2.956420450200291
34 3.642985780152812
34 2.194687294431865
34 3.378146440660205
34 2.050752174798339
34 3.192373964482061
34 4.982594095740228
34 3.191906226717651
34 4.478517099028342
34 2.673927629707640
34 3.609339374125920
34 3.756850709041565
34 2.007100020050085
34 2.950633276516044
34 3.390902189641980
34 3.069012937889377
34 7.838275126133960
34 5.268340152981614
34 3.774857754594341
34 3.752862144874193
34 3.094122887396852
34 5.661648269148345
34 2.140676994668583
34 2.184719443142514
34 2.556609510265019
34 5.950747603118113
34 2.248687400893072
34 2.557671545395016
34 2.262716211579563
34 4.386441287295216
34 3.083899910442495
34 3.154861045300644
34 5.307401283820530
34 2.136758089377541
34 1.724512258258278
34 7.697894467974095
34 2.727306966589305
34 4.442691939591644
34 2.153342154252101
34 1.964351764381298
34 3.846335838971497
34 3.383740669886409
34 6.474068402759808
34 2.808804413966620
34 3.878664702307752
34 1.720325525927089
34 2.138727007985322
34 4.082270224598654
34 3.515148771793029
34 6.247887873743459
34 4.728297175799496
34 4.487016549576656
34 6.107381011820995
34 3.229315791638630
34 3.913162138409427
34 3.651543133976560
34 3.750312546236577
34 4.111657681499812
34 4.098955142036861
34 3.056250460630709
34 3.869379413339707
34 1.774835713264305
34 5.833621525337140
34 2.928716576070371
34 5.664639855563250
34 4.126227626601638
34 3.043957764793310
34 2.644532400846223
34 5.245373017425575
34 3.063245824905566
34 3.502302328072941
34 2.771520762762192
34 5.036312241007090
34 3.151422916084222
34 3.073178484988840
34 2.858299207787841
34 5.358135925819936
34 7.600256365798118
34 2.240364442632607
34 6.430037268608709
34 3.634115104056794
34 4.811390817492066
34 5.661822471768452
34 5.558988456660100
34 3.474882830764144
34 3.705036244901065
34 5.923483736040788
34 3.225404434532452
34 3.897351723897852
34 3.066826057839947
34 3.649093562899734
34 4.786099897817224
34 4.480262333116467
34 3.819731032861490
34 3.836267619208806
34 3.212226768367321
34 5.018578612909607
34 3.251435887413994
34 5.655998183348779
34 2.690772342389903
34 3.628910943450412
34 5.781614723893942
34 4.720534966200502
34 5.572362009671657
34 2.064536149576155
34 5.585846614942475
34 2.528053922187608
34 3.716958000457766
34 3.043587596359001
34 2.141200307114310
34 3.380457113943900
34 3.477171000374528
34 4.600784635176333
34 4.558630816454361
34 4.003388933253400
34 3.249448250569953
34 4.663299814966409
34 2.367976408759398
34 4.701648568335495
34 2.838783252767943
34 1.515427508489109
34 6.540828682378783
34 2.182926342997616
34 3.507902202738319
34 4.028664481985929
34 3.560385163450134
34 2.350724310539065
34 2.701591124150175
34 2.943263176191760
34 3.642219072690427
34 4.963779613715452
34 2.875720302250850
34 3.524705763483816
34 2.901917126420098
34 3.384495755541289
34 4.021669376000236
34 3.104494482050562
34 4.163734193539844
34 3.471200470523363
34 2.697514481938740
34 4.851655756105857
34 5.391793129571518
34 3.801741905280243
34 4.105105015524359
34 4.122970085606761
34 6.424916247438642
34 2.773519435580897
34 6.711633324036784
34 3.727411340997453
34 4.623840304017441
34 4.288480051155823
34 3.300412805627052
34 3.981419432881410
34 3.102309471310738
34 2.954271303851772
34 5.991630008667640
34 2.646123811892259
34 4.245457583653439
34 2.423281278799155
34 2.680415329603033
34 3.702433257521685
34 3.884613950820108
34 5.481300831065965
34 7.999796599447214
34 4.152218513078997
34 3.379287282463062
34 5.646130687882303
34 2.957841684701344
34 2.955620308833725
34 2.359997993724188
34 4.672155262227363
34 4.832467853801131
34 3.584882782867316
34 4.402693680041455
34 5.741165277032371
34 6.094448576918932
34 4.538535380317557
34 2.818289846417120
34 3.996676153936474
34 3.197393456868959
34 2.101819278758976
34 3.199313641482970
34 3.223846866270316
34 4.145505954924269
34 4.544503808263679
34 4.075407802115983
34 5.892506203342665
34 2.534188416553074
34 2.059044510011558
34 3.859083479671743
34 3.837624205169961
34 4.865352441145633
34 4.147696679749273
34 2.453423417670119
34 4.119249636214855
34 4.355818070009470
34 5.138809114295712
34 3.093126321025231
34 4.021528090959508
34 6.947119043340699
34 6.470388654611185
34 2.916963409744474
34 4.231771987164458
34 2.504992414107688
34 3.398607981601737
34 4.711646240405423
34 3.354254972949467
34 3.064626986648062
34 4.914934524453445
34 4.774425121046304
34 4.325603643436438
34 2.955808571271838
34 2.607765047832181
34 5.169315074656646
34 5.579736935244425
34 4.605234291876769
34 2.979054783067653
34 4.356912380134449
34 3.059999952390632
34 6.539057663260969
34 4.327892966118477
34 3.149867589955897
34 2.625013218068408
34 2.755751943196529
34 5.487812334826197
34 3.361823283660992
34 3.335576423703522
34 2.999154720058471
34 3.535000487826951
34 3.267451357397462
34 3.935293909130817
34 3.245271594659829
34 5.117800337910907
34 5.254901710194030
34 2.720152085300001
34 2.766936001956156
34 2.513657518610986
34 4.682264359450808
34 3.415460150041907
34 2.924236934348993
34 2.520917243797794
34 5.528883601322568
34 2.548466454145907
34 2.179479217554388
34 3.562267286304907
34 4.817920223311196
34 2.790147420929864
34 1.827565862651591
34 5.754599664662812
34 3.787186863333451
34 6.273056975548815
34 6.189219467379266
34 2.804620549077476
34 4.181747534081381
34 5.031562455735716
34 1.902846728707678
34 6.003486193012829
34 2.599345249286251
34 2.422713690077680
34 2.332927484074606
34 1.710239251504805
34 3.253591749947573
34 1.903466107905750
34 5.342991538693499
34 3.713953671400993
34 3.113312963199728
34 5.031898876961341
34 3.910502959744754
34 2.864505594297523
34 3.491550437647925
34 4.018794289292744
34 1.975339642937237
34 4.609896578531639
34 4.041755098686862
34 5.883029474581389
34 3.453627070462312
34 2.633509424191632
34 3.828352252417184
34 2.577730962011559
34 2.267118423024154
34 7.082230529023929
34 1.886758563344913
34 3.454801086624647
34 2.418823637946791
34 3.264526938064740
34 3.791740364770768
34 2.675336275741222
34 5.395110419820679
34 2.631263203694049
34 2.921281593770704
34 2.182162355830922
34 2.669146882131831
34 4.805872305311053
34 2.738097330750750
34 2.946611468186791
34 3.640081498074033
34 3.260281712786964
34 4.797606552443791
34 4.992049583423564
34 3.085928638413360
34 3.668919604879040
34 2.822101278710570
34 4.476958936897605
34 2.491965677065835
34 3.487188523557610
34 4.825246504586632
34 2.881275590599302
34 6.724146485047845
34 2.435899542735353
34 4.737180344264202
34 4.726267957347460
34 2.627427352158106
34 2.498814237359439
34 2.074991961929618
34 4.589607262457647
40 5.688749047365116
40 5.768639786142815
40 10.493888018209660
40 4.659888025777978
40 7.353418492182335
40 6.366628268070558
40 6.606849240707316
40 11.545713488354266
40 5.455863963227872
40 4.302509028445556
40 9.065972574549892
40 6.527468496723294
40 5.304439047777718
40 6.807130375796097
40 6.199418589087869
40 8.784437368753849
40 3.997668259410034
40 9.136255001329026
40 7.139032160425237
40 6.622650905119082
40 6.009292063630872
40 4.264118630719153
40 9.995327091715447
40 6.063211001234797
40 6.487713107249672
40 7.182463743311333
40 10.015149527806585
40 5.374659460557389
40 6.574159717372140
40 7.041687736871464
40 8.910366023218852
40 5.274586880007648
40 6.410262985874157
40 6.790968960627575
40 6.426905316122553
40 4.091105623493744
40 6.377473456803250
40 8.979222226391713
40 5.302823435963395
40 5.337215234756160
40 5.564939163095577
40 11.523993149813926
40 9.102966128212817
40 6.543149821375946
40 6.159234773524021
40 12.088742939161598
40 9.893099319852933
40 15.916275187566807
40 5.881634508543936
40 11.229951419390712
40 8.007822612547677
40 4.779516865015207
40 11.111408550950276
40 4.985867408097911
40 7.501616039160117
40 6.735149086072411
40 8.489783446711845
40 10.475425488963072
40 7.260926906488303
40 12.289890714480935
40 6.512385476023756
40 9.803538625313303
40 6.838286346470461
40 5.368975800917070
40 6.941252305881194
40 7.669297566473343
40 13.372808427178171
40 5.318563946809965
40 5.150326067588463
40 7.590224729226385
40 6.284357516884800
40 5.011273723273424
40 8.623859125348151
40 4.508768002795662
40 7.839518647294773
40 4.557018519586887
40 10.042196016740712
40 11.031684790001703
40 4.636646345528407
40 11.151760166733409
40 7.320485478886274
40 11.121012743639817
40 4.523210164190676
40 9.156279103389856
40 8.049994780265928
40 6.917865643696130
40 5.543040171677126
40 7.921012542467453
40 7.516832143599196
40 9.587106584947922
40 5.806924489319607
40 5.903269368794584
40 9.481038560548477
40 4.249501890107656
40 13.411184809386555
40 11.345325324851235
40 8.809087081501298
40 6.333904210683061
40 4.563763229725011
40 12.090401171758682
40 5.814183923629425
40 14.137536551469562
40 7.261891693326673
40 5.496261260837768
40 11.697536118640187
40 3.486672914604041
40 6.707756804769761
40 4.107408675408622
40 11.010729525241750
40 4.993356234553523
40 8.008445509110784
40 5.944485547229762
40 3.726041179666646
40 10.873197307032672
40 5.633201161905414
40 6.327148490775851
40 3.869535000432141
40 9.709566926935061
40 9.661016333823719
40 6.369554827020217
40 5.557583864960583
40 9.023700760493703
40 8.642725501335974
40 4.126676041394941
40 4.865053768909675
40 8.361424057269103
40 6.569286419296415
40 6.946174092096197
40 8.985392705440088
40 5.709860326817612
40 6.301134787867277
40 6.082874733228671
40 8.901135241603715
40 14.647134651574115
40 3.970877425936102
40 7.631816104114781
40 6.442582373966898
40 8.265586086832409
40 10.360660058102347
40 5.997899517600287
40 4.768741900018460
40 5.739627217382842
40 6.426593289455868
40 5.257483536644817
40 7.671532293449690
40 11.739175479136152
40 4.230585851525277
40 4.803102458084597
40 5.288880218350807
40 5.406075268693860
40 5.038712336954841
40 5.814073467209329
40 5.370393718814960
40 8.140373671409948
40 4.318218418039498
40 13.915453439526962
40 7.125720088119719
40 5.171597646071859
40 5.544924596792915
40 9.620974449503255
40 11.031789672242452
40 5.395276204670209
40 6.947772946264962
40 10.188075874984534
40 5.101714421419677
40 7.816874278948857
40 3.740059432644048
40 7.333208395854630
40 6.747540398291589
40 3.941231961899836
40 5.078967753010637
40 7.946779474173113
40 7.064198642074787
40 4.445213807879165
40 6.056130809317498
40 4.067796546453027
40 5.968704397558117
40 6.667820032728820
40 8.833001503676893
40 6.104283815764875
40 11.855784414853566
40 6.086806857172490
40 4.748282348904446
40 5.466578670813279
40 4.183219517513998
40 9.156824000081732
40 6.418133419406384
40 5.887199693947057
40 4.964048167389189
40 10.136559614782895
40 8.516355098303555
40 10.561828095875590
40 9.082417706359164
40 4.660155479287427
40 3.439436843034249
40 11.413066269969429
40 10.005714234199701
40 6.478381477250470
40 7.261396754621404
40 8.669881990758810
40 10.393507782866612
40 6.461654556089162
40 7.699712949521674
40 5.999731175285712
40 6.130785272627206
40 7.911639694485030
40 5.483826812966425
40 6.867272067936618
40 4.790502434404550
40 5.722638409671633
40 4.325156904379044
40 5.308297174245831
40 9.985492047685215
40 10.582678321215361
40 4.092249728186605
40 6.858562496918829
40 9.995807739682748
40 5.204174615742957
40 8.524439292175130
40 9.681189377511648
40 6.672428111867450
40 5.200062482051948
40 8.067076163140680
40 8.366781318755612
40 9.506164076179576
40 10.251977243910336
40 12.991459702423741
40 10.134986975697357
40 6.291352644617540
40 8.185920440050316
40 12.114896545507353
40 8.037457071618423
40 7.486861084284847
40 6.773329378068603
40 7.935630414928066
40 7.664284855466687
40 6.400843657801477
40 10.553878780950775
40 7.420151783061552
40 4.494493814707004
40 10.732503924878111
40 4.118055272927413
40 7.875121140813485
40 7.902604558003052
40 12.792736652440848
40 9.927361811006502
40 6.606927558597302
40 6.686852234678593
40 5.741906442667860
40 8.978169453643675
40 10.776079501617051
40 8.393995891707659
40 5.874618179661765
40 7.391040516327709
40 5.228423919797056
40 9.667492846750852
40 11.860671859250424
40 11.942698583876156
40 3.529911567403487
40 10.401874479948100
40 5.290118315006205
40 4.329385651748069
40 6.877002976135814
40 3.897786458436367
40 7.080744655648301
40 8.906778382766083
40 4.320051747123699
40 8.530602061836085
40 5.346373367418904
40 5.465250736946071
40 5.282939764509593
40 5.907131580850645
40 10.254134510881133
40 9.779051378187196
40 9.722300285881753
40 7.705234357898576
40 3.823099849548037
40 5.471809704212057
40 11.808625998025359
40 4.594377010248422
40 8.110300875747230
40 7.909521690916318
40 5.734117353426619
40 9.924932653560214
40 5.984218599108472
40 8.347896955767744
40 10.314206811828257
40 5.397458689636464
40 7.735254925279703
40 9.674850203068003
40 5.363066229562600
40 10.237732450770450
40 5.366900059506419
40 8.072563047602875
40 3.988453862978762
40 11.828005950075589
40 8.805136904610299
40 5.939167112536033
40 6.171224010148629
40 7.844503120888456
40 6.821303424645206
40 6.401451920451024
40 8.290766665518886
40 7.092427041756176
40 6.795923134327767
40 7.929265831026019
40 4.204737278509173
40 12.223804797430468
40 5.914159467123527
40 7.615939690404005
40 3.855671060946797
40 6.277129679315499
40 9.297637985978685
40 6.806356312018584
40 6.117685982735271
40 10.138723016616952
40 8.562106261008614
40 9.799651950224552
40 7.965618236049799
40 5.942524184950027
40 6.675282771965520
40 7.431033109387753
40 6.613744178527862
40 12.405379710733566
40 7.992274421309705
40 4.704410328244924
40 5.550493507861271
40 4.763654355418934
40 8.425102307827235
40 10.590806961549356
40 5.634959423367695
40 6.084820163775497
40 7.950897148388831
40 7.381013512938507
40 3.553069391886229
40 7.592671687983778
40 4.212360821206195
40 6.986608930247720
40 10.246585000692535
40 6.201987656212008
40 5.844695400594334
40 9.034271010221300
40 6.400329231850179
40 5.425220971021346
40 5.957447461650222
40 5.450377247098103
40 10.469024703364109
40 4.709661214389834
40 4.482309714344634
40 9.394441902563891
40 6.444837643999838
40 4.289495000115181
40 8.242234682978189
40 6.380531659045449
40 5.348779536777522
40 6.556032778682077
40 9.449306968671632
40 5.152233157745066
40 12.727255126318640
40 6.893434496145353
40 5.578001833720869
40 10.138070849359318
40 8.055110504495376
40 5.212610889762111
40 8.812465618675846
40 4.942662219560667
40 16.376359027417696
40 2.781959649930544
40 6.713514119595967
40 8.530053672291336
40 7.927127855249610
40 9.027400647597291
40 10.222815386108360
40 9.185959680032660
40 8.080611941400594
40 14.267242070857421
40 8.563714942388323
40 10.940916097014020
40 5.116938160201613
40 7.110193325493462
40 7.449564704112296
40 4.146747100013615
40 4.681217041851221
40 6.779170527932814
40 5.569620520428632
40 12.448405289068660
40 8.197914801558159
40 3.473606684073889
40 5.153275076499440
40 9.069447397606957
40 6.645493120368609
40 10.914897945785068
40 6.724179713350052
40 9.412954707579416
40 12.369939909552610
40 7.918020098805631
40 6.876587843492766
40 7.910400545178302
40 5.848587221166386
40 6.017217195519013
40 7.845561803852025
40 6.074704714274059
40 6.120222616730159
40 5.762978396875374
40 5.575157026517404
40 6.555224760578502
40 11.029214758893515
40 5.464028486344268
40 7.550534909900279
40 12.527374210717936
40 9.692116905310117
40 6.908388105030246
40 8.416042621465213
40 9.374592496645914
40 5.865888365768626
40 4.667557797763299
40 5.378976431623910
40 7.482896656305481
40 9.786630392766179
40 7.527536605779314
40 4.938338711151399
40 4.963478621204464
40 10.178530811615715
40 5.095449354248604
40 7.042154842725052
40 3.788472251618314
40 8.289857719326458
40 4.782484781700301
40 6.115318445251064
40 6.574488330629920
40 9.263760756736358
40 7.227435837827915
40 11.307810522618333
40 11.377988577716762
40 4.029950145977229
40 8.472941925330490
40 9.291813769490119
40 6.335101300050882
40 11.184981430430039
40 5.997184024653290
40 5.877794689499377
40 7.435322393226227
40 8.787396972551001
40 8.973396899777889
40 6.089030186904544
40 7.465201330478145
40 3.833364679741228
40 10.164114319009380
40 5.871188753938913
40 5.917891847546304
40 8.782771856193714
40 7.323689032359864
40 5.189065106555993
40 7.387147456693134
40 13.188200495544674
40 6.820723437375403
40 6.633339251847163
40 7.724241651040209
40 4.684606504144041
40 13.982299328761387
40 4.995478995768567
40 10.789027551672756
40 5.952555235923391
40 5.699813001176887
40 5.320011971201080
40 8.003010473373052
40 8.871233548624797
40 9.959791838265620
40 6.555501532155952
40 12.531267578502444
40 4.012745122027239
40 6.064285892450906
40 13.306312412626381
40 7.740282352006444
40 7.411368879758690
40 5.520313647821457
40 4.124904483469736
40 10.629025483657477
40 8.159183768025050
40 4.948056966070430
40 6.748273663337375
40 10.082459614370624
40 5.585440803262251
40 13.507935238086734
40 7.943028342843251
40 5.161299618844017
40 10.806149882906002
40 8.262034906338295
40 8.655936394847007
40 8.302343320688443
40 7.760958908759520
40 10.860511497705785
40 7.032248956012559
40 11.648699628344755
40 11.249406733961486
40 6.732077082618313
40 12.615578581678291
40 9.791276690956336
40 8.565133281168066
40 6.578647731507601
46 11.391576265069062
46 8.140918733897955
46 10.912067777455583
46 13.071534522708165
46 13.384264304177641
46 10.642146078873242
46 14.496683693377886
46 12.013151040498265
46 21.078309285222105
46 10.918661328468978
46 25.784397042136465
46 14.683982931237921
46 11.654095879079652
46 23.659492560222130
46 16.277389206251890
46 12.346297586011648
46 17.093026401034365
46 18.403881878233719
46 16.226937408157454
46 18.583109046915091
46 10.147186757530303
46 21.512596643055094
46 20.995303488290737
46 14.769021962592991
46 20.341765157349627
46 17.195161459596598
46 13.625281539813670
46 8.938369888584736
46 13.340531783549524
46 17.019994798707557
46 7.593603801490520
46 24.602262193249633
46 12.198907584745992
46 16.590613004063076
46 15.256273539392318
46 10.122252604905281
46 13.282098651471056
46 10.142070643610689
46 11.591427678706616
46 18.078707108676365
46 9.796198510185381
46 9.569620198347177
46 22.108600959194508
46 13.681477026633608
46 15.135177367098411
46 12.929805164657081
46 11.109041305943229
46 16.453985509795562
46 17.693502537240210
46 17.260379424684267
46 14.296709589670156
46 13.795658484291632
46 12.796074088753388
46 9.385614025387838
46 8.503884857185511
46 25.080912472855474
46 15.310303912451115
46 18.061833364547883
46 10.655853144444555
46 16.329823017797914
46 14.979701114010780
46 12.954605495662957
46 6.746577326614875
46 8.626373795870457
46 12.920117012977839
46 13.607724438297886
46 7.304676516130188
46 14.007935849777608
46 12.008023849683997
46 8.011067029450411
46 15.251574615556262
46 24.082314681758238
46 16.298807590310695
46 12.393410011301881
46 10.760574631970456
46 19.207343337045327
46 11.836635408864304
46 19.571756630224993
46 12.388644130359367
46 17.501239228308709
46 22.528819374792789
46 18.339416330942448
46 15.347168981805213
46 12.160857515526832
46 15.239607522111383
46 12.210206930306548
46 15.201175406026703
46 9.923461444931057
46 12.854446416896170
46 8.756206661243446
46 22.806576386470805
46 10.612850353831657
46 16.663552322119486
46 14.401999334295693
46 9.780410197590891
46 10.647116785847407
46 8.813243118957049
46 12.071699333775618
46 13.257949300944997
46 14.568784218895392
46 22.218627506854737
46 9.746271383471385
46 9.381529192238549
46 15.110895437179138
46 13.653766603511112
46 15.935361966040773
46 14.197402709763924
46 12.436363941099803
46 14.617166645478395
46 15.512764579496219
46 12.024056503143891
46 20.702414268097133
46 7.582007198621346
46 14.395874045640390
46 20.596373721332903
46 10.920309069537272
46 14.845185821441847
46 15.809971179138133
46 7.346961088038023
46 9.624346690909496
46 19.395341597718591
46 9.568374048480797
46 14.901767502920460
46 10.458175173550554
46 18.442501552486689
46 14.550367671686903
46 11.800505042017235
46 22.419942879774126
46 19.772268037713687
46 10.150854085799068
46 11.126816624505931
46 8.713990416970791
46 7.044113166762734
46 11.386126095806087
46 10.443407697415996
46 11.435913825163416
46 20.790442296185763
46 9.524764348147677
46 18.854448669724114
46 10.975289083949068
46 11.176619960088763
46 13.794094660493293
46 22.308864671031120
46 7.365707786488144
46 13.107674166116679
46 17.900116255838395
46 17.513907911412009
46 13.793971307110885
46 11.074636374536265
46 23.956360088072596
46 9.773780995584509
46 22.648102464437443
46 10.854616859935160
46 12.852987764778243
46 12.180898661060628
46 11.626483287175109
46 8.781421376752711
46 10.786804453240858
46 18.668058549297101
46 8.234511470667041
46 6.958683728994865
46 11.659371761680056
46 9.680032211775281
46 15.634702435425549
46 13.316992088948039
46 11.238807454627246
46 12.991189765664920
46 14.907923105558151
46 15.714854132246188
46 10.739047241787439
46 7.377535099338262
46 19.847325765543925
46 14.151989586999745
46 10.778739499903718
46 21.934671504825257
46 24.245664783765591
46 12.660467643293119
46 18.087542441973483
46 19.627815512013548
46 16.302540639472827
46 20.533961076472316
46 7.805446571221895
46 14.135896065684593
46 11.199273387617547
46 23.671435729836194
46 11.793828973065391
46 12.104177489847954
46 11.200244263673717
46 22.399665554859453
46 20.228507936987700
46 17.372557972674194
46 9.623116220750468
46 14.498261163815240
46 19.643097086721319
46 9.758912404499522
46 10.286078194831761
46 15.921498932080912
46 12.265939551931863
46 18.057548340301388
46 13.834150350207537
46 12.583727230049631
46 10.040315648239449
46 20.332930712895820
46 21.207526679749979
46 20.132862304547547
46 12.045130579273000
46 11.840264900836061
46 10.245049104623583
46 11.062312514692426
46 13.549364661791738
46 19.056974080502968
46 12.083721103296387
46 24.780725231444755
46 13.698881396503353
46 13.151046207687823
46 8.356874910145397
46 10.220006968252584
46 9.884850907152433
46 11.731099224235678
46 16.124452295273333
46 15.420485771295798
46 18.892263336665721
46 14.642603897558349
46 12.815576478124154
46 15.194708405056529
46 20.493285327085228
46 10.236326092558626
46 25.362269437820920
46 23.446944274000714
46 7.736672306162946
46 14.360147316834311
46 24.464266456722221
46 12.126627352826542
46 9.697068367995335
46 21.241189114882069
46 12.921417984212992
46 18.304320983453568
46 11.644886462300260
46 9.698892604310061
46 12.861004204876235
46 15.105337934908270
46 13.957143446632443
46 17.679496127861530
46 7.647899651421719
46 21.382482257150986
46 12.300631286573312
46 14.118570209972155
46 9.105516745419305
46 17.110477179869832
46 22.274335675658030
46 11.892268419652927
46 18.043881358384990
46 18.085819044237656
46 14.634581416985426
46 8.741678036814536
46 16.606316281429791
46 10.981946914756449
46 5.606292249286073
46 13.092322405288028
46 9.234763668616223
46 18.001288924358381
46 12.667656513369206
46 16.406354599868788
46 23.499357768857156
46 12.094368507519011
46 9.830532532213923
46 9.183388661320784
46 12.650076767622195
46 11.749473005821894
46 15.082173513463774
46 11.410947835312101
46 15.844872689942141
46 16.167188087910215
46 18.641860988567839
46 12.247126816881854
46 18.483468042094838
46 12.780372538593497
46 6.581856509788945
46 13.207251176263203
46 9.530087274802195
46 8.801102530403570
46 15.473693105571684
46 15.904132545482300
46 15.948582719819884
46 16.011775526118587
46 8.799372458984703
46 15.087542506207747
46 9.187268136028344
46 16.410705202506236
46 6.202604846222078
46 9.940636660459317
46 11.333862157781073
46 21.301493697576479
46 18.264615733991327
46 9.028983215230046
46 8.952522319097719
46 17.645305435167078
46 7.608722215708045
46 14.149562143475046
46 12.029940151646088
46 11.503212846827925
46 17.385143220515058
46 10.644095240334096
46 11.437939809729817
46 10.723741227562130
46 11.200209519479687
46 7.694619993459607
46 11.802923228856468
46 11.323318559043361
46 23.731594984287156
46 18.042548815352063
46 15.944845358599142
46 10.593402832766440
46 13.034144293969792
46 25.514132924350058
46 19.985229405512865
46 15.559007877584715
46 10.442796184056556
46 14.065714911091007
46 11.955859769114593
46 9.519608684828958
46 9.582051302333149
46 16.230785278513295
46 13.361941543741828
46 5.620833766494999
46 15.107739242781173
46 11.920203589612509
46 12.626257777625696
46 11.146360772696482
46 11.288324627784142
46 11.028718175485972
46 15.327773267532134
46 22.840770624524254
46 11.836222263220851
46 12.298731772045066
46 11.638172599867868
46 14.531749958532599
46 15.128702775651945
46 11.081364198672834
46 8.993516934899361
46 13.857573006529094
46 15.569990060648038
46 14.105452263855321
46 16.029106032574802
46 14.715501584567889
46 10.319046737546124
46 15.969851208972226
46 8.400033406513097
46 14.738483843021296
46 13.474239993713372
46 8.268336096023333
46 8.027360673178984
46 11.448316176433849
46 10.721869729521593
46 21.426138131646908
46 16.316355456932943
46 23.263107507021601
46 12.446562038752797
46 16.757727629549265
46 10.006776148713341
46 12.779732872545061
46 10.446534488325380
46 17.850188765805584
46 19.363569384907226
46 12.732157532975471
46 23.894718482916623
46 11.195798271596978
46 7.407361027170289
46 15.685347873565465
46 8.814431237973171
46 17.327712995290614
46 11.193117307950718
46 14.307829524638256
46 20.020176667352604
46 13.876584635545797
46 14.078086407378938
46 10.336378306072987
46 16.787210465992388
46 11.400514539265290
46 19.766118383698199
46 8.938970168656009
46 13.676498633495571
46 15.397106411567197
46 15.486559620128300
46 21.129091339249943
46 14.884851334236073
46 11.173778639126461
46 15.632211756557496
46 9.445099181289855
46 7.903454947212522
46 8.579159774774109
46 5.758930071670927
46 14.435574045101674
46 13.844649480358713
46 10.400408648352915
46 10.444753666812156
46 16.030567541931958
46 21.376104808183932
46 10.458768495999715
46 10.007600918066391
46 8.719302093387125
46 21.287919142174150
46 15.473244521209406
46 7.386924973965983
46 11.820939433225988
46 10.491723730737597
46 21.684047897562372
46 7.246937715112293
46 13.426109454276261
46 21.244399711793008
46 10.305895548225827
46 24.500249909246289
46 16.260685834554899
46 15.265141650924850
46 11.861256606806872
46 9.913952715620731
46 17.621069798287682
46 13.432167962810873
46 13.226535435812353
46 11.646250480294245
46 9.293812639351634
46 10.918256687359431
46 11.655235267888283
46 12.220754299468915
46 13.381795401876973
46 13.379955092771574
46 13.235877789769887
46 20.054123262538440
46 11.799104578787741
46 17.461695469427028
46 17.577560623165205
46 12.795855699587685
46 12.056763845528172
46 12.877808271058662
46 8.913838398162646
46 19.076206729143571
46 17.319167877838879
46 12.681745885457140
46 7.731927979255463
46 17.063291067838541
46 14.492611256236518
46 17.401766658191029
46 10.875384468220133
46 18.570429503065668
46 15.690953380838108
46 13.569766301147148
46 12.921615348228617
46 13.664508287817496
46 16.060823068857502
46 16.970176380767093
46 15.827790376221646
46 15.249821654200472
46 10.694300351984474
46 20.544044345478301
46 8.789535733466392
46 17.977627141678731
46 9.353870345984873
46 15.634776120651502
46 11.769159275558955
46 8.712877573733881
46 24.644712411245536
46 17.826484930268851
46 15.684008926156583
46 9.892586517669908
46 8.270164363714528
46 11.478886921473443
46 12.296008542209695
46 16.562132710724462
46 9.805933095225145
46 18.408857178044702
46 22.006895630477509
46 24.731157000949892
46 8.575010154355175
46 13.369750977698294
46 12.336833066989612
46 21.150924547548712
46 19.764279450584738
46 10.848071551241890
46 20.140233246657324
46 11.247405215468540
46 11.407042080872259
46 26.126713413704366
46 11.623151251696951
46 13.971701908846260
46 9.602970801201241
46 11.275668043817612
46 10.664822421287598
46 7.105897717520108
46 18.140679651710474
46 10.558427030798189
46 10.690568124618117
46 7.901362820201832
46 8.537477978202141
46 12.044082745556040
46 8.393478986498195
46 12.381679118017583
46 13.405306479291923
46 7.680386853949753
46 10.133639359685088
46 16.300462590187642
