10 0.016573029971142
10 0.018082824372901
10 0.009924857523640
10 0.012234337396263
10 0.023276659980076
10 0.012064540540706
10 0.012418094903753
10 0.015031215075886
10 0.029757573244942
10 0.012145945054542
10 0.029543123362043
10 0.025080105168906
10 0.013711768104965
10 0.011110570975028
10 0.012339078687372
10 0.018888525734814
10 0.011585487151985
10 0.023430504080128
10 0.017200752405005
10 0.022156629841805
10 0.018414296153803
10 0.016677771736722
10 0.015507262591598
10 0.010580670215046
10 0.017968749054219
10 0.033909961792043
10 0.014358579215511
10 0.012471306990315
10 0.013654121775221
10 0.017691979549632
10 0.014203747151058
10 0.011458644365181
10 0.018386448451642
10 0.021520651108232
10 0.024204373178856
10 0.008777549084497
10 0.014090921670134
10 0.013455347501708
10 0.015411242380213
10 0.014938302765232
10 0.011181860257831
10 0.021174550105488
10 0.016587126248997
10 0.029249204115428
10 0.012626871029973
10 0.014509205131401
10 0.021553183521136
10 0.014259690635215
10 0.011810168512767
10 0.022060923213828
10 0.018624325786487
10 0.012624404999989
10 0.015491314733530
10 0.013820077280886
10 0.023818137408043
10 0.014514465000069
10 0.022888440536633
10 0.030130008782285
10 0.013707479005801
10 0.016160113194132
10 0.017731719295616
10 0.012486193796052
10 0.018070219988054
10 0.012525158015411
10 0.016574645010784
10 0.008599345439215
10 0.027879642520584
10 0.010501903100304
10 0.020975202630331
10 0.014153413056062
10 0.013590363688275
10 0.034213186210410
10 0.019610913546020
10 0.016009855595842
10 0.023553559015665
10 0.017555504099062
10 0.014816853995389
10 0.014644051320889
10 0.022384892746021
10 0.012969515206661
10 0.022161297193896
10 0.018909431191468
10 0.011072659063009
10 0.024901048786392
10 0.017636847268190
10 0.010651205917070
10 0.035968189996919
10 0.022906151289917
10 0.028266810872621
10 0.016595694380369
10 0.016833048307975
10 0.023703595568127
10 0.011048921309319
10 0.019883577300151
10 0.021848085094929
10 0.018711873356474
10 0.026906406741523
10 0.010158129525985
10 0.009268025811486
10 0.015950238733825
10 0.020130445254824
10 0.016110554941201
10 0.011490939967141
10 0.020573551930074
10 0.018605994165596
10 0.007859088086143
10 0.010172352957897
10 0.017629992328686
10 0.009697465180535
10 0.009093913104758
10 0.025343260972608
10 0.013414250117740
10 0.016168204024262
10 0.013996946263689
10 0.010347456746206
10 0.025594220773219
10 0.013865941553653
10 0.020554747303514
10 0.014753798738778
10 0.031049005613638
10 0.017676976451278
10 0.011734852290063
10 0.017389351271710
10 0.023280271472101
10 0.023393234441896
10 0.022961565567020
10 0.011852775789812
10 0.031504104196654
10 0.012977101693143
10 0.013724967398125
10 0.014871309674725
10 0.029364072775133
10 0.020956716662793
10 0.012201422304702
10 0.010866734731524
10 0.020956330575313
10 0.011814978961150
10 0.021970938248775
10 0.018169882074376
10 0.017983875274463
10 0.017680314389316
10 0.018371678414059
10 0.015989084092289
10 0.020840338047220
10 0.026668727212144
10 0.011472221755674
10 0.027963141596164
10 0.015580025245848
10 0.021602096231308
10 0.017755345645964
10 0.016510128214311
10 0.014418615882380
10 0.018882976136376
10 0.016333179601921
10 0.010425240678689
10 0.020562937774617
10 0.016365404225750
10 0.012813525464044
10 0.031410728341688
10 0.035840426175896
10 0.011809623483205
10 0.034288858757664
10 0.029864773712582
10 0.012206488989993
10 0.022303659622471
10 0.026081927018414
10 0.022566766545070
10 0.018103312401000
10 0.031144681441379
10 0.020946900343646
10 0.022604009354579
10 0.009519590306995
10 0.026997880017667
10 0.006989246542262
10 0.010946835411720
10 0.012068637930209
10 0.031176713514191
10 0.014640350235098
10 0.017996437870292
10 0.021659829918492
10 0.012214654962816
10 0.011587408418339
10 0.026857757578341
10 0.023792836123957
10 0.020326816485918
10 0.016360255284939
10 0.017949186570419
10 0.026040011383739
10 0.019755642870083
10 0.019369152576383
10 0.016108589076947
10 0.019123660004058
10 0.024188998469773
10 0.022650350269106
10 0.021431271509028
10 0.027573296863410
10 0.011101247352585
10 0.025890495629857
10 0.021189271550842
10 0.022308828382139
10 0.021014992963096
10 0.015054163313973
10 0.013388284949351
10 0.021415600215892
10 0.026898426656941
10 0.017829959550542
10 0.021435200181972
10 0.015410050288306
10 0.011740273407717
10 0.014810291065402
10 0.010435890460777
10 0.030962680235000
10 0.010978879423572
10 0.019537955631459
10 0.008683886690557
10 0.023562606236630
10 0.014840034578678
10 0.016038074871411
10 0.018306852269099
10 0.013271985435951
10 0.025445464732327
10 0.020516691215758
10 0.021348824718138
10 0.010833758191763
10 0.014949215674746
10 0.035098799386216
10 0.010346573973101
10 0.022349434170289
10 0.023868501341220
10 0.021874874663912
10 0.013083945797690
10 0.013388957064186
10 0.013520652323501
10 0.026029904934881
10 0.019636116293618
10 0.014508984014961
10 0.020571926371877
10 0.020565125586547
10 0.014803039473736
10 0.013863527991957
10 0.014342029023895
10 0.021659417007590
10 0.011387926481874
10 0.017584537989081
10 0.038906915498302
10 0.012124552117397
10 0.014678473274152
10 0.017550138280042
10 0.011752247187530
10 0.022344935116115
10 0.014268627323005
10 0.026926786808521
10 0.016698508572539
10 0.013575683569215
10 0.028765307349188
10 0.017602067375771
10 0.013662933116157
10 0.023480013749472
10 0.025323692813456
10 0.009061340711121
10 0.013579777598904
10 0.016979996709192
10 0.007844109235614
10 0.016100716741507
10 0.017860893973676
10 0.014541081433535
10 0.017284204644724
10 0.009874877320021
10 0.023124459235086
10 0.019463923152657
10 0.023890224216807
10 0.017626428959159
10 0.021008728086457
10 0.018111918908299
10 0.016774408685426
10 0.025639837896602
10 0.022127423614717
10 0.018370034134876
10 0.018250425473945
10 0.024899314045375
10 0.011769425290233
10 0.013267559970263
10 0.023289281191462
10 0.019980493078864
10 0.013675360319912
10 0.025254990505852
10 0.016157180844812
10 0.017619946169521
10 0.013897576231661
10 0.009525371736419
10 0.018503930177721
10 0.041688258984481
10 0.019216238621032
10 0.013506999289281
10 0.029295527224804
10 0.019632340115495
10 0.016145151667832
10 0.016399347123846
10 0.014153957236070
10 0.023591212564985
10 0.017860666689794
10 0.014367076849912
10 0.029161119073622
10 0.013938191856662
10 0.033456634717044
10 0.021403497658721
10 0.009228768114751
10 0.014441454601120
10 0.017082456206751
10 0.025689286231094
10 0.023537120596137
10 0.010360660570789
10 0.013151299264163
10 0.018505423313163
10 0.024677423388334
10 0.007857561865552
10 0.028283844166807
10 0.013798443834121
10 0.017599510058408
10 0.008183979343778
10 0.011131911863852
10 0.017201640548844
10 0.013982944014570
10 0.010456663820892
10 0.011286179671679
10 0.020935384918831
10 0.014151335524388
10 0.011749836801924
10 0.013884399667064
10 0.011294752484823
10 0.012620023170444
10 0.030293273023751
10 0.013501138029560
10 0.023490872401680
10 0.020106241473522
10 0.021297434602664
10 0.011391868089052
10 0.031033866868057
10 0.019930753714846
10 0.013490462510722
10 0.017857157532561
10 0.017589605965003
10 0.016556977206870
10 0.026146423490417
10 0.017816624800089
10 0.027201831411129
10 0.010548912126632
10 0.011616754995306
10 0.009967363523711
10 0.031200475681562
10 0.024787578119579
10 0.017292169045655
10 0.012679520698297
10 0.019126352578093
10 0.011631072905729
10 0.031997008940019
10 0.013985769273243
10 0.018397026912455
10 0.016249441328537
10 0.019963706151508
10 0.028051975125582
10 0.028045989244690
10 0.012082073859427
10 0.030582443583090
10 0.019268939723479
10 0.019274478762739
10 0.034050705947195
10 0.020047692124847
10 0.021043011003613
10 0.013253021367923
10 0.035088403400530
10 0.017725962000771
10 0.018603288353232
10 0.023929693005981
10 0.016779906458540
10 0.018356410718140
10 0.022355593609464
10 0.013518519826332
10 0.018709968473650
10 0.017620930980220
10 0.020409922034821
10 0.009503883069151
10 0.029353196079604
10 0.017081417249971
10 0.008969199251213
10 0.021689889303933
10 0.015020391234684
10 0.016761097699832
10 0.021639113127384
10 0.021623666774198
10 0.032572981886286
10 0.009330013858150
10 0.026716060788606
10 0.016231688565570
10 0.013864215865578
10 0.022137410064750
10 0.017725950492521
10 0.012638000048134
10 0.025493564535562
10 0.017452432143889
10 0.009677011708726
10 0.017877948381994
10 0.017785718563185
10 0.013743653808136
10 0.024523404099091
10 0.018687103464971
10 0.022966262246927
10 0.015709140860082
10 0.023270996526620
10 0.017310709568048
10 0.016334081306827
10 0.015684141911036
10 0.021625019928032
10 0.016051909196122
10 0.019434829092292
10 0.021470201484835
10 0.027542319433637
10 0.013177592877916
10 0.013457941572632
10 0.017737310450012
10 0.027400804965470
10 0.012407019517683
10 0.015101600298482
10 0.012315657019569
10 0.013505579746652
10 0.020631554062613
10 0.026969048063888
10 0.013608595200962
10 0.013395877680910
10 0.014067822142595
10 0.019409728074480
10 0.020040782166250
10 0.009786819306463
10 0.016645154966318
10 0.017911495908343
10 0.010935489672441
10 0.012963565779935
10 0.019216227654075
10 0.011264857232748
10 0.020044271892773
10 0.013477114557300
10 0.015006692201497
10 0.029196372183230
10 0.013196895922198
10 0.013600268408215
10 0.014640083428766
10 0.009642227060923
10 0.013586250872475
10 0.023354204658647
10 0.029338656984382
10 0.014698243562363
10 0.027435992815404
10 0.021186313636591
10 0.013577221873351
10 0.025958375875335
10 0.023395084910513
10 0.018088885987452
10 0.014657989194154
10 0.015303894084372
10 0.031346631703226
10 0.024771422701047
10 0.010569435508466
10 0.019697117237305
10 0.012080695020767
10 0.022131641547195
10 0.016447602101367
10 0.009355875922403
10 0.017091431666487
10 0.019447813164034
10 0.028437134090098
10 0.019486831917928
10 0.021722602540696
10 0.017580402233594
10 0.013697207313759
10 0.010923498680066
10 0.013886443910456
10 0.013923873853080
10 0.023534456522607
10 0.015746384879503
10 0.012412153976387
10 0.016956979517635
10 0.020322481233842
10 0.013146983623090
10 0.016904858453352
10 0.020859298167390
10 0.020888880485287
10 0.016488067635225
10 0.025914994663934
10 0.017700370470221
10 0.021624710236563
10 0.031296757478262
10 0.019498171295468
10 0.033989487511377
10 0.018218607194449
10 0.018616792204343
10 0.012455187423332
10 0.020603142497496
10 0.017399857420587
10 0.019049500561003
10 0.013104422989186
16 0.083153487375595
16 0.092106414071014
16 0.070622620052249
16 0.072833109349958
16 0.103516555412674
16 0.138945822256085
16 0.088589905430827
16 0.183018561289436
16 0.102376648053412
16 0.062727529655966
16 0.109083740994826
16 0.140961676749801
16 0.099684407499498
16 0.120824372121305
16 0.087039653020222
16 0.099368148495253
16 0.074848473253662
16 0.111407810529266
16 0.162878146129642
16 0.068851157659968
16 0.154291184637958
16 0.114561225120063
16 0.081255582569584
16 0.108913500464764
16 0.127007323661551
16 0.097559926429876
16 0.062743727097464
16 0.084685464582483
16 0.091679085536094
16 0.072493498905721
16 0.078660461832384
16 0.052196727484968
16 0.246303935620698
16 0.140600197971345
16 0.096549867076619
16 0.209780188540993
16 0.130536194654656
16 0.120507017433491
16 0.134080858028898
16 0.117855703687808
16 0.064699608776947
16 0.068372255754273
16 0.060589707774352
16 0.132075365064518
16 0.072003664912765
16 0.106757145610299
16 0.072035306640988
16 0.172127965742906
16 0.171551277904695
16 0.133893276745400
16 0.094353772691522
16 0.102113848824603
16 0.120482630079864
16 0.111372434337592
16 0.076428629451528
16 0.177720869728379
16 0.077324467489095
16 0.057062370948872
16 0.209399542632746
16 0.210079004222593
16 0.057014843919788
16 0.087262876948671
16 0.091344453669998
16 0.132711391518437
16 0.097631558594075
16 0.179013558943977
16 0.087970811260051
16 0.079831827893853
16 0.080074709306702
16 0.098804587045295
16 0.122424564596942
16 0.099427766679943
16 0.176364262335160
16 0.097752519026837
16 0.081394614746807
16 0.070154558952270
16 0.092299102274799
16 0.153487098420073
16 0.049042888858091
16 0.127906591147868
16 0.119625365716835
16 0.116947588807972
16 0.077713314507281
16 0.087462635695931
16 0.060733057545060
16 0.100610337172885
16 0.070936392572898
16 0.138753215893354
16 0.073611180696655
16 0.152916626433817
16 0.104598644515934
16 0.051959969401172
16 0.062841201108778
16 0.100022505819319
16 0.093405812652185
16 0.104572627721468
16 0.068876729654616
16 0.093531846186849
16 0.133935487723204
16 0.104825257158351
16 0.114885171002665
16 0.129906393467385
16 0.103718329283883
16 0.211432793410807
16 0.090781301442597
16 0.120882671464883
16 0.104611368531573
16 0.086594824247374
16 0.084255772621307
16 0.079440725411006
16 0.111510947416228
16 0.125828402740402
16 0.056040176599608
16 0.122648973425515
16 0.048782835227066
16 0.115956827707772
16 0.109296927088064
16 0.067985726039699
16 0.104191607921171
16 0.063210020760267
16 0.069639173455165
16 0.071924156026701
16 0.097559017941321
16 0.106861584351146
16 0.057368604924549
16 0.068585513358935
16 0.085853535529008
16 0.138002031055110
16 0.080294036005239
16 0.151704371780976
16 0.156805752738862
16 0.066525780560787
16 0.161911456894002
16 0.101500807662794
16 0.130216901963605
16 0.113275223565899
16 0.127612715535239
16 0.080631445068215
16 0.058954554024532
16 0.095731100959066
16 0.094212514034062
16 0.105133508603316
16 0.046738673231259
16 0.133038775229345
16 0.115092398403731
16 0.130981088807179
16 0.105944060232677
16 0.095523476263289
16 0.123971402373456
16 0.092399952445781
16 0.082499118598606
16 0.136518610493526
16 0.076232192893832
16 0.052194006238176
16 0.119385825569117
16 0.150341834391825
16 0.090242657017100
16 0.091402594186869
16 0.103121609274236
16 0.098942939712963
16 0.119603648909936
16 0.099931714679926
16 0.195108280091245
16 0.121725379861288
16 0.096827840770876
16 0.111717518517859
16 0.074378909327443
16 0.150782808429976
16 0.115515428496293
16 0.072863847725393
16 0.146795426906921
16 0.082705021161869
16 0.072419532315830
16 0.100609096183414
16 0.165937817157004
16 0.148037138489721
16 0.113020456470113
16 0.165813420267600
16 0.101283426849573
16 0.099335005810667
16 0.109964180360351
16 0.064339880735426
16 0.089209223161632
16 0.096593488610235
16 0.056955538507819
16 0.122148374775313
16 0.104186167598765
16 0.113718733119148
16 0.133588746995580
16 0.121891585505755
16 0.081384118076532
16 0.116501948307508
16 0.148271670632294
16 0.070153176846146
16 0.056592069055559
16 0.094283983402828
16 0.080649624428034
16 0.089468403550490
16 0.077577876219880
16 0.151043471295821
16 0.082849852323734
16 0.108500918004436
16 0.076393237743553
16 0.070350523823223
16 0.087882640304762
16 0.132694317018862
16 0.092639142122665
16 0.122701193886533
16 0.100910095715762
16 0.150140628017259
16 0.105940767365236
16 0.069745825858160
16 0.126220106343666
16 0.160175949536653
16 0.069227369295375
16 0.060584514572457
16 0.094751171667234
16 0.100956128786215
16 0.105620980789241
16 0.123769477002153
16 0.083949077040016
16 0.063159945084144
16 0.111666136074478
16 0.092948025046917
16 0.067268647033738
16 0.108944578360375
16 0.085789088482346
16 0.118798765034758
16 0.126467153811215
16 0.188508358538976
16 0.112018159485495
16 0.066071517607570
16 0.096054307350281
16 0.111568133508167
16 0.122070142782900
16 0.081864399758998
16 0.078727146432759
16 0.119499166354508
16 0.047732219717390
16 0.068415823101450
16 0.085145928423141
16 0.082477918588207
16 0.141760533222892
16 0.188289792853843
16 0.115792854468325
16 0.118744145101967
16 0.127787496836126
16 0.116246131651068
16 0.059813315671775
16 0.106703676311121
16 0.147958328297805
16 0.112581439312015
16 0.138931194935886
16 0.105887897660910
16 0.091531545812234
16 0.105612558827232
16 0.089985218606996
16 0.133390423472836
16 0.184411617713887
16 0.060939519819509
16 0.071195097738086
16 0.096258755451014
16 0.144102156961231
16 0.205556616363828
16 0.120328784081942
16 0.080303152131351
16 0.094256513736949
16 0.129247783482616
16 0.130834314941408
16 0.076366033174553
16 0.129307647702970
16 0.132312824980514
16 0.087949559038274
16 0.116056432460466
16 0.065848415756480
16 0.134700060452809
16 0.127884687335497
16 0.084543520482421
16 0.064330626723487
16 0.058619666978120
16 0.115849267575788
16 0.146519253756083
16 0.130598478713272
16 0.079130567715170
16 0.053840678584341
16 0.157514881938669
16 0.091751919978043
16 0.069801996493285
16 0.086178615971795
16 0.150853985762349
16 0.119172793543600
16 0.057502716442174
16 0.077531971085252
16 0.084038352434479
16 0.099878102990353
16 0.091930178995770
16 0.081515945458288
16 0.065769361272670
16 0.129723469840343
16 0.144078469235247
16 0.074647985179760
16 0.116841261990188
16 0.104749748748087
16 0.076222733477411
16 0.144441084519723
16 0.074998604806662
16 0.115674922426326
16 0.054249038085187
16 0.209308797486830
16 0.081059698214541
16 0.085942570741174
16 0.085707918735074
16 0.131347781572490
16 0.075112540229777
16 0.114420321746246
16 0.121593632371575
16 0.116737766164531
16 0.156277761922442
16 0.121604682159318
16 0.133247871812276
16 0.077161422987552
16 0.101548239404144
16 0.132816232105424
16 0.122756049610281
16 0.139128750662898
16 0.068205201565755
16 0.129444868983289
16 0.100276960013118
16 0.091829929255884
16 0.172403609432921
16 0.148052159563215
16 0.076023973913330
16 0.130668505098034
16 0.107623924237223
16 0.101064356611892
16 0.070747668433364
16 0.127457733309364
16 0.115212302797909
16 0.100698395802781
16 0.143152639337037
16 0.129354950513590
16 0.147147443222680
16 0.064550359205881
16 0.127192860639010
16 0.093482108180402
16 0.069431838950961
16 0.081153011443981
16 0.086643875067922
16 0.090499925136839
16 0.115684066890572
16 0.149429425343937
16 0.049672446873415
16 0.066392259303325
16 0.113464316502215
16 0.128814433138653
16 0.182421122123243
16 0.113098862934573
16 0.115631373464286
16 0.111093800053285
16 0.076378938302781
16 0.108828015715700
16 0.152161925321404
16 0.102998201841662
16 0.089176566333648
16 0.087564002548828
16 0.076965275759931
16 0.181149835475651
16 0.117046019689352
16 0.066025335611933
16 0.088590953069416
16 0.109789933881228
16 0.073221216521769
16 0.088197071305176
16 0.112072790700491
16 0.079964230927782
16 0.244844184553375
16 0.067464795328613
16 0.059351804501390
16 0.051835384684520
16 0.098925946434640
16 0.122991967681909
16 0.120330233567591
16 0.075701821177426
16 0.134533218625929
16 0.059834427490395
16 0.092149545845975
16 0.085593274958519
16 0.094314779902969
16 0.073549556800423
16 0.079863584124314
16 0.187195254655742
16 0.087785848632585
16 0.129289415595498
16 0.125763381230335
16 0.118270767093959
16 0.109554049371082
16 0.186147090139957
16 0.151518090664884
16 0.057428934981019
16 0.089772912636024
16 0.070617912341344
16 0.093775219144041
16 0.142400378953249
16 0.060876852513175
16 0.117397414987270
16 0.059950908892283
16 0.054504069578214
16 0.164096217894062
16 0.127969326006103
16 0.159821267232731
16 0.055476743184489
16 0.059729337113426
16 0.112116131614858
16 0.106759124509391
16 0.053125370613424
16 0.095852282270811
16 0.127954649571549
16 0.080548891528692
16 0.140544247552584
16 0.140181039194315
16 0.092643310218772
16 0.073686873285945
16 0.118823104742684
16 0.107689279470880
16 0.085603236173247
16 0.112118955567181
16 0.073297551897439
16 0.147282649911727
16 0.142327817448063
16 0.071844282849721
16 0.132111105110360
16 0.094688988466626
16 0.113464441044187
16 0.122919641232104
16 0.056790643683581
16 0.091247757306111
16 0.070014956330514
16 0.105975212812586
16 0.067314331148296
16 0.082308173305811
16 0.079705726752446
16 0.084409896736656
16 0.116238467568823
16 0.075729251820368
16 0.128953345808121
16 0.119461036059091
16 0.147329732141923
16 0.090878103088300
16 0.190447639894904
16 0.127253552231122
16 0.119124469295999
16 0.120428064949710
16 0.069429704023727
16 0.126624806267028
16 0.053876480235257
16 0.154072420413970
16 0.089574108353795
16 0.070052694427690
16 0.078464946218828
16 0.105808987533498
16 0.120566618945856
16 0.065532809025142
16 0.095837003228462
16 0.065087836517294
16 0.067819646247789
16 0.076146627829629
16 0.150143218166191
16 0.093220494486224
16 0.071908695678342
16 0.060834713150033
16 0.098619468819732
16 0.071748190562024
16 0.103805143966849
16 0.106557273294593
16 0.231606095973482
16 0.085974029511032
16 0.093037243955114
16 0.122034376342785
16 0.075095226619266
16 0.074137492667039
16 0.112113155177367
16 0.143998303121294
16 0.081255374175250
16 0.103795061747913
16 0.114210353502900
16 0.071650473369495
16 0.076166436089011
16 0.061447323258702
16 0.033005513816562
16 0.080953753880933
16 0.070333479886597
16 0.125497331332340
16 0.112080768817821
16 0.097606635654224
16 0.160425410142497
16 0.074365113982828
16 0.119888159501579
16 0.065650110477130
16 0.091413618643100
16 0.129858169967395
22 0.242672973924666
22 0.263359160592796
22 0.290760373616203
22 0.589744335114368
22 0.165382899706417
22 0.198250785237514
22 0.236038763707906
22 0.209388776985122
22 0.316110556684774
22 0.265340104734462
22 0.316856377757969
22 0.242924316455272
22 0.219793016364434
22 0.286438810862458
22 0.254358244090111
22 0.281231514514587
22 0.240847397076193
22 0.326682431655211
22 0.147755792175163
22 0.321837852972305
22 0.243297927867725
22 0.449028300161197
22 0.284975902477984
22 0.267909472225211
22 0.374584047780334
22 0.329002506670529
22 0.241574627283545
22 0.447120755658477
22 0.208819469682227
22 0.210324938357770
22 0.266071164082953
22 0.316129093289150
22 0.304878152680558
22 0.420356045730040
22 0.283793611975501
22 0.177645383533902
22 0.332631864525637
22 0.293062306030714
22 0.399147590765030
22 0.390258049324717
22 0.303699940620738
22 0.208150277024258
22 0.261297325228574
22 0.338238023091315
22 0.346885714714208
22 0.147215585404477
22 0.322773803886163
22 0.282068501896497
22 0.141066578902947
22 0.517801417633217
22 0.258221814772599
22 0.226216851974756
22 0.353315475744976
22 0.374061674789360
22 0.266252466336989
22 0.445820007730390
22 0.267776964753486
22 0.224797202895714
22 0.440736043840369
22 0.363290596756084
22 0.376752772170180
22 0.482396223848382
22 0.262848625792228
22 0.317010571508352
22 0.335218669815602
22 0.267015939773360
22 0.433492210176546
22 0.356431626562127
22 0.391509400140850
22 0.213307480236950
22 0.483632887066606
22 0.217516123441196
22 0.345257699977193
22 0.391686645321502
22 0.326014151751524
22 0.398307331536859
22 0.348183599456703
22 0.298714664750322
22 0.422663150458308
22 0.379865715332023
22 0.309823593787506
22 0.261817887639493
22 0.487639336703526
22 0.360124704889779
22 0.332112171302132
22 0.547953773615964
22 0.292869955824405
22 0.245626961840713
22 0.395977864332432
22 0.288894003555284
22 0.332343276658766
22 0.224368542692232
22 0.309817327348676
22 0.220302687793202
22 0.504335355676617
22 0.307127287610122
22 0.318307124519713
22 0.181840679013239
22 0.208546683740369
22 0.301437387018068
22 0.464127681971441
22 0.298839876085767
22 0.225183775042574
22 0.257587261747088
22 0.491442598284721
22 0.346107398173984
22 0.310179605766451
22 0.428639292712191
22 0.227233223838565
22 0.338723291805651
22 0.296708539458954
22 0.208774402842567
22 0.291449966806843
22 0.242033132836382
22 0.239844597559649
22 0.170820554459743
22 0.169851837093725
22 0.293208420068714
22 0.269167904825325
22 0.275525544462626
22 0.248313611850754
22 0.433069865313223
22 0.284600375197654
22 0.274257703148194
22 0.271456332473053
22 0.482032574589460
22 0.268029740908028
22 0.239328582311681
22 0.256808375420040
22 0.331489104746445
22 0.258534703184693
22 0.225668724392877
22 0.174736582015814
22 0.332016893405395
22 0.169848039909372
22 0.265635960738576
22 0.370396028781223
22 0.521588637467602
22 0.126367102624473
22 0.399948985807332
22 0.188068483712476
22 0.224940372123434
22 0.343800417050812
22 0.309894057238268
22 0.269910667954845
22 0.288048441643309
22 0.225658948826036
22 0.353918009445734
22 0.260391221650806
22 0.308404338655682
22 0.324291155439006
22 0.315879349611625
22 0.252551352020431
22 0.216913250419638
22 0.343341619453850
22 0.337290078411647
22 0.272133752947534
22 0.412654226359837
22 0.240920839914004
22 0.465527068353078
22 0.520818547022386
22 0.167844344690284
22 0.441820217234332
22 0.210342480062213
22 0.326140726867194
22 0.305395855836123
22 0.325881144591624
22 0.321579301196383
22 0.498382107627020
22 0.354486578939186
22 0.341825286513213
22 0.292799793743948
22 0.220588183982143
22 0.291438520533702
22 0.344701978342933
22 0.585864568545771
22 0.241134212213045
22 0.220142385546413
22 0.324631016192238
22 0.324057608149759
22 0.585479609012374
22 0.169026649055175
22 0.205388983656799
22 0.226223318973395
22 0.390621389931492
22 0.422645732189342
22 0.256776714541924
22 0.259771634484371
22 0.273985932342093
22 0.224085072791354
22 0.424008915024344
22 0.310278776560434
22 0.193384018979170
22 0.286176230477108
22 0.325056227968949
22 0.317892219639992
22 0.171374935656239
22 0.476973277454293
22 0.210245624185623
22 0.412838571983470
22 0.288585850599034
22 0.380613231914226
22 0.299451940663622
22 0.187362217260968
22 0.442896611536347
22 0.229355477422254
22 0.320048089424058
22 0.295862012813334
22 0.212544017730635
22 0.430121699154979
22 0.333012214872351
22 0.265970312523476
22 0.531624695081516
22 0.191615082719193
22 0.267749789450866
22 0.267934656197439
22 0.228613128139297
22 0.253684073083545
22 0.297431097709728
22 0.332297563514396
22 0.248580077196085
22 0.235390117573026
22 0.167956839588438
22 0.443992352736306
22 0.262318921610520
22 0.167302116128214
22 0.301970570112104
22 0.316381343600745
22 0.284868026420796
22 0.363687265695141
22 0.200562018733601
22 0.171352082671182
22 0.284145632204531
22 0.169912104074337
22 0.295482934554892
22 0.235457614362761
22 0.236027756281608
22 0.476042452391155
22 0.199370509111930
22 0.263439840193900
22 0.290314227617666
22 0.462084265207490
22 0.155298489731111
22 0.331307311235034
22 0.301622012242902
22 0.228415989506155
22 0.252569093736005
22 0.407444127535708
22 0.443378831006414
22 0.325908383583487
22 0.323502111834325
22 0.207075396377449
22 0.250769513780679
22 0.264326667650009
22 0.415527619809174
22 0.284079805216181
22 0.199562004562358
22 0.483676488474944
22 0.331069001936336
22 0.317947204949318
22 0.397099177121538
22 0.172250353803758
22 0.220060110943954
22 0.502561791702641
22 0.236923670034324
22 0.222441831351766
22 0.307397885142398
22 0.206820469267378
22 0.411868491382055
22 0.309847407983996
22 0.264637315610050
22 0.194640445279014
22 0.348373143730968
22 0.458518361494447
22 0.416011678141161
22 0.189890261019707
22 0.568057121537026
22 0.248361788257199
22 0.344419290890020
22 0.213145979329932
22 0.286183440150498
22 0.258420372442123
22 0.374312413605642
22 0.291540884109206
22 0.187669912099016
22 0.313452120176569
22 0.285812273024801
22 0.144602922026725
22 0.495292078292184
22 0.230038624207674
22 0.217928690164637
22 0.345335407944216
22 0.268373296804236
22 0.298694126709606
22 0.252404722632653
22 0.397867882869002
22 0.195936373110865
22 0.322991781903894
22 0.551016510407166
22 0.300870649552881
22 0.242281859901062
22 0.150086038574782
22 0.144791804252208
22 0.443314268498736
22 0.225344931832875
22 0.192138276657912
22 0.423650850425254
22 0.305605517831854
22 0.565732008508439
22 0.441241027830873
22 0.405441679466676
22 0.488514894343058
22 0.262345079495890
22 0.331309222045762
22 0.378676380909372
22 0.447925696213258
22 0.285628929747387
22 0.197908126923683
22 0.271850954042191
22 0.176678102751016
22 0.149092562356335
22 0.217848971409932
22 0.506849434620674
22 0.110222708754728
22 0.277526121816847
22 0.312286138543650
22 0.303800975886781
22 0.426474152997437
22 0.513366092864249
22 0.522770127165193
22 0.458858311535558
22 0.303339282104622
22 0.250666793842988
22 0.294523477582234
22 0.215488450176144
22 0.383009996255714
22 0.183763604322365
22 0.312511820826154
22 0.393701873040534
22 0.246409894219000
22 0.228130781828576
22 0.404664657963817
22 0.398165056062040
22 0.162828650311036
22 0.500130904419160
22 0.394533867717299
22 0.348038959947421
22 0.289820538902993
22 0.202652319872124
22 0.193759810404284
22 0.188557292716898
22 0.214546666543443
22 0.443066582280633
22 0.280049288240556
22 0.487576563841238
22 0.372644122515181
22 0.385680259372548
22 0.256614460504562
22 0.404987465340184
22 0.285910422737444
22 0.178192876442045
22 0.371907478355770
22 0.214512235026073
22 0.205098413685813
22 0.183803904435401
22 0.548376809261693
22 0.599431645559400
22 0.407236296071514
22 0.244202811876519
22 0.368925718064635
22 0.208731965108522
22 0.373942185519946
22 0.569638101928624
22 0.244529442067009
22 0.154950578943484
22 0.215607097108146
22 0.274705444042355
22 0.517541551816347
22 0.315255553702870
22 0.259212449484442
22 0.256018216062848
22 0.546136932920339
22 0.401213619942148
22 0.226458363917260
22 0.456836768195434
22 0.439367989383929
22 0.361710277400625
22 0.294420064392578
22 0.267034336201302
22 0.641885379922965
22 0.199316332319055
22 0.423806990303381
22 0.254487461192543
22 0.419633869736033
22 0.273251007286555
22 0.249456795176872
22 0.344791272551720
22 0.300296086796082
22 0.326224044251129
22 0.264913511364476
22 0.330668497987130
22 0.229033913563905
22 0.263842054833287
22 0.346762776751283
22 0.476064840288224
22 0.120438731204021
22 0.310473296686251
22 0.171358738055652
22 0.246140485698001
22 0.278380491797077
22 0.323878548107985
22 0.235557151547395
22 0.220827409083169
22 0.262792721264712
22 0.188788954930452
22 0.392486348687769
22 0.227802920579208
22 0.349955761009571
22 0.304386866984474
22 0.379618061040304
22 0.222033594461159
22 0.154003443513627
22 0.464948657626670
22 0.296718254893491
22 0.372668482125706
22 0.302586948116429
22 0.310838445268959
22 0.205068808509997
22 0.247618916087064
22 0.522317893173950
22 0.249989410980656
22 0.235937438162461
22 0.171023012364245
22 0.272818152431793
22 0.267889620660009
22 0.275403253336210
22 0.715187617977120
22 0.358648215262914
22 0.202985659238184
22 0.271818733338276
22 0.460864667906013
22 0.491773854565134
22 0.331523856978945
22 0.311001418732730
22 0.218082365956911
22 0.243333129679921
22 0.185860385576505
22 0.204951617204809
22 0.512017652678580
22 0.433665575130564
22 0.255135793333549
22 0.158888135824072
22 0.314477726284199
22 0.281566781853015
22 0.480500984318736
22 0.297992520642642
22 0.292097629672277
22 0.174476802944332
22 0.320560275135042
22 0.273542615904670
22 0.197877953669247
22 0.393723479057068
22 0.266847455472644
22 0.230645202355390
22 0.325710930167523
22 0.307866812758250
22 0.259594470379937
22 0.316821481933266
22 0.392362655795433
22 0.383171478985832
22 0.263519341989428
22 0.348768569879317
22 0.170184369392254
22 0.490864786121763
22 0.467717832903224
22 0.198118664930622
22 0.285039599485447
22 0.624242154773334
22 0.260421502991059
22 0.364089579146066
22 0.302443049682239
22 0.301648254096999
22 0.146627755514089
22 0.243398765737056
22 0.336283065587166
22 0.330752015417346
22 0.442296556286216
22 0.256553039639171
22 0.283308132192011
22 0.355810100576404
22 0.142424823848679
22 0.517874891995130
22 0.337506990268509
22 0.406363956551165
22 0.297983925762062
22 0.258127944601013
22 0.390147053087255
22 0.361588357278143
22 0.272316592133467
22 0.361484714781064
28 0.539900339675595
28 1.104134644186947
28 0.537071930473727
28 0.632611461296384
28 0.555230023870249
28 0.624668343088202
28 1.044173255641988
28 0.524037277288111
28 0.721069231180059
28 0.662096173907610
28 0.653170288259277
28 0.702719593211016
28 0.392636281143630
28 1.158188749966583
28 0.474570039536887
28 0.387650962625933
28 0.374332573012882
28 0.648651996324239
28 0.714467399279218
28 1.034721554784421
28 0.743885986985814
28 1.024851554435093
28 0.576573884547253
28 0.895674314818002
28 0.485360591152774
28 0.589307863371524
28 0.535590970550716
28 0.468303294813045
28 0.683307120184603
28 0.787298900111585
28 0.928553054529170
28 1.227440728347864
28 0.828785567178298
28 0.770990549496771
28 0.524366492583166
28 0.435622492464775
28 0.704116168276216
28 0.518322555843459
28 0.812583250992232
28 0.574183556861070
28 0.420978798974275
28 0.519623485531680
28 0.852337509366938
28 0.581760727235012
28 0.819845363600712
28 0.938456629255166
28 0.499152891770106
28 0.570068110373906
28 0.467784439234668
28 0.671902860303445
28 0.603034709812567
28 1.293623363226359
28 0.816386152380071
28 0.744163816580122
28 0.417736950436197
28 0.538585554830464
28 1.071972813179151
28 0.572357228816378
28 0.902615199650411
28 0.608009686036820
28 0.689932333169494
28 0.580347312766873
28 0.519149729994002
28 0.301348224471268
28 0.588959612398138
28 0.532010498242996
28 0.684585633037083
28 0.418951998314255
28 0.399056632941403
28 0.643019109640949
28 0.496708536535753
28 0.668532525535523
28 0.440100863232586
28 0.521698125888709
28 0.595833293937290
28 0.472353732714641
28 0.766099494229225
28 0.508973084150754
28 0.712312627201284
28 0.740097628124161
28 1.081815417590596
28 0.423851029559323
28 0.838937839708470
28 0.745004048267434
28 0.550719202739368
28 0.597824735985685
28 0.593930199905995
28 0.339582051575209
28 1.079368758585252
28 0.826146628410552
28 1.285832722875811
28 0.688746589621319
28 0.891836312437083
28 0.771579560245082
28 0.579674151023453
28 0.959470652212620
28 0.531332499550060
28 0.558815120526627
28 1.024903531514612
28 0.439312140348801
28 0.645862672619143
28 0.859804575778266
28 0.653917013642145
28 0.385497443144186
28 0.816436054290960
28 0.989118136932806
28 0.366915101674645
28 1.353794645931425
28 0.743566748429345
28 0.617818311827585
28 0.699277369781920
28 0.431845597495297
28 0.457463107498881
28 0.443658813358780
28 0.534523632616052
28 0.780621133224548
28 0.523568368369854
28 0.640706519291324
28 0.626665287548985
28 0.352867849804078
28 0.932589285404215
28 0.521392007864347
28 0.610399607965864
28 0.592165044146019
28 0.495139181335743
28 0.740610643709909
28 0.585366540974990
28 0.808925098815712
28 0.705547887847098
28 0.511283790058632
28 0.752509052316747
28 0.410018743026482
28 0.822213098225552
28 0.952571741971122
28 0.812181414371527
28 0.615703503404428
28 0.567112061470856
28 1.108735354504071
28 0.778787025571200
28 0.513154045143580
28 0.383985771361775
28 0.374027704510866
28 1.180665542030188
28 0.488323679698611
28 0.355701306265320
28 0.717202953301250
28 0.719941251027595
28 0.530074433541968
28 0.604364406187799
28 0.575918088361573
28 0.604917777542103
28 1.068390838229827
28 0.322396735349130
28 1.048183304317606
28 0.601907941793936
28 0.585680606763115
28 0.308213957951216
28 0.689057194701030
28 0.406208586750722
28 0.372835305296305
28 0.492541883768877
28 0.587656076459990
28 0.830174120222151
28 1.054219733965696
28 0.660917975479713
28 1.148289603345730
28 0.630615573407892
28 0.913706366827652
28 0.950222470759227
28 0.865038590811235
28 0.883877947542041
28 0.587899208668432
28 0.513179405959860
28 0.389491218309801
28 0.522789796092054
28 0.408400912145848
28 0.545468780759416
28 0.476331257480162
28 0.540544259516780
28 0.701076633986412
28 0.551187919918289
28 0.683337487435451
28 0.440568605524680
28 1.209298442042139
28 0.854846493393028
28 0.613399547845691
28 0.596746408020797
28 0.472049211421418
28 0.936539660405908
28 0.556452425976671
28 0.885390597984000
28 0.507033924251413
28 0.752377824146683
28 0.773324409673664
28 0.478976561737666
28 0.679391782460507
28 0.586677710513330
28 0.863244591185092
28 0.675377107449923
28 1.253281877200300
28 0.294038571003501
28 0.609334226695303
28 0.503115694617482
28 0.683009452551132
28 0.768827888890730
28 0.482159690644254
28 0.641950622446507
28 0.832422132113245
28 0.452455974411762
28 0.475476041153700
28 0.778834323373661
28 0.571064788610963
28 0.647751679458803
28 0.855097943739823
28 0.560225521707507
28 0.889401837737336
28 0.640494862448885
28 1.076459822614150
28 0.830552813682219
28 0.494897695158810
28 0.883386858473505
28 0.619843391189119
28 0.589339663545316
28 0.727649222089942
28 0.912751792893983
28 0.591107501445418
28 0.720693970125387
28 0.513052292705546
28 0.412391909079302
28 0.502404855518340
28 0.466948254821769
28 0.933522554688160
28 0.593553689431978
28 0.643395141065009
28 0.488979474295454
28 0.806287060982284
28 0.394151435421417
28 1.118027862447812
28 0.922103842728130
28 0.894894530806106
28 0.526994875670866
28 0.788060279970971
28 0.585094049280142
28 0.412707562071938
28 0.997700907876394
28 0.605392333403278
28 0.701019329832654
28 0.447923074664698
28 1.249853440625731
28 0.402340862958530
28 0.377940444464333
28 1.184374666702432
28 0.420714250893883
28 1.098852215822749
28 0.740309371319256
28 0.700178202317181
28 0.708729809913970
28 0.750231952453477
28 0.905742174298918
28 0.599650473790426
28 0.626575708881886
28 1.352959798038094
28 0.495539043195287
28 0.502832422146428
28 0.520823469682804
28 0.509273119732487
28 0.667361450208773
28 0.793293709216375
28 0.584492528824713
28 1.112801302514409
28 0.646550564485762
28 1.125553072193738
28 0.847190402615873
28 0.539090493439013
28 1.170348296575778
28 0.872916505545732
28 0.565655127358584
28 0.417001079394709
28 0.756081639229916
28 0.548666112320765
28 0.334665731177553
28 0.723523269772017
28 0.671496691303939
28 0.870642898717631
28 0.559904380388073
28 0.691336581335913
28 0.678492215747792
28 0.360916461628003
28 0.994788837435426
28 0.490970912740603
28 0.637537331553100
28 0.767045003801533
28 0.955813251126019
28 0.445695432732510
28 0.924169480111464
28 0.571794068624056
28 0.376357153413934
28 0.645287673731367
28 0.721680255196865
28 0.524431758471509
28 0.727607029306786
28 0.655576195754138
28 1.013742914242406
28 0.810512129202147
28 0.818964879518509
28 0.509849107268315
28 0.498285536592998
28 0.949607685943413
28 0.519082877512722
28 1.094916256570255
28 0.518036372816906
28 1.029959199658531
28 0.367081312065173
28 0.786860954110720
28 0.678998923501237
28 0.805354540951996
28 0.359263821322720
28 1.267705444877001
28 0.878589611824126
28 0.325960174935871
28 0.704507709073530
28 0.703997422041556
28 1.066366110677022
28 0.481734888252108
28 0.438576490102372
28 0.785906376356657
28 0.630422088087494
28 0.618063561894328
28 0.525952156978459
28 0.547150833351266
28 0.703937550951947
28 0.564411733914034
28 0.550786099298166
28 0.694510437996940
28 0.851144908776429
28 1.284428819770655
28 0.431228563302356
28 0.595091927225383
28 0.724135982545247
28 0.688040612427092
28 0.754450211883165
28 1.348583168937988
28 0.707494707321298
28 0.661281489605649
28 0.542719765281233
28 0.568714336450358
28 0.915574353980518
28 0.630293872721397
28 0.805918582453253
28 0.401439819771582
28 0.775630560295733
28 0.824301270536742
28 0.396937447044346
28 0.557103933059262
28 0.756809537053244
28 0.590028170821009
28 0.458769818989811
28 0.990786718679717
28 0.554766625797630
28 0.676099540821715
28 0.804586850859128
28 0.908402090612079
28 0.588212271455367
28 0.727533986010571
28 0.426705033148155
28 0.632600821895806
28 0.436491342667304
28 0.695815721321801
28 0.503336699204381
28 0.336733787500113
28 0.862486909617725
28 0.747816733395653
28 0.517775521656809
28 0.506276353686729
28 0.762886411524529
28 0.358595533437117
28 0.614220453710838
28 0.608849888842140
28 1.100770747380209
28 0.860407271313032
28 0.543397082540236
28 0.646912221792429
28 0.364193606451165
28 0.692871386664881
28 0.742891222995503
28 0.621074243876719
28 0.860095306803441
28 0.521584306784314
28 0.779380315866414
28 0.935366555893283
28 0.912335562278079
28 0.584313919768923
28 0.624358678770479
28 1.011609692418801
28 0.679129088266468
28 0.434844015128044
28 0.739182650580905
28 0.495200967390470
28 0.513782479840753
28 0.728338594263135
28 0.786758803646642
28 0.583625534864203
28 0.827990002427723
28 0.516085750083882
28 0.537191104037120
28 0.471743155737034
28 1.329575880378220
28 0.816984880339850
28 0.560908366894168
28 0.732854495844551
28 0.979475848438196
28 0.961492526937123
28 0.795358956847831
28 0.767370341426700
28 0.585518121733651
28 0.509098881440723
28 0.471260772172198
28 0.800367488266502
28 0.999974715530905
28 0.877967000971109
28 0.505424427562131
28 0.486694986940152
28 0.533918155219610
28 0.600772000013670
28 0.404998952684799
28 0.907005839376573
28 0.637902164904616
28 0.687320578702947
28 0.590410950612114
28 0.588598258802744
28 0.769674268613271
28 0.841689064133554
28 0.790007555613731
28 0.628850072645324
28 1.062005374753219
28 0.503102559015279
28 0.684431668164351
28 0.783311898934459
28 0.455697157185251
28 0.319208324254166
28 1.191344106020362
28 0.749716618299135
28 0.494844666469072
28 0.414475162152256
28 0.606947981085246
28 0.476043185125649
28 0.497187315247569
28 1.021424098078745
28 0.735789809815173
28 0.566004676390941
28 0.864395569599909
28 0.941020257062910
28 0.666409290247484
28 0.744845222530364
28 0.846698706388207
28 0.893646559773472
28 0.921932174679871
28 0.637085011004397
28 0.388011537479257
28 0.745285351001310
28 0.742844556802911
28 0.854696128224350
28 0.585850131621090
28 0.520984986089901
28 0.477914953818332
28 0.523784407635174
28 0.721856116565843
28 1.168678367296011
28 0.551266584735672
28 0.675712846111169
28 0.358252234895559
28 0.565235914977521
28 1.162966935659463
28 0.650768400424638
28 0.586369260901284
28 0.429269893056031
28 0.369642002657074
28 0.678526066182496
28 0.973882156810076
28 0.940333057241367
28 0.571794484694994
28 0.457204934722575
28 0.917555821806015
28 0.632416680817490
28 0.496119570816656
28 0.443641557386275
28 0.552610627792414
28 0.875086725172503
28 0.707393541326848
28 0.382337966611978
28 0.682247378128418
28 0.545086762824456
28 0.799375043629189
28 0.852365234660594
28 0.582951994651106
28 0.828301874940125
28 0.921501162900932
28 0.791117548282577
28 0.583204010354645
28 0.463063011540632
34 1.016779923198078
34 0.730463636897746
34 2.019037457264862
34 0.676695513762695
34 0.656452033626478
34 0.606137611641368
34 0.655408886618699
34 0.620665923697604
34 0.923521653444563
34 1.812516937727796
34 0.682250935615437
34 1.389038340669502
34 1.011276377325698
34 1.196665666634892
34 1.462678877567376
34 1.652480477324402
34 1.029100720277746
34 0.969279618325926
34 2.150724280417016
34 1.336023496367533
34 1.143695202264167
34 1.091853092957898
34 0.829425726183775
34 1.153206189632295
34 1.059700880956589
34 0.739489312467173
34 1.852584755593610
34 0.923970015144264
34 2.148042914256287
34 1.170100253493198
34 2.562839217186382
34 1.502776197034096
34 0.633115940468799
34 0.887940659033025
34 1.050170865094141
34 1.214117051315621
34 1.746561415557245
34 0.695737891572017
34 0.869942352958879
34 1.024920403153188
34 0.740801985479859
34 1.220583812121772
34 0.781746322068891
34 1.016348780829189
34 0.917531114152146
34 0.610941163029906
34 1.457919992602704
34 1.219453109979835
34 1.505890887799315
34 1.698373395167927
34 0.744722083096820
34 0.597765158955784
34 1.119935247981052
34 1.480132713998336
34 2.311595678839430
34 1.827742497337756
34 0.955410424793253
34 1.347477992819261
34 1.183527323082866
34 0.713515790901484
34 1.486404217195134
34 0.829387589577393
34 1.537440336961792
34 1.979855112602364
34 1.182374063597585
34 1.621831453483549
34 1.513163000425831
34 1.671042025743350
34 1.248366197618862
34 0.783928629175250
34 1.899958007211823
34 1.960715721980351
34 1.888753874301742
34 2.283527947686639
34 0.801073214176339
34 1.199243552611343
34 1.305533700657908
34 0.824865018625526
34 1.849688254955626
34 1.330847386443827
34 0.848358554953244
34 2.083354323729245
34 1.680898479455117
34 0.793734211727286
34 0.899787482475625
34 0.818010759605255
34 1.109675635020905
34 0.757128731308749
34 1.216316124050623
34 0.981421239589663
34 1.227865052639787
34 0.935306606178476
34 0.874992314931426
34 1.959371865484913
34 1.637841874541983
34 1.992479998327222
34 1.338116482405660
34 0.869394920947247
34 0.810756357846744
34 1.288363734606166
34 1.268259919658013
34 0.691016334064650
34 1.634863959160894
34 0.738543556218521
34 1.509152243391455
34 1.408808257206871
34 0.766314513279259
34 1.138589027904682
34 2.233405082533476
34 1.046021350877321
34 0.892843899926621
34 0.480977847926376
34 0.978791488444081
34 1.657072872026008
34 1.465830394501685
34 1.481320918684928
34 0.660860643652353
34 0.998309867350204
34 1.156212859364880
34 1.683541017475476
34 1.562596241329965
34 2.283651045728322
34 0.852134296743020
34 3.176247381082058
34 0.945170021448071
34 0.759531905171007
34 1.068179100151081
34 1.114044486952877
34 0.811495536369541
34 1.362232283575271
34 1.445378775819909
34 1.171656951818512
34 0.719644389660622
34 1.199695838011520
34 1.346883414887336
34 0.816048851951658
34 1.050467335637183
34 0.873854728664336
34 1.016674259965389
34 1.403844310260055
34 0.846244733969050
34 1.381489637613038
34 1.071365453190868
34 1.212177664560120
34 0.804901915387058
34 0.815670191498523
34 1.948507870906536
34 2.862404967194724
34 0.848423225283452
34 0.795875866790134
34 1.501745703285139
34 1.289038422344943
34 3.208018555970416
34 0.901539570318390
34 1.626259979163706
34 1.233680660200299
34 1.093155095068696
34 2.238084378378350
34 1.676782656481997
34 0.866846331951415
34 1.089777824019227
34 1.543349655413007
34 0.649448042936777
34 1.482382794290516
34 1.111822193778943
34 1.405980807446320
34 0.812233370330623
34 0.783916306634896
34 0.907182936862886
34 1.126006289624547
34 1.201222797923054
34 0.692186566332414
34 2.533438982869455
34 1.450223059559823
34 1.100982072633464
34 1.523353875955760
34 1.707437076731301
34 0.904169244484961
34 1.472753843272531
34 1.638000046957823
34 0.986834607691445
34 1.099246580306327
34 1.098888171955202
34 1.752154043644077
34 1.631794423188194
34 1.471210218879693
34 1.222011487442325
34 0.943895547526400
34 1.303200642060676
34 0.599691973354781
34 0.861842247878687
34 1.143202480520450
34 1.880286782273412
34 0.844793449812503
34 0.739757548366646
34 1.269154642210968
34 0.843539816076419
34 1.457623619086369
34 0.917904282242501
34 2.019239389737878
34 0.783225880664345
34 1.204563488815726
34 1.024209945622158
34 1.093955693623641
34 0.991951724308844
34 1.520298087435458
34 1.734967690961353
34 2.061297056825175
34 1.263893664575718
34 0.812182102656443
34 1.761330628671840
34 0.686474086410206
34 2.067321954025532
34 1.109015098164184
34 1.313081157450850
34 0.892419688396024
34 1.941438331694061
34 1.679810477730134
34 1.506345792892365
34 1.803475567391031
34 1.493614601405938
34 1.269372851399575
34 0.946556840959585
34 1.264067981912514
34 1.585617694962711
34 1.537101853413919
34 1.528980155914329
34 0.871673909979000
34 0.872974050222791
34 1.609183680801855
34 2.018698746641523
34 0.575589129436544
34 2.163724756290267
34 3.210785482232270
34 0.487302590475655
34 1.301337057079778
34 1.533028648169955
34 0.855754130079788
34 1.089767194156870
34 0.961824815341110
34 1.235845448981841
34 1.264426743421891
34 1.212519273763052
34 0.932054397692046
34 1.031580111643773
34 1.157121357917320
34 1.184991758137588
34 2.185376158772470
34 0.677226818161455
34 2.325907777526724
34 0.814353087220923
34 0.737285000231839
34 1.368663515435622
34 1.741991282893375
34 1.185473636376064
34 1.100477205835451
34 1.232306043267905
34 1.318515988149156
34 1.057696515235015
34 0.955370836463073
34 0.859192762968292
34 0.590268434803899
34 1.052977236826987
34 1.059434004488121
34 1.449646433346763
34 2.080706275827175
34 0.700553190930555
34 1.413785429881502
34 0.772106119419139
34 0.934591088178001
34 1.365433864472839
34 1.079709798928482
34 0.954670640523818
34 1.261090820710123
34 0.744921724143206
34 1.543591093114622
34 1.250054140158044
34 1.442600718613847
34 1.282807672445793
34 1.057836098297238
34 1.473347627380814
34 1.124301944380880
34 1.574800549959952
34 1.709225322684823
34 1.043736274576381
34 1.018200244451153
34 1.425059351287879
34 1.537046827885272
34 0.999722710649982
34 1.121883891858784
34 1.100886274936959
34 0.807067938483007
34 1.640334281364984
34 0.750318102312973
34 1.690929325771399
34 1.732931217302528
34 1.917605038303195
34 1.271620569167810
34 1.094739339357320
34 0.805952728561476
34 1.434792615929495
34 1.180778916372218
34 1.089544274014767
34 1.184023427600448
34 1.270359990723823
34 0.940495637521486
34 1.561551495200172
34 0.587508012893739
34 1.247657988980809
34 0.552791868467056
34 1.058456518157559
34 0.965605593908378
34 1.577467432458332
34 0.891303531412095
34 1.382186491106126
34 0.988286694443805
34 1.133195954757256
34 1.010592787484359
34 0.668427881453853
34 0.886456873425352
34 0.824632630762586
34 1.511249931747545
34 1.133492219128493
34 1.036820404648536
34 1.706893983712292
34 2.328628395666651
34 2.026996953562957
34 0.880406801680975
34 1.273326787216918
34 0.926480875903870
34 1.180522578316765
34 0.898602128411776
34 1.620472114986355
34 0.750582917739687
34 1.022234114387758
34 0.885092330557749
34 1.389262244144814
34 1.549685137535097
34 1.459702813406361
34 2.233767706091899
34 1.250827636838562
34 2.454620468648211
34 1.354203823907485
34 0.745416361063396
34 1.176277173337718
34 1.701302964173458
34 1.755527053978692
34 1.035114154848161
34 1.331695845714474
34 0.843436470358336
34 1.043218421752298
34 0.827905873667185
34 1.202102167975957
34 1.346096769221589
34 0.939933206821068
34 1.590683727748444
34 2.247183166272296
34 0.934174848841693
34 1.314137156727303
34 1.424648460159786
34 0.618821393728590
34 1.764813896793830
34 1.377872576832313
34 1.446805347784029
34 1.683047319397132
34 1.876681264212557
34 1.026466550232761
34 2.985847983208888
34 1.560348771778575
34 1.643837045360365
34 0.974803202711131
34 1.096897058121701
34 1.045235493275119
34 0.792629545256424
34 0.552027231361930
34 1.085379311650775
34 1.057709034974268
34 1.180917897916619
34 1.434443765443549
34 1.044913394079273
34 1.066567932052976
34 1.450478086120741
34 1.265153933317779
34 1.850660068819709
34 2.270782471911853
34 1.156379153006450
34 1.799155044448150
34 0.984053657531961
34 1.107048520687771
34 0.938009492218101
34 0.568261752672629
34 1.472125909173996
34 0.918393168968370
34 0.918775887888275
34 1.101719668888991
34 1.592657179574844
34 1.323916836433005
34 1.359532068888705
34 0.960174852785603
34 1.159598933083759
34 0.930570990457528
34 1.826580598362965
34 1.424620060666901
34 0.889534157404907
34 2.292365947442692
34 1.004790852204720
34 0.974394393125507
34 0.968502956733806
34 1.049950423275225
34 1.011658921611179
34 1.053855214007721
34 0.881213430141147
34 0.908630572795889
34 1.304112752245356
34 1.703409700155285
34 1.312615187288896
34 1.097037108028546
34 1.866791133206095
34 1.440085131439333
34 1.764893001792303
34 0.987333525094101
34 0.535665819997041
34 1.449081270144148
34 1.097807020167577
34 1.170406396232352
34 1.642479338566061
34 1.390141113648683
34 1.806353984521646
34 0.799320092776703
34 0.809267093067540
34 0.990722824921681
34 0.798937049885998
34 1.355213606571227
34 1.679563223691988
34 1.073442871301089
34 0.842629987588679
34 1.025325886122363
34 1.942875498545032
34 1.055243340195919
34 0.920748401263317
34 0.927706908560906
34 1.115126422675004
34 0.832106340132529
34 0.776309490893484
34 0.875598854351448
34 1.511677928439054
34 0.855080114403680
34 0.914784019746527
34 1.452952463752723
34 1.418533681526282
34 1.238104881600006
34 1.254602635622013
34 1.515205148925566
34 0.991492224448244
34 1.322847362962936
34 0.918101391526454
34 0.804359795102493
34 1.573147104608509
34 1.364514800158439
34 1.356663200310847
34 0.897902833264809
34 1.243518409652319
34 1.155442711018441
34 0.751291950417625
34 0.808602559593329
34 0.978464195611058
34 0.875154524435060
34 0.789162371789192
34 0.891508905165092
34 1.512282189080704
34 1.051161059993552
34 0.864343524337972
34 1.396623442954053
34 2.184951629446794
34 1.551549684363614
34 0.897517936447681
34 2.337433464389084
34 1.276441361831812
34 1.660544255211143
34 0.878437364947264
34 1.836257940001438
34 0.718094903322511
34 0.956722345193953
34 1.490975922994360
34 1.772768149631747
34 1.129303305337818
34 0.641549610030545
34 2.480314590664777
34 1.003918595672083
34 1.649402966818299
34 0.627547351025181
34 1.015424328705317
34 1.092019502344999
34 1.465851376689534
34 1.349369337853801
34 0.991727140214540
34 1.757856367566569
34 1.123320647986541
34 1.110325318193205
34 0.728536690121008
40 2.189890830187341
40 5.139821774798939
40 1.994648396880225
40 1.609230891523798
40 2.743050106625939
40 1.495668754894802
40 1.553906364058931
40 1.497983280597477
40 1.590224420226686
40 2.108859312772038
40 1.609504915460983
40 0.950721724005776
40 2.341619420364203
40 1.552715319585647
40 2.380591454929783
40 1.699071156743881
40 1.146979766683042
40 1.857019368039500
40 2.744637595650074
40 1.148613588928878
40 1.514189613158422
40 2.169980385250931
40 1.315706913802876
40 1.436017518020760
40 1.718760700166358
40 1.217853728031953
40 1.692332926128740
40 1.200086989360681
40 1.731382362728370
40 1.819493135747472
40 1.751089636775192
40 1.663457133566412
40 2.342097311206487
40 1.779148951390615
40 1.861208432922007
40 1.501449041104657
40 2.143238139994685
40 3.318899661570304
40 0.964748177332279
40 2.824942971911781
40 1.529109742781952
40 2.137941088019205
40 2.894806135819165
40 1.635994976125328
40 1.128546934788012
40 2.297988344526125
40 1.135726539912074
40 1.808505778743344
40 2.427707303175762
40 1.820308171455197
40 1.231600099700790
40 1.855051008176204
40 2.666043523991959
40 1.754081447993249
40 2.449196977550646
40 2.141914822186859
40 1.817368093412618
40 1.894812269458340
40 2.156193332403502
40 2.398088420292499
40 3.761167915042629
40 1.845603061556854
40 1.601232881788954
40 2.841594083787481
40 1.410227917093572
40 1.497107554093915
40 2.110309099641622
40 1.816187771084596
40 2.568219920830682
40 4.595375501427878
40 2.147655199241882
40 2.731079045419396
40 2.149790040848047
40 1.401252629737060
40 1.276969895733866
40 2.452551421847959
40 1.866521151650666
40 1.097377385601600
40 2.206387444776503
40 1.801901524610045
40 1.334730820481267
40 1.330199162606688
40 1.974619002163027
40 0.864387554957498
40 1.278760736089211
40 1.307318521894231
40 2.590840885496874
40 4.286536551405518
40 2.095805258198379
40 1.654923816663358
40 1.475374191221334
40 2.999684066457993
40 1.794220806391158
40 1.042778431683443
40 1.863414030139212
40 1.884411677232807
40 1.928064107128130
40 1.868055478440986
40 1.221428055783921
40 1.894421946830914
40 2.818397978185851
40 2.240188149702518
40 1.530578809042465
40 2.152968816489294
40 1.494436010366474
40 1.392953847715033
40 1.620419481645635
40 2.074681099858938
40 2.016339492522416
40 1.447859799095503
40 2.742027108126232
40 1.599856902322053
40 1.952310724083468
40 3.681633430573354
40 1.826616721729632
40 1.749335527447537
40 2.203100790498638
40 0.884152480511215
40 1.270346749476133
40 2.726450440465182
40 3.015031355807243
40 2.126631458509438
40 0.870667957249982
40 1.546863214646907
40 2.326731356999605
40 2.677920550272102
40 1.249940687495751
40 2.222806132651169
40 0.839126444267988
40 1.454706072765438
40 2.045868258435947
40 0.914188011479151
40 2.403470978744858
40 2.335175626761798
40 1.705738587053574
40 1.785660103416859
40 1.633603982184596
40 1.743312473389718
40 1.490156573957874
40 1.236415910482203
40 2.094684514445206
40 1.134888208372681
40 3.100540085541333
40 1.457382344770917
40 1.329668981299024
40 1.055779197688826
40 1.265930837296725
40 1.973935507076517
40 1.939226200181155
40 2.344933924436928
40 1.386821463123608
40 1.545955868147244
40 1.322729199121991
40 1.539998704750192
40 1.197914612002614
40 1.328202359095821
40 2.559164950693927
40 1.432686465940755
40 2.456146043296148
40 2.379584031337335
40 1.559828079216517
40 2.343073857844030
40 3.568813487283006
40 1.995821709901694
40 1.844850492705731
40 1.577796144809833
40 2.499920809098649
40 1.165926434520220
40 1.882258010476875
40 4.340463971798153
40 1.608138659931436
40 1.906327428002077
40 1.426039272219677
40 1.173346255891097
40 1.310676042860521
40 1.851884745003469
40 1.145747018971296
40 1.034853310012502
40 1.344837714579846
40 1.313119333847593
40 1.728349325690256
40 2.924327785720001
40 2.366209574897953
40 1.307051414492339
40 1.596994265475938
40 2.535241051043101
40 1.323219435235666
40 2.705837065029614
40 2.245030434784924
40 2.070333445381758
40 3.197233001385058
40 1.670989031417133
40 2.961695333835078
40 1.541245201371206
40 1.259904325577164
40 2.707200514969468
40 2.442251319081603
40 1.922183161729901
40 1.508478284543466
40 1.479309394655057
40 1.587838391379342
40 1.108122754911417
40 2.626458915886193
40 1.696934444443586
40 3.202807237708685
40 2.123070592484430
40 2.265922346157208
40 1.820143416973533
40 3.198743770853497
40 1.186516499562730
40 1.631874122084948
40 3.758211884142376
40 1.456180279772013
40 1.615497399196391
40 0.760150059226385
40 2.118097656175544
40 1.706821707345355
40 1.134153289192803
40 2.519467581155310
40 2.150711399727596
40 1.275595979846096
40 1.448504511560893
40 1.713962974483273
40 1.813548824442833
40 2.551935313185779
40 1.681766450300934
40 2.051415070554381
40 1.546706814131071
40 3.737450673990519
40 2.955663563244594
40 1.928821773107726
40 3.652447486600865
40 1.869760761218700
40 1.580487500962478
40 0.899663965808674
40 1.669143583503284
40 1.112439407741400
40 1.176306712712325
40 1.585445099422173
40 2.230600041272421
40 1.433434597492345
40 1.905943403744143
40 1.772945820379768
40 1.527216359173728
40 1.679798134514302
40 2.665754251326472
40 1.488416073411126
40 2.136727718942073
40 1.103315503330458
40 1.128925025057310
40 1.865008365191326
40 1.195636363578869
40 1.176848189667838
40 1.578540325048895
40 3.085152333826734
40 1.843863502288974
40 1.799984095888685
40 1.248556111156534
40 1.537989574857354
40 1.459502227895637
40 2.304445475712672
40 1.132237628268046
40 2.024965705061279
40 3.916576324769917
40 1.819063704291118
40 1.716016375496347
40 2.368121098415708
40 3.143827643555770
40 2.158292691511924
40 1.175667655237438
40 1.993354913854468
40 1.992377002025782
40 2.812255844975963
40 1.363933391069977
40 1.368655751961607
40 1.071582739116554
40 2.262343735160415
40 1.004306405184616
40 1.514206788863299
40 2.374575555126738
40 1.225180944421709
40 2.830210775078208
40 2.019978406130688
40 1.365947175637963
40 1.211291170356441
40 1.922297910747858
40 2.182460874340126
40 0.767274652531206
40 2.018597697079770
40 1.711215735821556
40 1.873064881134586
40 1.291371715315769
40 1.556674112055298
40 1.728634235303874
40 1.177848857072807
40 1.141690944651986
40 2.694963455855902
40 3.323721738679605
40 1.467108815085952
40 0.945154292945487
40 0.959533562520572
40 4.071494582609459
40 1.196476214918475
40 2.258001138446058
40 2.445183594338019
40 1.702205521207553
40 2.024627859002054
40 1.116134112727803
40 3.320128052231304
40 1.321651434942414
40 1.445667446121300
40 1.200406332932817
40 1.917902122611974
40 1.246244823551756
40 2.150468647494648
40 3.383131057965402
40 1.783767880812680
40 1.674165519923414
40 1.365032764896201
40 2.252840294064097
40 1.522962922777058
40 2.129882485872570
40 1.628909055468247
40 2.288642192730645
40 1.844887205799679
40 1.370671144708222
40 1.463934299621009
40 1.359297011615748
40 2.353405920968145
40 1.707422715541583
40 1.322807161049572
40 1.165072297683375
40 2.168439410047741
40 2.490926431149179
40 2.267775403806197
40 2.941384211346451
40 1.294026992171782
40 1.728314752566621
40 2.089336153535369
40 1.364978341243717
40 1.933184894311530
40 1.066949445984749
40 1.457064015942539
40 1.898174307351713
40 2.310549152725101
40 1.277911958388568
40 1.167877430153538
40 1.914139314095674
40 0.790241615462689
40 2.513519174582209
40 1.339464175653728
40 1.460666493723362
40 1.268889489543467
40 2.331203708386003
40 1.966041282454908
40 2.452298100204124
40 2.238968618514352
40 1.515855334308744
40 2.339344267077804
40 0.785896220652685
40 2.937766024165889
40 1.039823194275257
40 2.108448781692361
40 1.729361331676730
40 1.699829333302743
40 2.112049630865400
40 1.573750752691836
40 1.660165644919234
40 1.777379311352300
40 2.711204322833598
40 0.922997289519277
40 1.867891491218359
40 1.500342844304106
40 1.752414703961274
40 1.970287678991705
40 2.331466290689752
40 1.883742894399173
40 2.283733856143404
40 3.345378048663791
40 1.591977345976218
40 1.142192699921747
40 1.389005723395528
40 2.242295254808962
40 1.948196854190495
40 1.353115347145847
40 2.552661200208309
40 1.167642016446132
40 2.482737193543444
40 1.837228299525687
40 2.362081143854348
40 2.156059027380630
40 2.105500980858410
40 1.430473626008464
40 3.113261749608014
40 2.108121610134378
40 2.629241716685652
40 2.532027481983564
40 1.881133863363095
40 1.762981939069986
40 1.309655436009878
40 2.139396883658773
40 2.712465034704191
40 1.294566364479286
40 1.520693321154937
40 1.355595579900086
40 3.227491583146847
40 1.543855002426975
40 3.390257016963125
40 1.407146393184346
40 1.448913764652715
40 1.133662100712104
40 2.062354474040101
40 1.508623521539867
40 1.689769800442799
40 3.173295202918862
40 2.555732075804988
40 1.242718621987263
40 2.077761117492369
40 2.174340789314691
40 1.632162141259560
40 3.239456780714764
40 1.845496078960629
40 1.064877263445670
40 1.512372137410706
40 2.600315330916981
40 3.039615083711615
40 1.807431283091301
40 2.071577519343299
40 2.061520949457504
40 1.828502654580289
40 2.164329045265923
40 2.571379289584295
40 2.257091749979239
40 1.819730472163965
40 1.898671635772233
40 1.659569654465711
40 1.179076995087419
40 2.724926052627733
40 2.165501903612862
40 3.344725307192967
40 3.510932276999718
40 1.974710846322631
40 1.474198754687279
40 2.631067546792201
40 1.180133802599894
40 2.229746342877037
40 3.003258868830082
40 2.800292867675560
40 1.249953676090422
40 2.720683990252865
40 1.966088016696471
40 1.847182855069391
40 3.746854146689031
40 2.122436949021338
40 1.674653886050624
40 2.239203010886383
40 1.556484202812897
40 3.033214935513213
40 1.906772488334189
40 1.117937556783740
40 1.090530034931964
40 2.318671798465749
40 1.596057190466023
40 2.417272575827180
40 2.503707501463381
40 1.372869979651670
40 1.567067752172560
40 1.718469929647705
40 1.550968045526266
40 2.634271998631995
40 1.754050404877187
40 2.054468976342200
40 2.198832518744302
40 1.190923194933120
40 3.153686749257223
40 2.565063441442720
40 1.001948394851408
40 3.180274884234437
40 1.684878348552699
40 1.089677972790910
40 1.604454566703854
40 1.339077183118761
40 1.235644641273108
40 3.615897878254595
40 1.820809737850771
40 2.371082014846740
40 1.418829225664658
40 1.829263287280982
40 1.649181018841986
40 1.642344112596371
40 1.840122968199521
40 2.240591405919078
40 3.420155282012834
40 1.422743090162669
40 1.589666450520092
40 2.028338739243285
40 1.247983085945485
40 1.182200356729686
40 3.459320318380495
40 1.202296541460679
46 2.363839204790258
46 3.281111107716410
46 3.480808346800016
46 2.602858465358588
46 3.404759073084457
46 2.579501911144781
46 2.771039075195575
46 2.126134513935517
46 2.035640356437072
46 2.757863487102813
46 2.641241602022211
46 2.503747288835459
46 2.872325098539590
46 2.544753811403992
46 2.336569912147529
46 4.276796722932469
46 1.804287337725519
46 1.941633609874713
46 2.742607869138486
46 3.253625295421334
46 3.061999249482653
46 1.409169281222956
46 4.272291908965471
46 3.592076216834763
46 2.373396850401606
46 2.235133071425063
46 4.810831599746959
46 3.411256865260553
46 3.529131686948650
46 2.257547175921451
46 2.405230089165732
46 2.234366288598391
46 4.832335981261807
46 3.184134517633000
46 2.849674306260733
46 2.345743408313861
46 2.815633206366031
46 3.965306285288956
46 3.496931881095044
46 2.342672939753716
46 2.962820218922079
46 1.904830310378722
46 4.019661635630726
46 2.347302749580189
46 2.808058584276607
46 2.497003488327911
46 1.959149487025270
46 2.207560794188582
46 2.943678130110048
46 3.612748952248359
46 3.435003419442508
46 2.572916870785196
46 1.966303846424282
46 4.975116331206253
46 3.514448426218423
46 1.926033749317366
46 2.271896658419683
46 3.550714805570152
46 3.003041542674813
46 2.809773865904850
46 3.572145977315804
46 4.654435777645316
46 4.550574564049748
46 4.285922320035554
46 3.073556699139648
46 2.426704352396014
46 4.301521857915087
46 2.951936315326154
46 2.115007283279512
46 2.177368003165125
46 2.260797309568617
46 1.340967909719401
46 2.318151603916945
46 3.914029417203428
46 4.826761887493719
46 1.332174948998782
46 2.907497333399016
46 4.003994012680907
46 2.427901789559476
46 3.874581382539920
46 3.435640296296225
46 3.671781373762266
46 2.184960240067094
46 2.259732247389803
46 1.988532328256691
46 1.675380603344660
46 2.138562172952451
46 2.412948684397096
46 5.399685783658560
46 2.228709358277524
46 2.922190804767471
46 2.090259745168168
46 2.372883559923785
46 3.190329150645081
46 2.830083704760583
46 2.263884134772408
46 2.268887750703247
46 2.255420530013087
46 3.097866789217079
46 2.631266170589252
46 3.247415975991634
46 2.596185825879182
46 4.889776644523974
46 2.198497567458773
46 3.226505794018104
46 2.960668832543647
46 2.561918259069970
46 1.646475864725154
46 1.743238044007041
46 5.806339064531531
46 4.208701091080996
46 1.923089945209371
46 2.744813461426089
46 1.983309389592087
46 1.391894649425849
46 2.111335960162545
46 3.067922880906349
46 3.922787667562910
46 2.073314570084414
46 2.810003519191306
46 1.614443360630606
46 3.963796776259655
46 2.684552000227917
46 2.652891437369529
46 3.719121107876192
46 1.789424658065133
46 2.804011942096348
46 1.764322923016155
46 3.905861497891163
46 5.242252606718552
46 2.484727067160033
46 3.282591652722873
46 1.942820431144964
46 2.629487892617833
46 5.358732496949782
46 1.423519305522442
46 4.824263886279096
46 3.046016366281972
46 2.576949370699550
46 4.229179919378546
46 2.338752265943231
46 2.703276838679525
46 3.189652076316590
46 3.122333507479395
46 2.609498525880448
46 2.641689174544563
46 2.204301433238959
46 3.348933199254072
46 6.562153835027533
46 3.303291900367467
46 2.741503269058518
46 3.904393525951793
46 2.824264494906309
46 2.047278837548803
46 4.431395227892059
46 3.382948611393078
46 2.867390272136987
46 4.131489788966825
46 3.668166317273922
46 3.624234735422506
46 3.237771153487405
46 1.951652062871958
46 4.406441542686906
46 3.666703147214569
46 2.524899895497602
46 2.003806564582881
46 2.851508571497635
46 3.284579562218780
46 4.518008625379790
46 3.836276170632552
46 2.158337749105156
46 3.636311631547974
46 2.134556055197499
46 4.609184566095341
46 2.027308831451891
46 1.966375085670736
46 1.564681453706084
46 2.506071386763822
46 3.262629580342457
46 2.525323412550994
46 1.788905603419670
46 3.466100005787196
46 2.059330119995081
46 2.302146927335692
46 2.710839717255191
46 3.249702802602401
46 2.796285167189955
46 5.197903132492870
46 2.075133656349250
46 2.114896096457037
46 2.007061573362309
46 3.942465398888066
46 3.135058546766038
46 1.929251873812653
46 1.897524027141648
46 3.230423664455531
46 3.175029157705390
46 1.458061677295352
46 3.028131868092300
46 2.062287261756605
46 3.003748822658334
46 3.228469672615467
46 1.403093778342441
46 2.502688525079406
46 2.209864483071158
46 2.005979441947285
46 2.950760363269792
46 2.160502104970444
46 2.604442237380590
46 3.548055359304256
46 1.880261361700236
46 3.101517312743043
46 1.238410185245850
46 3.971817463352209
46 2.635931256123806
46 1.942062833239871
46 3.750732636767211
46 4.975030574974540
46 4.258007747914239
46 2.978098504614037
46 3.266980526484535
46 4.127943204728018
46 2.330868321712434
46 2.604973975758167
46 2.891349680351738
46 2.634189596547023
46 3.853717755916464
46 1.732262368621538
46 3.638248408333983
46 1.290054797513813
46 1.630352885224103
46 3.128622828619914
46 4.471591373615448
46 4.380727257033418
46 2.780374940330970
46 2.558170042824756
46 2.665275195235261
46 2.053573419745283
46 1.794362670506191
46 2.180585120762603
46 1.503836271532109
46 2.979151106969093
46 4.143886698843815
46 2.485868747861702
46 3.410617245374366
46 1.779180644832454
46 2.347511428298610
46 2.135934627357770
46 3.515564006273525
46 3.569466188350600
46 1.917673721496664
46 1.579757991283419
46 1.906440241081235
46 3.162689303408386
46 1.786759090019684
46 1.462686125842317
46 3.715827469086832
46 3.891503566730012
46 1.426629297101191
46 3.396213840119827
46 2.912304248197091
46 1.967647009091114
46 3.396750367303232
46 2.524156302182474
46 1.797300098897702
46 2.492299714475900
46 3.094107901001846
46 2.303837280300765
46 5.196623776902997
46 5.783959620896038
46 1.761065887899546
46 4.129567173061769
46 1.878440868019330
46 3.899403143711258
46 2.426980472742557
46 3.028851729377851
46 3.615020612505246
46 3.405211329770637
46 3.093334127159613
46 2.725904728940495
46 1.925437492116724
46 1.431092348220598
46 2.583461878505785
46 1.938814565810234
46 2.100108766955266
46 2.983040770612917
46 2.270433182506826
46 1.509269949855103
46 3.773888467328999
46 3.347863428323762
46 1.973423303587202
46 2.081345279748628
46 3.330763029021876
46 3.034495935581512
46 4.714803846544872
46 2.583328680176872
46 1.361440957592361
46 2.714434720513783
46 2.184889811201377
46 4.780824693656840
46 2.554488341370172
46 2.117064362709591
46 1.840907917199248
46 2.033321689039704
46 3.044261624986631
46 1.517939745334965
46 3.525288434957680
46 2.697760551140708
46 1.744291267340865
46 2.545692447799216
46 3.026901428202289
46 2.747824519556891
46 3.556559955272136
46 2.458609517291997
46 2.974629532267786
46 2.580977417471055
46 2.387921603907152
46 2.653516790016259
46 1.998091871986471
46 4.827466701320829
46 1.604679667546376
46 3.697209855935691
46 2.490348203630828
46 3.352932097554727
46 3.516638946614452
46 3.708445716486453
46 1.699621366312428
46 3.763075495262160
46 1.966381036251426
46 2.566480752169442
46 1.638217273189464
46 1.801800975537050
46 4.801315679625091
46 2.766193386414606
46 2.317845433219786
46 4.303244085509870
46 2.444704365225985
46 4.131031819758790
46 2.536894040288678
46 3.337389141125584
46 2.624871450892469
46 2.897454553099474
46 2.904533524912306
46 5.058254601776063
46 2.533246726536223
46 2.341059696520777
46 2.698968512243828
46 1.674611707581718
46 2.519894439081944
46 3.657516207725761
46 1.563651921087414
46 3.132864423699504
46 2.522737675568791
46 2.768433870927423
46 2.318286614566348
46 1.971254695783565
46 2.004293386141324
46 1.931939336980747
46 2.828121167126086
46 2.234637707579025
46 2.055405558785789
46 3.633316388258216
46 3.001561167613688
46 2.512339668124563
46 2.087431896184023
46 2.023117065889700
46 2.890972451252271
46 1.268260468590386
46 2.940032590383798
46 2.173812427510381
46 3.079521464225823
46 5.067364901996084
46 2.489999115100179
46 1.775511910286742
46 2.227729676871851
46 3.633821562815467
46 3.411732790500561
46 3.335993745720207
46 2.774219836654961
46 2.172617994484215
46 2.176082795309069
46 1.803039073318990
46 1.396266357514514
46 2.891881767681169
46 3.228013757386267
46 3.969818177695307
46 2.939801351116023
46 3.579484859861585
46 1.706681766614127
46 1.654566274267740
46 3.004509308345953
46 2.571896346797184
46 1.076791504856735
46 2.013916369971050
46 2.798572348328666
46 3.511697583261459
46 2.114133869213001
46 2.934683385612672
46 1.683898763529366
46 1.678390139375540
46 2.749083086627099
46 3.292950665984568
46 4.344051457053737
46 1.983512251195553
46 1.286449021736860
46 2.529792788973033
46 3.641284308040130
46 2.116913362858604
46 3.139378289149558
46 3.327353112133395
46 1.942635805141207
46 1.806353672953608
46 5.185391948953058
46 2.056034204855536
46 3.918475521966267
46 2.459845754383716
46 2.399502967281166
46 4.088516546124686
46 3.135453092273579
46 4.784203984455375
46 2.343477094827958
46 4.238899043332127
46 1.751135871178196
46 2.972653406705077
46 1.272112769249687
46 1.471917871485644
46 1.690360166381648
46 3.079932105872820
46 3.137023107231643
46 2.797175591970942
46 2.258009105959211
46 4.057055412670200
46 1.737008270348658
46 2.572411960621163
46 2.416143463658377
46 2.929793766714806
46 1.856031351519809
46 3.238478655896078
46 2.271966657319126
46 3.646321125638215
46 5.268453257979258
46 2.707731047794466
46 6.881902212911005
46 2.731304715411538
46 3.582629184136352
46 3.039383871010233
46 3.787465558554155
46 2.006932725342529
46 3.135525609113374
46 2.110718303870022
46 2.678089569906797
46 1.807905570920938
46 1.610398081331835
46 2.746819620979710
46 2.351585969501071
46 2.525887089163553
46 3.605292887251193
46 1.541587317342931
46 2.319009013475874
46 2.281863937039556
46 2.025352248601314
46 3.441253144441039
46 1.780927183303930
46 2.691857780775880
46 3.376942607803541
46 4.263483717966401
46 3.466818437637437
46 1.636026412313844
46 3.943856905659262
46 6.087574127530478
46 1.844316119103453
46 2.327437497388830
46 2.535875282108831
46 1.866173298597787
46 3.375290088781381
46 2.622280049771619
46 4.136807691223686
46 5.511838391040365
46 1.834849879459762
46 3.118211681455787
46 1.850403884956581
46 3.630011965301302
46 1.646209300534584
46 1.885415360711050
46 2.580282965657108
46 2.304765524986980
46 2.821314661741003
46 3.492942426693284
46 3.149388987949396
46 1.974933530553060
46 3.138401586856916
46 4.081855345919227
46 1.940826106862339
46 2.457401943583740
46 3.492185259475694
46 3.534768207069421
46 5.836787786880451
46 2.826659709376837
46 2.810658434191345
46 2.136245590017854
