10 0.018936282220784
10 0.020247052562276
10 0.023128713586146
10 0.023256734697877
10 0.030602109734214
10 0.022882420570026
10 0.025580080724401
10 0.016041706697877
10 0.025381503867630
10 0.021229924887504
10 0.024700058636654
10 0.018332198179307
10 0.027446741891720
10 0.013903866012283
10 0.024910765206009
10 0.024539066410411
10 0.036509938604597
10 0.028445177617346
10 0.025214630420338
10 0.018032855989084
10 0.019109991298946
10 0.044781783139962
10 0.032563642303997
10 0.028817623571157
10 0.025559376851049
10 0.019481079790475
10 0.028780758783586
10 0.032187858957629
10 0.018188154062504
10 0.017504990148391
10 0.024648917178427
10 0.022037240461151
10 0.025495781904846
10 0.024566516231131
10 0.026870884674664
10 0.037635427897151
10 0.032980154863050
10 0.021305204781069
10 0.036615362235488
10 0.020303340312518
10 0.018177567791905
10 0.021108249264111
10 0.026226837467422
10 0.022378924639186
10 0.017540394920572
10 0.028149699950566
10 0.031362155409376
10 0.032160316590873
10 0.027944445054865
10 0.029439223627287
10 0.023492258732602
10 0.027762135571365
10 0.052302720546921
10 0.018909156523275
10 0.014039288957712
10 0.030487608296268
10 0.021522956684517
10 0.038178066858453
10 0.019229696058836
10 0.020369753092784
10 0.017779764978576
10 0.013212649280429
10 0.041074566634626
10 0.011681224334225
10 0.024210197847649
10 0.026973975470286
10 0.021669121211900
10 0.024558289614230
10 0.017289615836658
10 0.026973150108462
10 0.030014408905019
10 0.028263855945163
10 0.019765531283523
10 0.028900262721359
10 0.015776084970412
10 0.022823778246228
10 0.025224448932301
10 0.019204280273441
10 0.030450987362607
10 0.030949658328567
10 0.039314847974863
10 0.016620016283364
10 0.023425198225677
10 0.050078204143615
10 0.018805107855134
10 0.019201332120908
10 0.024781152768730
10 0.034850096225192
10 0.017409278028124
10 0.009384647125646
10 0.034818919261287
10 0.019067087446441
10 0.018485999929425
10 0.036440305147182
10 0.032529861532746
10 0.018407136567621
10 0.034874018954873
10 0.016368846645818
10 0.018623438416685
10 0.020042949741770
10 0.031645008745613
10 0.024132649643292
10 0.034657092965166
10 0.022558061990341
10 0.018104344117569
10 0.017802137602002
10 0.031579669350279
10 0.020515640743961
10 0.040323612159212
10 0.033788118211853
10 0.015770173980527
10 0.021999116199082
10 0.019864006815008
10 0.023648114755484
10 0.019876478761049
10 0.027187385750632
10 0.028522551505659
10 0.023835986135522
10 0.024412348904099
10 0.044623303295973
10 0.020559672230040
10 0.042685530179177
10 0.028873224208830
10 0.029709936801388
10 0.026833759366372
10 0.022697874324129
10 0.017319258123337
10 0.033094533222914
10 0.028516195943500
10 0.022672039253468
10 0.014842157658196
10 0.022758924097378
10 0.023126685994345
10 0.022157494521802
10 0.026399934693859
10 0.021940368870613
10 0.029298045333420
10 0.045236204114702
10 0.023233089913563
10 0.024721254907577
10 0.017748512095482
10 0.030616847997463
10 0.026226879251612
10 0.022292167682517
10 0.046949233728990
10 0.016931132652587
10 0.030696800721184
10 0.016302834420025
10 0.020483163198318
10 0.028958962921263
10 0.040803800032649
10 0.042831583027356
10 0.015865322463087
10 0.020644422955133
10 0.020966382095396
10 0.016903987839596
10 0.030696642832987
10 0.023853033508928
10 0.026983822788156
10 0.057114344274288
10 0.018092125505356
10 0.039170021845008
10 0.028380690782518
10 0.024339191959674
10 0.022137095474604
10 0.027044880153528
10 0.039002488295352
10 0.042799899753805
10 0.018032300139977
10 0.034415468196885
10 0.023335967087535
10 0.018746336761343
10 0.023690402053055
10 0.029377800190206
10 0.022235074320651
10 0.023696171642243
10 0.025574158061311
10 0.028120813108925
10 0.035723352550711
10 0.026456575960923
10 0.017756853135538
10 0.021789755980236
10 0.029118832302475
10 0.016458694947735
10 0.016553081348636
10 0.023474778252996
10 0.025361681821046
10 0.034600868364411
10 0.021895631872852
10 0.010037944810421
10 0.040239583893807
10 0.019200965010141
10 0.019671335543457
10 0.040079532743192
10 0.018768714789705
10 0.027243253941930
10 0.019953212732074
10 0.019456536374300
10 0.052272883292590
10 0.021301528314435
10 0.034906822062680
10 0.026672015552491
10 0.023585917662437
10 0.030547645420436
10 0.032120873976534
10 0.024879187845902
10 0.017335775260969
10 0.033947552534089
10 0.035539465016604
10 0.025240071780349
10 0.017067733772600
10 0.042368496695720
10 0.033132214493703
10 0.032359715981274
10 0.020113519296733
10 0.015839022062130
10 0.032911231588106
10 0.016569062567001
10 0.023294437259642
10 0.029972806027573
10 0.019829533620674
10 0.019698642675026
10 0.040187373790272
10 0.033527818647920
10 0.026638699626958
10 0.022233492742268
10 0.043130441346870
10 0.027353784244291
10 0.018778586004546
10 0.013395288209317
10 0.016934752902407
10 0.028443164008525
10 0.031949330770396
10 0.019976828666031
10 0.024442183072792
10 0.025657042685305
10 0.023466704356272
10 0.020027995467259
10 0.030817608265578
10 0.022893361315129
10 0.021754296776331
10 0.032243488927527
10 0.018285374450707
10 0.032787789649520
10 0.026397985453765
10 0.029042810739746
10 0.022753315539350
10 0.022020398849078
10 0.029402985354120
10 0.014968063599449
10 0.014556085095768
10 0.015269512260467
10 0.014814037672318
10 0.026608941695960
10 0.030619925154312
10 0.027792659884397
10 0.020639830155921
10 0.034209074860296
10 0.016764156802139
10 0.011069788330817
10 0.019055631642221
10 0.020096078323752
10 0.039710591569063
10 0.023281115659470
10 0.029108172340932
10 0.020733384606116
10 0.026892984096503
10 0.052289009431433
10 0.017106482329947
10 0.013829535083139
10 0.036642580329647
10 0.025452333165640
10 0.030129608431153
10 0.046571193953610
10 0.023466585140594
10 0.030754896590342
10 0.018371088092537
10 0.018329395868674
10 0.012250125806620
10 0.018376902716144
10 0.035096565483481
10 0.033141833611645
10 0.030405434566797
10 0.018620750793185
10 0.021212132204741
10 0.018271134251918
10 0.058747294225339
10 0.015354605078973
10 0.034897331907911
10 0.023450297904500
10 0.053804600259287
10 0.018864143587403
10 0.014449358983984
10 0.025714306624055
10 0.011863100350603
10 0.034012056448011
10 0.015541170268063
10 0.065333421723015
10 0.030944972758155
10 0.016106315420952
10 0.023763101965640
10 0.028158332704670
10 0.033254086591115
10 0.030675994890344
10 0.024441979229872
10 0.023188416277899
10 0.022445598685737
10 0.034239554049460
10 0.030040428378878
10 0.042612265458589
10 0.038409424084281
10 0.021030144128529
10 0.017635006167629
10 0.024452508722138
10 0.025231973742353
10 0.019429063541042
10 0.022238623931181
10 0.022648418862542
10 0.036579131701061
10 0.012694500730224
10 0.036003780407789
10 0.015445843885350
10 0.018184790566385
10 0.025779873872555
10 0.023807155517301
10 0.030752892120597
10 0.025916752456080
10 0.015054374878621
10 0.014720118611451
10 0.031052425006913
10 0.041863066211585
10 0.020435159395094
10 0.017890554718669
10 0.039205965133962
10 0.019658287945986
10 0.026141563756499
10 0.040065996535435
10 0.019606705372855
10 0.019304533226889
10 0.046225162092869
10 0.022817742788999
10 0.016962968626200
10 0.021917305962461
10 0.025206604013474
10 0.016060917353241
10 0.030904946351421
10 0.023598093731599
10 0.018718522414638
10 0.020980112514230
10 0.020879691811972
10 0.022250473021829
10 0.022099567341805
10 0.037075036937550
10 0.050144790179968
10 0.029450717774237
10 0.038579741769216
10 0.031883544120342
10 0.031852361628850
10 0.020065178702596
10 0.020387867864518
10 0.024063705110849
10 0.037363218551246
10 0.022635944980957
10 0.020156114456953
10 0.032589345511435
10 0.016645046950574
10 0.025047712096976
10 0.016663689889719
10 0.019657059143101
10 0.016751198183924
10 0.028302697193729
10 0.012491344127128
10 0.018579496052679
10 0.019814679008815
10 0.023614523196031
10 0.021247677066953
10 0.022166875186935
10 0.023017453361468
10 0.026909510233204
10 0.029994330772407
10 0.016996653155397
10 0.015963253838709
10 0.026317430465498
10 0.039264894398452
10 0.015628512786428
10 0.034263373366860
10 0.027183776185998
10 0.021904055738269
10 0.031247633488726
10 0.023998319732400
10 0.031456204974638
10 0.028247268549763
10 0.016622153353894
10 0.020565584725253
10 0.026091335724816
10 0.017848828851131
10 0.033410800518493
10 0.024945152741968
10 0.019765408438207
10 0.041415740550603
10 0.028472233532519
10 0.017851086755315
10 0.015173547852555
10 0.045155925692504
10 0.041480570528397
10 0.018691575890450
10 0.021751267406259
10 0.036177734027512
10 0.021410521136878
10 0.022460081644976
10 0.015645437217817
10 0.019118517916917
10 0.025057978444798
10 0.035584032841803
10 0.019308441006955
10 0.026301933645964
10 0.017621616343689
10 0.016588599769677
10 0.037457531942553
10 0.024066056793257
10 0.021464891820387
10 0.028528526832856
10 0.016226768688948
10 0.014800963036588
10 0.027827655903042
10 0.020128509277964
10 0.025233352278565
10 0.016895885968482
10 0.018064563644378
10 0.042491328416361
10 0.022134970403525
10 0.019191147528427
10 0.045744207574442
10 0.025547192329271
10 0.023009993381012
10 0.022290559358112
10 0.025828343610646
10 0.014881934211150
10 0.024293538244384
10 0.015826116798727
10 0.019054042363243
10 0.030738926082734
10 0.031313417874110
10 0.029421977761111
10 0.038985235622437
10 0.023466004186007
10 0.023454866248451
10 0.015708415839608
10 0.036545733164447
10 0.019113914125249
10 0.036398840380517
10 0.024070131281850
10 0.021249317304501
10 0.031351999385777
10 0.025846423453295
10 0.024547995690840
10 0.021782456698934
10 0.024605759875905
10 0.022072638778159
10 0.039440512960459
10 0.020276650141056
10 0.018860072913725
10 0.018392797335924
10 0.039474674625964
10 0.023143234310642
10 0.023140767115299
10 0.028889557137822
10 0.026469407353550
10 0.035463881477847
10 0.028374422810339
10 0.019345332928428
10 0.020746080362080
10 0.041893788081706
10 0.032650578035531
10 0.028509399681658
10 0.029154625256951
10 0.030663970850011
10 0.023425468929443
10 0.040945985707155
10 0.022281521858770
10 0.015922602671533
10 0.035358360589979
10 0.015152748196010
10 0.028032837232898
10 0.027818872267798
10 0.027592679139234
10 0.019092246168394
10 0.035231241350615
10 0.022083398920412
10 0.027762797803757
10 0.020037563989792
10 0.049987528545767
10 0.022312823853403
10 0.057291262308130
10 0.023421425383476
10 0.019281619153034
10 0.023693623145541
10 0.029149290002490
10 0.017598808947343
10 0.024374500449514
16 0.150446727260658
16 0.098461572131177
16 0.166246548262835
16 0.077680122697478
16 0.279759824183033
16 0.115033195883166
16 0.174070133597039
16 0.226710077469401
16 0.202969647512607
16 0.160314556187368
16 0.250084648100224
16 0.116384341032693
16 0.143831992398258
16 0.142402098667085
16 0.152170563986378
16 0.337511446732819
16 0.194653992883211
16 0.214148346996715
16 0.168384574632807
16 0.134443449551151
16 0.257358153203682
16 0.242995035077050
16 0.104938698133803
16 0.106835028285446
16 0.153483074838493
16 0.095977869961845
16 0.126371957254535
16 0.217427059795112
16 0.219300391195663
16 0.158908870001939
16 0.182810966473065
16 0.239514193119744
16 0.171520248932303
16 0.121309566999009
16 0.287642334347239
16 0.140425397524572
16 0.134350493477882
16 0.174473336692288
16 0.131975961800891
16 0.083117091403831
16 0.247200939044505
16 0.118273148098338
16 0.222302999605086
16 0.248730186589333
16 0.143308157436475
16 0.175417667776728
16 0.112642233710380
16 0.144090886034260
16 0.172133050165189
16 0.115061406738231
16 0.204004198826811
16 0.273530230515016
16 0.170578161367433
16 0.208630635933447
16 0.161635661467110
16 0.136615939033118
16 0.271720405242609
16 0.221734627729677
16 0.181322555963214
16 0.150951548947507
16 0.173085326911932
16 0.151480471984549
16 0.107538898407061
16 0.100203466389855
16 0.174639447862503
16 0.152978374533659
16 0.143781571151040
16 0.194140785889386
16 0.131334129844299
16 0.203254601922124
16 0.127710262855121
16 0.195238336354418
16 0.253784130769600
16 0.103678994698814
16 0.151152166258358
16 0.096062537593785
16 0.067407863194838
16 0.166565846734367
16 0.146633980997758
16 0.149031645592905
16 0.096009682130274
16 0.222979701817090
16 0.165644978923622
16 0.205358434719329
16 0.187326304409268
16 0.119689669852214
16 0.128102671216134
16 0.142523341846531
16 0.150781166876840
16 0.158010985583577
16 0.332397710700032
16 0.304724249513468
16 0.246561706542213
16 0.299222651695277
16 0.142063230669100
16 0.221103855875911
16 0.278871664032774
16 0.122146248037002
16 0.235878091873998
16 0.255347440151913
16 0.249511408912553
16 0.148347432377499
16 0.248480876930312
16 0.217046327507250
16 0.159303353569353
16 0.140144155582611
16 0.180264533185139
16 0.131153123054981
16 0.156773556370054
16 0.136338173710552
16 0.099322840650429
16 0.281985637869483
16 0.140907776675281
16 0.136015130929336
16 0.098353853031074
16 0.134499710528262
16 0.127218955825293
16 0.090680966025768
16 0.108516591924465
16 0.221904917197448
16 0.291731633428224
16 0.218408674985692
16 0.189709420025204
16 0.191270680820239
16 0.205087859899222
16 0.140255139979419
16 0.118133640890522
16 0.198244475610661
16 0.128035055496029
16 0.323206955367910
16 0.101073108520388
16 0.213399751265446
16 0.208620124663126
16 0.110511503748795
16 0.111570117124744
16 0.099904151021091
16 0.152078779161603
16 0.216144157765602
16 0.273674301881058
16 0.130435379280117
16 0.106159424681859
16 0.116944074121566
16 0.140607211794330
16 0.107203847329687
16 0.151164425203396
16 0.108184495706267
16 0.134821441711278
16 0.131495949902498
16 0.220329897129334
16 0.060124683889058
16 0.128488562416244
16 0.208735352911670
16 0.173969424877911
16 0.239939105016477
16 0.164642371153096
16 0.345252474656550
16 0.134637124256687
16 0.226882032472500
16 0.146887808186010
16 0.200551153492155
16 0.196580766773959
16 0.141002130927402
16 0.165099871015307
16 0.181122912463664
16 0.167110545085597
16 0.174839828877737
16 0.153390444133384
16 0.107381619629674
16 0.121514496370351
16 0.083998934477216
16 0.173319281605560
16 0.225170768116456
16 0.162673470939473
16 0.202531445737469
16 0.126330519481892
16 0.257114127234149
16 0.232546334709025
16 0.245210021301504
16 0.205572982887826
16 0.218514055510598
16 0.193307481206627
16 0.210022759074875
16 0.210802639036696
16 0.140564103115259
16 0.263265338246640
16 0.145457624986321
16 0.241146735134721
16 0.170913448202825
16 0.163642519352607
16 0.184033866163624
16 0.233305155458475
16 0.263091713589954
16 0.142949971294325
16 0.205794555821950
16 0.160307208351596
16 0.190575779461943
16 0.260457000758389
16 0.190634809361138
16 0.135086937007878
16 0.255916285590388
16 0.153906630146321
16 0.112481080499306
16 0.230183733634445
16 0.096685635645493
16 0.284030581684734
16 0.158765563462454
16 0.211657350397281
16 0.237950812609424
16 0.089309238368709
16 0.269498740680964
16 0.175325436611983
16 0.087642492371817
16 0.161811899895208
16 0.339431906017670
16 0.144669311229408
16 0.181673134666308
16 0.222822525382941
16 0.157904219398551
16 0.223554872154834
16 0.088250606529524
16 0.139949173948965
16 0.072310992685220
16 0.187155554451154
16 0.104349077069355
16 0.099846550218656
16 0.120466047188803
16 0.141311962167352
16 0.194739287291394
16 0.163458669028016
16 0.140604175288386
16 0.286325642214089
16 0.098286385556339
16 0.120041264628899
16 0.257502486634892
16 0.304175497088957
16 0.217988105591970
16 0.236797688056914
16 0.338656941775881
16 0.092507421581500
16 0.195456037360502
16 0.244791051846499
16 0.113558164174148
16 0.197356474699085
16 0.329047610916118
16 0.224720994457218
16 0.180664341158265
16 0.060221791702053
16 0.131408248709787
16 0.241612947496655
16 0.158088657050269
16 0.131825838832318
16 0.156881310972456
16 0.196747926730498
16 0.270963142633856
16 0.148123659248694
16 0.134786670531224
16 0.166782114877580
16 0.142189820306867
16 0.158492711246057
16 0.253276241993877
16 0.205493449339260
16 0.125856682170659
16 0.220395311166791
16 0.211371261670024
16 0.105305949896796
16 0.245525196485844
16 0.161153416348729
16 0.199634913702281
16 0.217005147134836
16 0.136632477328787
16 0.205551362193606
16 0.171613290276278
16 0.183590961171404
16 0.179308609297749
16 0.297228431857136
16 0.198583264854534
16 0.091207604486739
16 0.175298836225910
16 0.192017733069647
16 0.141610640840390
16 0.214305859382774
16 0.167016122878511
16 0.110527552405351
16 0.269743339012979
16 0.182207108543435
16 0.242319972809946
16 0.129299840277393
16 0.068032650228351
16 0.143423449296279
16 0.198136519631534
16 0.191921734189472
16 0.286362456046527
16 0.279552091528838
16 0.101578269250549
16 0.182367387331177
16 0.178989971774621
16 0.148367213791214
16 0.098142740200798
16 0.124332509696308
16 0.232009344916335
16 0.194109640310560
16 0.240061847050447
16 0.153076217109245
16 0.171604300664463
16 0.181633438560266
16 0.205654989531794
16 0.175417017938822
16 0.124664245308071
16 0.210532905070123
16 0.192761837639587
16 0.211999904148960
16 0.173674546290602
16 0.110761422153501
16 0.210274382056413
16 0.107789760898274
16 0.139978924339103
16 0.136648906787168
16 0.178344525133041
16 0.181498583367728
16 0.163148964540446
16 0.115006626747794
16 0.162160147787931
16 0.117554576347115
16 0.110150781946354
16 0.152338826223503
16 0.143348421582182
16 0.106712054456037
16 0.208477268102062
16 0.141700175384714
16 0.174840732132016
16 0.151545139208559
16 0.083554855175306
16 0.210644700961454
16 0.152749295053886
16 0.139019853641353
16 0.083921448229798
16 0.144492783394053
16 0.224706926298391
16 0.154776587828526
16 0.100269976066224
16 0.165813689286520
16 0.159841608241746
16 0.117274882406497
16 0.308963068074849
16 0.121555839044986
16 0.173346369111620
16 0.210006863028809
16 0.099741089639620
16 0.149143820212371
16 0.164941293127394
16 0.142966659040273
16 0.107143188056006
16 0.117212115189604
16 0.123304912321899
16 0.110978036777367
16 0.202331330777493
16 0.165536295243974
16 0.121262540534325
16 0.081415815807107
16 0.116879280682064
16 0.132969546847125
16 0.173441709185013
16 0.198313758949119
16 0.108957317098551
16 0.097326144534434
16 0.115408525238617
16 0.236308098367365
16 0.204922508868096
16 0.127331201911613
16 0.126333170923965
16 0.123384882889160
16 0.120482016245239
16 0.160282935789743
16 0.208871494700309
16 0.196439993373233
16 0.124847367392308
16 0.166899690558816
16 0.216097782466591
16 0.112207289771736
16 0.136689304151900
16 0.205759687556042
16 0.117670192134513
16 0.131992705739474
16 0.113432680589069
16 0.196457862988568
16 0.113547800920842
16 0.169107049501444
16 0.232234016078378
16 0.144556632626312
16 0.162761439244757
16 0.111278309998802
16 0.127373648897218
16 0.152284072549741
16 0.355216430143607
16 0.176623041841896
16 0.270939647557879
16 0.182207962788989
16 0.157053623144900
16 0.194052927513155
16 0.126918246963815
16 0.213107816769916
16 0.144058762799195
16 0.116769232649909
16 0.110537801509118
16 0.122718163741912
16 0.182356670293031
16 0.108463783967318
16 0.163462267268064
16 0.174075457439053
16 0.141250989256741
16 0.175342094359926
16 0.204339819351862
16 0.196010714585455
16 0.158206890440993
16 0.122838822472736
16 0.170463798057328
16 0.148633636885324
16 0.147087821939578
16 0.137911247018173
16 0.147646078965467
16 0.120164378169173
16 0.137585755826173
16 0.141755593503858
16 0.204835371794130
16 0.111539269967659
16 0.243838855938747
16 0.120986463703141
16 0.170484076333918
16 0.175909617616834
16 0.089098262621703
16 0.299912331390381
16 0.184479292621880
16 0.305239399601736
16 0.296895094249636
16 0.208061371330223
16 0.186903187740088
16 0.171445986878152
16 0.191405595659715
16 0.172582221497367
16 0.118387606708599
16 0.124130378319482
16 0.118171222075180
16 0.217048879104822
16 0.133919086154510
16 0.246596571868358
16 0.150243699648749
16 0.213994357186154
16 0.150605342617459
16 0.320262479936053
16 0.118096707390942
16 0.243234927287450
16 0.133865933155787
16 0.345465789965546
16 0.147397256384334
16 0.219449709293672
16 0.156654174602310
16 0.155631117283154
16 0.150796784172494
16 0.102848611419359
16 0.117751589319704
16 0.154867834173538
16 0.196152782407680
16 0.165444824000964
16 0.203264180631112
16 0.300862964672663
16 0.215376734655970
16 0.209755459274299
16 0.086704004282177
16 0.121378339964114
16 0.224181677997560
16 0.174347017552007
16 0.096448764647637
16 0.145935166297131
16 0.131283787358131
16 0.118381460137183
16 0.185728419458414
16 0.205675317014547
16 0.119695614023440
16 0.150332707273452
16 0.176248203123244
16 0.204418423233527
16 0.247055112221210
16 0.087740655880280
16 0.141561691853000
16 0.092160278997369
16 0.245711500705590
16 0.140578730546047
16 0.164293140023899
16 0.152440267298131
16 0.231298148589751
16 0.179889367421534
16 0.081930915782410
16 0.259451394894782
16 0.287058286390946
16 0.208054578806952
16 0.145661090704792
16 0.223134360061941
16 0.143282264595446
16 0.166731136520779
16 0.217038002461762
22 0.527374658651608
22 0.952821424615367
22 0.492270693990174
22 0.791639809113784
22 0.650131484038099
22 0.566719210015441
22 0.618181689938500
22 0.697850423270723
22 0.653200322134871
22 0.432253110619962
22 0.692181141725778
22 0.357215009053815
22 0.449866081147074
22 0.439600093603527
22 0.344716377616492
22 0.466032612987895
22 0.556256671703113
22 0.512363393917961
22 0.750226091060048
22 0.709026192693948
22 0.770451239750243
22 0.416349605645979
22 0.582657056751445
22 0.803045305960544
22 0.688405752402446
22 0.452794654473941
22 0.681849149596003
22 0.605779271560651
22 0.793149675624824
22 0.513818602597095
22 0.527488334876027
22 0.558223174148286
22 1.019981250791808
22 0.477857699949849
22 0.539610835513358
22 0.999823749646645
22 0.410786206627522
22 0.469863479902663
22 0.729617035513834
22 0.746311819815423
22 0.922586679436557
22 0.509643707307730
22 0.677872950791383
22 0.727264725121703
22 0.552877069218064
22 0.852744830125021
22 0.721364688742068
22 0.754417762084736
22 0.735411356546904
22 0.753196816628913
22 0.850717333529756
22 0.447410395798543
22 0.817466871666073
22 0.385232403806104
22 0.721397018500055
22 0.564235686134479
22 0.577308352977576
22 0.611324184946917
22 0.647941676566580
22 0.421668133792513
22 1.189863017213647
22 0.341553806568925
22 0.561370859319159
22 0.722273925509060
22 0.413002795611481
22 0.511485355372690
22 0.849361288628874
22 0.465594141871046
22 0.419713215033845
22 0.465505278624375
22 0.536365963660827
22 0.475924403100731
22 0.736097529579927
22 0.337117672920953
22 0.644559681751454
22 0.400756850300030
22 0.728244869249790
22 0.577224589762428
22 0.334860394025662
22 0.308719593083456
22 0.506211663497319
22 0.950275336608661
22 0.707693207110979
22 0.507574424845511
22 0.751915368782546
22 0.695766170432695
22 0.643926724744110
22 0.813950713858147
22 0.391892384380096
22 0.646762794460067
22 0.594767635151460
22 0.411080355169403
22 0.503284568190842
22 0.658949284050287
22 0.611281864076383
22 0.635687119418556
22 0.981501648528830
22 0.746512832425020
22 0.428152093766592
22 0.590153544509825
22 0.536515132486314
22 0.690731750433681
22 0.566144588212492
22 0.705497303847025
22 0.995271110012336
22 0.599027645478098
22 0.581060516212181
22 0.391331818902802
22 0.334098016834617
22 0.999645031917691
22 0.814966541719091
22 0.691152336996982
22 0.595016341372248
22 0.854556261721715
22 0.773539378381053
22 0.569265011501701
22 0.770764151153409
22 0.892903638378759
22 0.486139937111901
22 0.439545438486250
22 0.709462569818661
22 1.512086769814274
22 0.451644265913193
22 0.361865906093412
22 0.304661654258030
22 0.687522640081616
22 0.397613945994905
22 0.402800209528336
22 0.501985799913490
22 0.254374869142045
22 0.651789729216868
22 1.602325183252497
22 0.745084425629738
22 0.657340953043681
22 0.674617665849568
22 0.500343673405269
22 0.675000276180749
22 0.419162916052863
22 0.679466112093738
22 0.968332534009958
22 0.776964689057265
22 0.394755679706066
22 0.401216733963437
22 0.494201680439648
22 1.121157489183157
22 1.114967021048939
22 0.821776610371969
22 0.977385484753471
22 0.574977950400541
22 0.354592945393317
22 0.778905100848357
22 0.630090721657201
22 0.423002012037704
22 0.584588693494913
22 0.696327635877572
22 0.651426034273477
22 0.541923913056385
22 0.821207385548075
22 0.692985649570027
22 0.363997673453282
22 0.886807936876679
22 0.388524141528956
22 0.727541964687718
22 0.770419042973523
22 0.851800503658519
22 0.488971889909973
22 0.503329465785626
22 0.429804272503651
22 0.805376342001346
22 0.881772643432189
22 0.675348097174199
22 0.579433946442056
22 0.501364735306468
22 0.431580252235705
22 0.479060385159482
22 0.362855092871122
22 0.575092274134975
22 0.461496913854905
22 0.678500006654148
22 0.687231890051998
22 0.546271178648692
22 0.515238255302614
22 0.947755852786199
22 0.400917026780785
22 0.608560014793311
22 0.316604530223909
22 0.549941147671765
22 0.486031675447933
22 0.794084643056224
22 0.531734810726431
22 0.567595185142398
22 0.529001021648196
22 0.787571188298013
22 0.567809285300030
22 0.390110758986125
22 0.557982671284924
22 0.586793712352897
22 1.043969850904780
22 0.444833518125200
22 0.483913167009706
22 0.340072854561362
22 0.769803042368686
22 0.456457913650427
22 0.547994134777843
22 0.664622259256104
22 0.571427843394849
22 0.384724539752630
22 0.478490070482711
22 0.534531605903387
22 0.393936079225120
22 0.803622056867575
22 0.940787390695289
22 0.357700570013413
22 0.413848897706654
22 0.472462858032080
22 0.952873245924667
22 0.515159530231582
22 0.520369026358519
22 0.518463314465996
22 1.394951659483084
22 0.572072342112047
22 0.483075434992858
22 0.604923569637450
22 0.711438250957527
22 0.549066035400157
22 0.574022281906870
22 0.940168801580869
22 0.565589890346501
22 0.520998618200591
22 0.308627772454181
22 0.658399775277545
22 0.489676332769944
22 0.729045467720222
22 0.676212959579485
22 0.508439704535345
22 0.672738952077189
22 0.594942542974906
22 0.427308628557150
22 0.547830049968418
22 0.460304002729255
22 0.522398175645898
22 0.688704750187001
22 0.549358652549372
22 1.111952860849974
22 0.848689341421696
22 1.111304217614199
22 0.546715035608513
22 0.808714517071249
22 0.479237437240141
22 0.708983645393046
22 0.452033099116602
22 0.998405761313025
22 1.131483513062131
22 0.835515273943855
22 0.641131342326827
22 0.403876265690509
22 0.373333567461600
22 0.730672617442008
22 0.375941522317541
22 0.385315104068184
22 0.777082455481285
22 0.569251864342473
22 0.379608525427071
22 0.449669785308189
22 0.315731253973342
22 0.300962230364850
22 0.550863302452011
22 0.548505264729324
22 0.977574292503978
22 0.480275921276144
22 0.545756766480350
22 0.660975386278623
22 0.480083338299877
22 0.512224729543091
22 0.748282482241865
22 0.823556445602447
22 0.829431116792628
22 0.543004566227801
22 0.325592306439963
22 0.601182679747978
22 0.626231905091307
22 0.788243289808096
22 0.429804854187230
22 0.625672119635809
22 0.717411429250223
22 0.317171890812998
22 0.590101956429545
22 0.386849003052375
22 0.799157140104563
22 0.508182086268127
22 0.370424344627057
22 0.702100669376704
22 0.540075146638715
22 0.772127178307174
22 0.512455205228246
22 0.503729531759474
22 0.748001746682301
22 0.656115305654537
22 0.633894459946934
22 0.664031524850263
22 0.626293614713266
22 0.538114456062079
22 0.372429212939246
22 0.718227395733373
22 0.700515185624807
22 0.691581606864307
22 0.488061929091943
22 0.785931854599283
22 0.526776834273160
22 0.831579995251196
22 0.414494102573920
22 0.741895764816519
22 0.413785528319313
22 0.851693227143356
22 0.532024624229305
22 0.482940515708027
22 0.564313031556680
22 0.381250405371289
22 0.595067664350322
22 0.406510490793871
22 0.487374327759007
22 0.398020091807917
22 0.815591285786866
22 0.787053273508946
22 1.281693176092017
22 0.714293023504173
22 0.576527195358179
22 0.623214505265894
22 0.418080977126459
22 0.772803619324459
22 0.403685433079190
22 0.656566710503141
22 0.615191361203718
22 0.746050897696928
22 0.671725769409055
22 1.282571089551331
22 0.611797755736641
22 0.638039808314673
22 0.602865669975030
22 0.634311541297348
22 0.415963236122933
22 0.375855769460290
22 0.564462480400615
22 0.481412739674796
22 0.466575363300083
22 0.646216032966954
22 0.884473626562652
22 0.719082189987716
22 1.112766379136883
22 0.939464364299130
22 0.410325734956916
22 0.731120937135593
22 0.520481888297069
22 1.010823337528144
22 0.517644893636046
22 0.531113033151684
22 0.501239723141989
22 0.798170195405702
22 0.443319703614068
22 0.523579921900494
22 0.610045260994093
22 0.479986635306497
22 0.727565484676185
22 0.660703652472852
22 0.420239388703836
22 0.469326975550462
22 0.804286745896047
22 0.681968085625970
22 0.620465220972960
22 1.119202214258160
22 0.511652257886895
22 0.535931318859882
22 0.548931703994598
22 0.453530144120997
22 0.554103926066059
22 0.735811840336514
22 0.530849998956543
22 0.560557471949623
22 0.679589280810179
22 0.423067048238432
22 0.615984892713079
22 0.762774252090813
22 0.575992616685942
22 0.449050081715992
22 0.385089062923575
22 0.503010078884279
22 0.835394247213752
22 1.153233994325090
22 0.433492201595188
22 0.540152375737805
22 0.411294533854214
22 0.989322956577108
22 0.442405288312764
22 0.964445691342175
22 0.379429454664081
22 0.602360255037402
22 0.676225392923900
22 0.686233148995613
22 0.622476099741130
22 1.022456789271190
22 0.853334353892127
22 0.586079602066833
22 0.609250597618026
22 0.714713824802837
22 0.535392478068036
22 0.643267657025508
22 0.791143491496670
22 0.551877171532828
22 0.350777977566191
22 0.247648048589352
22 0.473847611924942
22 0.702609529582427
22 0.796014476343765
22 1.004565118286242
22 0.501021659693691
22 0.435573843667410
22 0.750170587292600
22 0.404168279899783
22 0.926130299252625
22 0.564262849170319
22 0.464951985621823
22 0.648650728734155
22 0.826053876580321
22 0.621803810367012
22 0.564152718235335
22 0.489615194211319
22 0.634573729915772
22 0.667315938122946
22 0.439028932545696
22 0.281612930703747
22 0.721021458805446
22 0.452909307117394
22 0.678922349917441
22 0.553873377027137
22 0.369232889131679
22 0.645492000920237
22 0.630091037668139
22 0.516216102831013
22 0.663212377924081
22 0.752860312858620
22 0.393162145848489
22 0.585494002966184
22 0.798216396095753
22 0.525729300596418
22 0.478404014347078
22 1.465390283817039
22 0.691624833291168
22 0.716892900857744
22 0.548993791574641
22 0.750403978886922
22 0.541080802777646
22 0.707024568757225
22 0.718466534000009
22 0.421952033628780
22 0.322698543644980
22 0.610094371828612
22 0.625057328417860
22 0.589209280841153
22 0.726638204686835
22 0.263126543318671
22 0.664341863528746
22 0.914950149061617
22 0.693544953068694
22 0.957650809373690
22 0.637426352837661
22 0.608938161094418
22 0.673427269384201
22 0.606696414272318
22 0.471290779433961
22 0.844588768782043
22 0.505932423739335
22 0.777433961263477
22 0.661892013795756
22 0.508602498288550
22 0.858219815663947
22 0.742885249859666
22 1.206497259690437
22 0.872579331216324
22 0.539116951641527
22 0.787790171090617
22 0.422960181785842
22 0.683813275032575
22 0.480952039260480
22 0.860064270696119
22 0.534701984609768
22 0.397930874215054
22 0.795219256109522
22 0.598746244962521
22 0.659481082761824
22 0.586236498300982
22 0.679691064078408
22 1.245172655805278
22 0.456368614592668
22 0.745345879598329
22 0.406758512680055
22 0.619662433457311
22 0.431104270469691
22 1.076988247476366
22 0.690832516133372
22 0.432512449627038
28 3.417254252236575
28 2.124486916710799
28 1.796867613036093
28 2.283845673872729
28 1.412398114162485
28 1.995169875752289
28 0.876632657882409
28 2.457321990328997
28 1.941249699021487
28 1.225602737962323
28 1.983111475808867
28 1.157968939747178
28 3.439483011219979
28 1.314806094086161
28 1.816385309492568
28 2.623383660405555
28 1.575752230193956
28 0.789402090177695
28 1.293868900875800
28 1.967436790298605
28 1.846676182414978
28 1.535717203209443
28 1.598894598569943
28 2.435778284420744
28 2.006759679666843
28 1.816569657044308
28 1.008412191301911
28 1.784153673815722
28 1.613828341458845
28 1.990313447695537
28 1.825535876862142
28 1.005888104612692
28 2.241587514099632
28 2.221398869147263
28 1.731373622740044
28 1.624019632522158
28 1.588522155010457
28 0.927582585846316
28 1.856142020403053
28 2.012091929624237
28 1.339533948085827
28 2.273428464999833
28 2.139158833570360
28 1.878370786454984
28 0.972700566999575
28 1.591449712826827
28 1.849513584645297
28 1.833773210159129
28 1.865014767221271
28 1.127078836460967
28 1.122474632695236
28 1.563592069646269
28 2.142525456770240
28 1.132627464217272
28 2.651025095926824
28 1.191502508319252
28 0.820831616950679
28 2.128206552012148
28 1.595625370158178
28 1.613124675073377
28 1.413582309930190
28 2.748817781106404
28 1.376851206263147
28 1.305383866890060
28 2.830407811252903
28 1.652322100975213
28 1.650906292770627
28 2.545369547847740
28 0.984277815980356
28 1.246070191400529
28 1.093516604715541
28 1.943196914029343
28 1.309028054783155
28 0.962631996587390
28 1.432665544654589
28 1.416586621140697
28 0.946850353324223
28 1.983635168194080
28 2.715039494584307
28 1.850528472519263
28 2.620538587983892
28 1.771348685531432
28 1.564206775731778
28 1.247720933785336
28 1.806461912714030
28 0.820893481939867
28 1.488843382370314
28 1.434548166320365
28 1.731340304925036
28 1.529107253011039
28 1.681439873886843
28 1.319940962546696
28 0.856455632393489
28 2.508892467986011
28 2.096799353197608
28 2.930504745635978
28 1.402189031075311
28 1.281182710920913
28 1.270945992172173
28 1.410268765461208
28 1.290914941357788
28 1.428081415983434
28 1.176797894187485
28 2.527783216627328
28 1.816577259662976
28 2.496269505332869
28 1.053423388145044
28 0.965133536366796
28 1.093360345911814
28 2.446152620902474
28 1.239484641681711
28 1.659589751737284
28 1.557484716383614
28 1.920899242083374
28 1.863841944995613
28 1.674392121812559
28 2.812614117783518
28 2.272768144557959
28 1.468495875556650
28 1.912844298291975
28 2.036327220247022
28 1.319331725240899
28 1.135348380777373
28 1.412251729476883
28 2.176520719032988
28 1.965577031883943
28 1.661363436651775
28 1.942450921171290
28 2.651018061248186
28 2.879239787883569
28 2.608013246292170
28 1.589049157453218
28 1.380719819755011
28 2.232070787518040
28 2.093616495355042
28 1.644513264686256
28 1.399054188168684
28 1.888768931732240
28 1.391006503473949
28 1.525018450423967
28 1.185918745151720
28 2.582296020846617
28 1.995576641645822
28 1.268703421181253
28 2.354398937757208
28 1.498679348177923
28 1.658533135897491
28 1.174797642481522
28 1.838897181993959
28 1.128610438514538
28 1.625964443475307
28 2.024643011105358
28 2.452291547026071
28 1.929457091808735
28 1.169615728693756
28 1.872242899579146
28 2.869091750359427
28 1.936168428598189
28 1.149177271927103
28 1.159954693044201
28 1.960934282910022
28 0.953844897439118
28 1.977619343130083
28 1.333337927814688
28 1.083696667197255
28 2.082192465880732
28 1.841258971703137
28 1.977825824940344
28 2.624350095270483
28 1.120383949654748
28 1.790591989580694
28 1.756258026621692
28 1.433174320823470
28 0.835181211883419
28 1.223613813064715
28 0.789228037029700
28 1.537587373231869
28 3.240293788889369
28 2.180465890984960
28 2.737646563645534
28 2.586919185869307
28 1.369006464917386
28 1.211961061890425
28 0.749970503412204
28 2.322910724236437
28 2.474060635756628
28 2.061404488303284
28 1.421646197645345
28 1.221880931562106
28 2.337902453788830
28 1.820711024777392
28 1.896260884766648
28 1.753371843116705
28 1.809771977930978
28 1.366232670071619
28 1.854428617933165
28 0.915329545920704
28 0.994616658140308
28 1.405856543004648
28 1.600528536182224
28 1.355830609659373
28 1.612947578197812
28 1.295801933871073
28 2.172492506690626
28 1.522595607115568
28 4.343314068513515
28 1.482424537423442
28 1.355572938490735
28 1.791906483751649
28 2.424128354766246
28 1.932886454395960
28 1.502895376711982
28 1.366716522858399
28 1.750639660297509
28 1.598651515959086
28 2.469087515250705
28 2.226898295047842
28 2.061794748712089
28 1.733067017779589
28 0.964064605862268
28 1.159407613795944
28 1.217151544039571
28 1.047234217223548
28 1.320007001119636
28 2.904456167371666
28 1.316823559986508
28 1.532742660568531
28 1.841970238888969
28 1.113278004020732
28 1.883322094020991
28 1.528813147254709
28 1.634158069100628
28 1.447496389543972
28 1.465917097517708
28 1.970268330608164
28 1.711260252444601
28 2.110608219830699
28 1.640635943957149
28 1.915495593662312
28 1.001653225776665
28 2.265253972218274
28 1.673392108531583
28 1.823437698537992
28 1.925997894529399
28 1.745727394479831
28 2.322634266202113
28 1.415901220358528
28 1.493786499164053
28 1.909237375792752
28 0.827639767943845
28 1.772136169922009
28 1.418136219264951
28 1.137295732848906
28 1.582347093971301
28 1.092150860021760
28 1.392303183180235
28 1.628249005424582
28 1.041049729681799
28 1.118586793701418
28 1.054084833579062
28 1.247189781958988
28 1.698403591063036
28 1.670475948734181
28 1.388565345185053
28 1.372380734293714
28 0.807400816005241
28 0.909916413695530
28 1.467615836898759
28 1.475353409731579
28 1.469049803335056
28 2.236218931970053
28 1.813026680443178
28 1.886379264430103
28 1.404104004406674
28 1.160345206591042
28 1.700371143219388
28 2.393678454985213
28 1.656807387634785
28 0.951709413524103
28 1.518597798808972
28 2.170159433123018
28 1.281696985009590
28 2.219755858365098
28 1.075272430004437
28 1.975126825862731
28 1.417066324042136
28 1.008816466507430
28 2.656784380100876
28 1.140824179053013
28 1.177237015460415
28 1.158276692496991
28 1.749633011165725
28 1.591284391357418
28 0.947393083231201
28 0.881864335751806
28 1.251366529629233
28 1.215498440932370
28 1.359845344907560
28 1.575634481220912
28 2.152252623549286
28 2.170943324143829
28 1.053921400090473
28 0.988619669962633
28 2.201097411317027
28 1.442920043284608
28 2.642028761596252
28 2.018643481013632
28 1.156945493406961
28 1.510786009062195
28 1.812183145643787
28 1.428389047651664
28 1.786729792046059
28 1.737603705361320
28 1.329604174663602
28 1.926777071280686
28 1.055288920202093
28 1.213136350941231
28 3.227038770909068
28 1.292391048393463
28 1.974093578888749
28 0.865628812910983
28 2.426726074422735
28 2.952601026897257
28 1.821207948081100
28 1.460242038590406
28 1.705626234707203
28 1.364302207421788
28 2.692435746790551
28 1.927360573446781
28 1.230602223516479
28 1.319172911283041
28 1.233515674851481
28 2.103477720966191
28 1.469424695971667
28 1.295782325260208
28 1.523383210533709
28 1.389629193462098
28 2.246095937239183
28 2.617759018938635
28 0.657422084460674
28 2.414604165798262
28 1.620214861598726
28 1.840473414557711
28 1.427076371956724
28 1.979567628717674
28 1.077163097550168
28 1.541452351783352
28 1.770200136227959
28 1.614817592486547
28 1.035630331297603
28 1.642635915851752
28 2.502829711101765
28 1.150617286581976
28 1.388418956609248
28 2.506422365735639
28 2.497343599459517
28 0.813788240525802
28 1.770701772799683
28 1.419849379076412
28 1.570872014423998
28 1.671598824648438
28 1.539941810787417
28 1.965307260783901
28 1.994709320387404
28 0.818754380050446
28 3.271708402902691
28 1.223530555862299
28 2.251316494188188
28 2.064978538513496
28 1.519797456410209
28 1.824357623025671
28 1.136687326931293
28 3.042042292511201
28 2.087814195685485
28 1.926167038171235
28 1.893715134258234
28 1.065136816318407
28 0.971078471780931
28 1.322474001557985
28 1.727066387421318
28 1.529134322813974
28 1.539231836501983
28 1.712856825411786
28 1.729132155622266
28 1.279981757869011
28 1.491272546648222
28 2.049168509530174
28 1.009832413837239
28 1.073821137337243
28 1.020252160627070
28 0.889821150899722
28 1.384396606147542
28 2.694013626489751
28 1.481383492164098
28 1.467103739766012
28 2.373646612300158
28 2.603648267647023
28 1.332409474753498
28 1.181941275197232
28 0.920705908651172
28 1.368535155806049
28 2.462484145370174
28 1.715088403213172
28 2.201281058519807
28 1.893358296245782
28 2.742532708349863
28 1.744480635675006
28 1.932114256708308
28 0.974547257640272
28 2.889037581801730
28 1.083347924318360
28 1.800627424209180
28 2.263829181017425
28 1.405517050813782
28 2.333436442025054
28 1.175984047550841
28 2.449865732842087
28 1.795567659610225
28 3.740289677424115
28 2.001704474275808
28 2.533336924583229
28 2.433337805610403
28 1.787288352048604
28 2.777662551964992
28 1.344765433972816
28 2.534523354485829
28 1.407258071935061
28 1.799828679324755
28 1.516683571141193
28 1.336194258162476
28 0.825038851293356
28 1.317591780759742
28 0.884201247786770
28 1.428578995853852
28 1.651731041597880
28 2.016757561646717
28 3.661557993240243
28 2.098605075645048
28 1.289651877920697
28 1.159997576846425
28 1.214609346396974
28 2.497287542318639
28 1.775843367273423
28 1.553957088968634
28 0.979520592748649
28 1.705448883199650
28 1.134428202638407
28 1.222081741356344
28 1.444060492992882
28 1.828666280377154
28 2.195905170349789
28 1.605510964988934
28 2.058347120118289
28 2.872114467449696
28 1.048930641623678
28 1.435640822311959
28 1.096679916967274
28 1.820658717133014
28 1.563290839133687
28 1.458241730565916
28 1.705352874534990
28 1.184059485718070
28 1.056311179527608
28 2.169919722367537
28 2.673835378410390
28 1.525878932568693
28 1.587476788480640
28 1.837881784067326
28 1.740212268982988
28 1.236018336891133
28 1.480429750296339
28 1.111839774705383
28 1.272155180564206
28 2.549156591005239
28 2.441781910945329
28 1.616184911102254
28 1.615571290427973
28 1.196062950885072
28 1.315768316359875
28 0.951852316361870
28 2.080908347870569
28 3.046747287300598
28 1.355216916190744
28 2.745417129017539
28 1.022535989818742
28 1.397435627366537
28 1.333610960521578
28 1.546112177521847
28 1.847293740777077
28 1.758353016583048
28 2.865576804053517
28 1.233950922204682
28 2.794863132206050
28 0.886298004085986
28 1.985807573250740
28 1.360814915102107
28 2.648740486222898
28 1.829214174769847
28 1.710254453626548
28 1.146878234843513
34 4.030776036047312
34 2.915057868120018
34 2.486095714212879
34 5.606863925616459
34 2.677382748160817
34 3.060194995866354
34 3.700052246077096
34 3.507013249048083
34 3.889285783421139
34 5.150205637047894
34 2.613768307374833
34 3.534003001329056
34 3.267590856385434
34 3.552073077270783
34 2.180286860270947
34 4.519965121006734
34 2.311536099485575
34 3.970191522588184
34 3.900090894183040
34 2.161902931525839
34 3.959711226984291
34 2.815757061857209
34 3.099235359068365
34 3.015191492065344
34 4.479903874604399
34 3.433094863471853
34 3.321110435760155
34 5.495833596249775
34 2.750145627479836
34 5.809681621123072
34 2.730472029340532
34 4.313460442516512
34 4.960114734403466
34 1.871881173783252
34 2.749248705113299
34 3.834974878686396
34 2.512325346073844
34 1.696525675474623
34 4.754077380228091
34 2.722951907672292
34 2.800968987153642
34 6.066883201016736
34 3.760158284137249
34 6.643191395541439
34 2.750857132981909
34 3.493219902180645
34 2.835789425474181
34 3.890264903575387
34 4.324455655387961
34 6.365747642528371
34 3.188398819936304
34 3.611695198310141
34 1.848619014648208
34 2.496545698810283
34 5.675190597281110
34 3.531136800725178
34 3.558953615504522
34 3.576799450449365
34 4.563144175418348
34 5.384562418732590
34 2.256879085129552
34 3.983451620227254
34 4.049168214628306
34 3.088639364334014
34 2.476346150593778
34 4.001219778926953
34 3.511853637504617
34 5.418924163565634
34 7.258674269031226
34 3.291529857559217
34 2.392154353563706
34 3.125462062747013
34 3.458550339540117
34 3.700597729797214
34 3.569756127124849
34 4.376062643505636
34 5.871014355924434
34 3.338347991959694
34 1.931629330989987
34 3.605879148399894
34 5.548302799490552
34 2.952164007171347
34 4.151180950885892
34 5.470876533045634
34 4.829575060158323
34 4.097737898369606
34 6.875274938672611
34 3.105128096113694
34 4.835144407678946
34 3.733217091026840
34 6.113297550420698
34 3.268646598294140
34 2.847277302553525
34 2.176512532513516
34 2.676616575050834
34 3.665844096145427
34 2.455924414748208
34 6.631199842201775
34 2.277113343904421
34 3.346111203714902
34 3.614164343922897
34 2.561081725399357
34 4.594402833119439
34 3.177178760355707
34 3.236608809328786
34 3.232113440906126
34 3.571959918507736
34 5.243653711508498
34 1.759978143679348
34 2.658669621526583
34 3.524076505255461
34 3.325560336037126
34 7.135765204252562
34 6.436966854367746
34 5.171007363928392
34 6.084680805403468
34 5.283943838289699
34 2.715325532648143
34 2.617736990779939
34 3.278300063015723
34 4.446713110592328
34 6.017548021685640
34 5.510945064456592
34 4.085493686565461
34 6.274648437114258
34 2.304893328458242
34 2.326288130878403
34 6.359104118710466
34 2.993994514672573
34 2.359432622283548
34 3.692254495846524
34 3.358153843491086
34 4.446668318016297
34 2.429174881140112
34 2.710080816170089
34 4.490237109333634
34 1.961958996394356
34 2.885382438674747
34 7.015913288815341
34 3.744749910966735
34 2.989819662362143
34 3.694135165012915
34 2.450975957659161
34 3.561911749043148
34 3.423395636564988
34 4.186791916023623
34 2.917580458860675
34 4.016256908626375
34 4.790079949419833
34 3.325292952971446
34 3.729826968299747
34 4.515957034495142
34 4.109464310443173
34 3.056504549189238
34 3.949802640427935
34 6.318558678212444
34 3.034917987766837
34 3.159518141721899
34 2.995550654357503
34 5.093843839135825
34 4.437031304495672
34 3.871628762840253
34 2.019103927236684
34 3.483516633624153
34 7.247847136938849
34 2.851144232106966
34 1.917698093724531
34 5.569776512020286
34 5.928335552486900
34 5.412299652039130
34 4.628665809710055
34 6.520369583606531
34 2.977856422188540
34 3.303970269746427
34 3.589477178367008
34 4.342681259381933
34 4.263595733138480
34 4.284604173216043
34 3.227070354312096
34 3.423869744760861
34 2.740692718149852
34 2.450982591172163
34 3.585338476690858
34 2.769932368566981
34 2.394086019312555
34 3.454869264172932
34 3.290150939107888
34 3.527774807007125
34 3.702354878889448
34 7.804963375760867
34 3.920862385447093
34 2.078549460773651
34 6.477481912604618
34 4.019180513136438
34 3.166134703854939
34 6.413532391997419
34 5.350397873564368
34 3.095855713838534
34 1.575625809431151
34 3.623054223107865
34 2.780877497021215
34 2.644770799420203
34 4.472140953222818
34 3.443606333808332
34 3.455300007210892
34 3.290539421939116
34 2.085311137560470
34 3.244860838479436
34 3.118562540247539
34 3.018262856444421
34 4.031664041651561
34 3.073272523126347
34 3.783002881951036
34 3.080815502737854
34 5.432942936512377
34 3.898243224420920
34 5.124886101682440
34 3.447002889999546
34 2.554588624497566
34 2.157000999218507
34 2.525144570330916
34 4.768922361050121
34 7.293618787748140
34 3.838389634678760
34 4.666569298725991
34 5.912493683537193
34 4.627767060851490
34 2.748347327640916
34 2.671038968521380
34 1.928400146017701
34 2.923410536924967
34 2.634951917242971
34 3.728938523286390
34 3.870431128410088
34 3.095924658881565
34 3.668323734776256
34 1.959298072398014
34 6.005116058376846
34 3.536093235428847
34 3.004911611881047
34 1.966192765793920
34 3.681413435829525
34 3.833738727466288
34 3.508855063995274
34 2.320927745134334
34 2.469268442973613
34 3.426397454863247
34 4.928565048552397
34 4.481831578786564
34 5.423167245315353
34 2.955895585797667
34 5.369379287438752
34 5.206199127174173
34 3.904690553530589
34 2.698833253813481
34 3.488204711534719
34 4.026533157998399
34 2.932363669736951
34 2.613500547591796
34 3.137785132856268
34 4.044687647809917
34 3.590974979335308
34 3.380243030422733
34 2.399981119062719
34 3.021059240046258
34 2.100195006560222
34 5.077924391002333
34 2.031206752982508
34 4.069019738167285
34 8.646459842205870
34 3.398435014360365
34 3.139555545636578
34 1.972942430266808
34 2.384351483729369
34 3.335169915889267
34 3.660511781258669
34 2.486727850093970
34 2.273153149463299
34 3.807897025802968
34 3.745855693229553
34 6.302868744462361
34 2.055899027814647
34 3.697790537629349
34 2.033888450963836
34 2.914688753715684
34 3.668411664295546
34 6.490803866889308
34 4.047953602239355
34 2.839054956286481
34 4.905905283526918
34 4.362656951705575
34 3.967582667464272
34 1.850701858850219
34 3.876903900416389
34 5.596220571962348
34 4.861594835264937
34 4.193401304395206
34 3.744280474232825
34 2.153420456325693
34 1.753017150011648
34 4.964655673313548
34 4.590161048035201
34 3.698755712712293
34 2.889257738945121
34 4.038936578766592
34 3.762597373889133
34 2.040775257392841
34 2.957665939967544
34 3.901675749743633
34 4.037933778689787
34 6.087812475676962
34 4.596178311717003
34 3.027503228926487
34 3.916635403833870
34 3.230712058413031
34 3.307757613751907
34 5.516648040495653
34 2.711986453188318
34 2.541782082082134
34 2.605276036873514
34 4.723476514372657
34 3.298996902904094
34 4.592412140537657
34 4.740403570691241
34 3.535793199682848
34 5.190960895126038
34 2.870188985362042
34 2.391091585367020
34 2.194417363624163
34 2.260456322872453
34 5.349819342083332
34 5.968497878702391
34 2.888843519247918
34 5.132248704901871
34 2.366437735773966
34 3.639454784248786
34 3.654570245641548
34 3.373184844679368
34 3.912483594390866
34 3.727184356187384
34 4.441334338260297
34 4.745140819954266
34 2.126313500258194
34 2.944925706679730
34 3.687382034670975
34 2.688428865210407
34 5.355028386073639
34 2.364223524703405
34 2.186115306840908
34 3.965688549634546
34 2.769536029387901
34 3.433345509240943
34 5.752766013924685
34 4.365371489444128
34 5.875772025319193
34 2.695983617797577
34 4.075983071368426
34 4.674913717962647
34 2.854523825584758
34 3.199650587324188
34 3.252090770730136
34 3.977376896410767
34 5.200964016302484
34 2.680073930126138
34 3.060355075222091
34 4.813296530377652
34 4.684906334136507
34 3.456302263656789
34 4.085482710460087
34 3.504816235519204
34 2.413266274280009
34 3.253149602819196
34 3.071091939187024
34 2.643766662931936
34 2.990680132783256
34 2.853760907230883
34 3.418051915727524
34 2.230486729815909
34 2.435469369283045
34 2.505734234585208
34 6.305537990268686
34 5.222848907267299
34 2.952832905690602
34 8.431374441334025
34 5.625655028133687
34 2.241830033025333
34 4.350595107535091
34 3.306066262981314
34 3.924576722676016
34 3.242163362766663
34 5.347802345863356
34 3.174833841361695
34 5.290970318989314
34 2.164930157857877
34 4.544041345841375
34 3.709820582271547
34 2.248880306560958
34 4.870953107559290
34 4.384071988556947
34 3.155875368409094
34 2.278888793642973
34 3.054778114664908
34 4.129615115104945
34 6.769197852959533
34 4.126147467643834
34 4.603069499098681
34 2.060290789426793
34 3.725289209028512
34 4.597375289166957
34 5.924432750469924
34 4.886098328703957
34 5.215317615270714
34 7.806312361875074
34 3.472865142745609
34 1.910371559213352
34 7.933590458946011
34 3.127156585502180
34 5.134997037691935
34 5.268021159294372
34 2.708505272298424
34 4.994784115019725
34 3.183482867086784
34 2.689303934925848
34 6.037653115031268
34 2.609541054620483
34 3.265648630430594
34 4.603834058958136
34 3.550110524415437
34 3.030428400892708
34 3.361298531950250
34 3.245539694495969
34 5.387170180641755
34 2.470927415220942
34 3.630861860111350
34 2.826758410358272
34 2.929276859055945
34 2.479075090734054
34 3.293048982622855
34 3.498511138296430
34 2.884411856162446
34 3.013738845190990
34 2.466083356622017
34 2.326404158296866
34 2.959624094427982
34 3.453454777962460
34 5.002124935604329
34 3.335930601087541
34 3.935120654456506
34 6.208558519482688
34 2.277008245428969
34 1.881052615122887
34 3.301094105657088
34 5.281017612412630
34 2.657811100942704
34 3.377652766190036
34 4.049836381892418
34 2.975275578066578
34 6.091205406390146
34 2.102260716162426
34 3.994931791457894
34 3.988145835427520
34 3.879368848041876
34 4.985689526552523
34 5.307471276761685
34 5.231174303209019
34 3.076613763795608
34 2.881966937844144
34 3.677655349486398
34 2.384122923738031
34 3.699025466003262
34 1.799475114733858
34 2.845695647669089
34 5.874757728137118
34 3.118843287002753
34 5.319264507276005
34 4.730232564817501
34 5.553147731970506
34 2.392790766114050
34 3.901414836576364
34 4.240685873261199
34 4.547761956332677
34 3.219931800026899
34 6.421791235181953
34 1.990023176276534
34 5.751717207156462
34 4.762894164119886
34 3.019469253509446
34 4.818559798322862
34 2.889811124789606
34 3.423885931040703
34 2.559450011173334
34 3.758323015336389
34 2.351057647892996
34 3.332489222843058
34 2.624391722327266
34 2.189742139280647
34 6.942649571445313
34 3.056129994243160
34 4.539832690687802
34 5.821329544518187
40 3.852885399506370
40 6.002977775884673
40 4.452333624919383
40 12.142512933596469
40 8.527754251646664
40 5.771377948833782
40 9.832615837543923
40 14.578574415021221
40 4.786453153452493
40 9.187499246485491
40 6.807599132666562
40 4.065784476272945
40 9.080543397098070
40 4.806599181010334
40 12.285391179701664
40 9.623811030599231
40 4.454468331672367
40 3.110360337129734
40 7.109863874501014
40 5.826251743653817
40 5.573851727983325
40 9.158856011669499
40 6.303561470119290
40 8.992303676180985
40 7.381516009468580
40 6.607828766643209
40 6.563151757710195
40 12.502944150525925
40 7.967060891055802
40 8.187712410803426
40 5.038280946924444
40 5.473550315306543
40 12.645483828888871
40 10.188271365943711
40 6.893817907857771
40 4.306290437880307
40 7.873416898452113
40 6.096781531150871
40 11.735543963093443
40 6.698626087439632
40 8.969768414695078
40 6.977383343091470
40 9.012233155805758
40 10.727689393940096
40 8.025564226061622
40 10.040156570048907
40 6.353438642486399
40 12.628835810795662
40 7.312046065266719
40 16.233639265925344
40 7.036460430797237
40 6.801243777477755
40 5.768872533634532
40 4.566544833457270
40 9.367601022666074
40 6.341174718591486
40 7.216292007164949
40 8.853969040430073
40 6.421461823486374
40 6.800522745790484
40 9.093492796906229
40 11.398895090707793
40 5.525984034560691
40 5.979512484732302
40 5.791372631025672
40 5.404324757770370
40 8.431707031879881
40 10.543574182451049
40 10.456575663304379
40 6.936605666094527
40 11.112276105768439
40 5.614317836588967
40 12.122160358916091
40 4.547460954371187
40 10.871929632197142
40 4.726228545346711
40 5.384394642435964
40 9.362663147243559
40 4.229974562352922
40 9.324836199952806
40 9.955021283875070
40 5.262616507290522
40 7.090740756620729
40 6.260465362267327
40 7.103169775137404
40 6.325011927556547
40 5.626911988339973
40 6.514334021840110
40 5.405589912288686
40 9.817733688707612
40 8.271021860994619
40 6.844543760017347
40 4.851986195374419
40 5.457012012401036
40 4.516853472191938
40 5.721001491893471
40 9.881624785883265
40 6.089369163766236
40 4.035909894088100
40 7.653960059516052
40 15.394377484463899
40 5.666713205528448
40 6.295446217898514
40 12.302700714315208
40 10.693098580198727
40 10.062410413532668
40 6.405902650013278
40 6.471758491589462
40 11.608849093531118
40 10.434104432959822
40 7.505283864754499
40 10.333126094168717
40 8.199024825679112
40 7.331645422542943
40 17.147194144075044
40 10.156808540722199
40 5.837221258641401
40 7.397832529884356
40 5.946207758736293
40 5.156961011543020
40 8.505945788031534
40 4.204227552131054
40 5.323765848991246
40 5.516916086058455
40 7.664793713477350
40 5.588347867274225
40 5.581309331291578
40 4.247519764210386
40 4.880069693564171
40 7.380182369818250
40 4.510493170764033
40 4.182850637257729
40 12.610145525373966
40 9.259661338231497
40 7.983162441855940
40 8.749797024474283
40 8.668570361205639
40 6.058379173436800
40 6.249763020825133
40 5.920306910666276
40 4.011161979075451
40 5.464674345508881
40 6.765380279595647
40 6.165179217065022
40 4.380845367572677
40 3.829382249820994
40 7.043302547811503
40 11.961264170104501
40 5.489596288657733
40 9.714407443904733
40 8.035314588792787
40 5.241164197092623
40 6.766594112186189
40 8.216142051212426
40 16.389850514061926
40 6.283588937097397
40 7.344973884653052
40 12.068092380424442
40 7.571529326678037
40 10.359378020565925
40 5.452479167612736
40 9.744002306722050
40 4.535826466824048
40 4.775488189340811
40 6.953570168857715
40 6.894853403120536
40 11.286602470578645
40 11.987894443400664
40 11.334819031047422
40 6.628006041816716
40 5.002128664566214
40 8.286310214701746
40 6.543208149349018
40 6.586264923014689
40 10.978391703177483
40 10.300436900480719
40 7.603714518421093
40 7.435799414028024
40 4.957110143959694
40 4.888446105414005
40 6.168278509974692
40 8.427104206639811
40 7.308013124555965
40 12.627241855774797
40 6.434811933385042
40 11.013110308463716
40 5.682489013036973
40 6.667793415181052
40 8.222811873876779
40 8.857304545737396
40 5.383129241445075
40 7.207821514695780
40 9.614727334160992
40 2.881399151719330
40 12.125474029125556
40 7.577205150676189
40 7.305089269349070
40 7.281486041905733
40 6.221810761175659
40 7.955817374826164
40 7.478350150640928
40 4.942355765886684
40 10.184622518818625
40 5.506205085101954
40 9.694539543298207
40 6.955033944465757
40 9.273715521852548
40 9.491486840080963
40 4.458191207638624
40 5.730316690751985
40 7.460028657520529
40 7.386488607175117
40 7.839514029847814
40 8.354966062304639
40 11.228913048405536
40 8.375508694574624
40 4.938070505388628
40 4.995503013467372
40 5.554512337002457
40 9.064107024622089
40 4.988234477719976
40 7.045839617977709
40 9.865521789372766
40 5.863910033715255
40 8.067810708607547
40 6.805519534910378
40 6.286191629902804
40 6.448826605961695
40 7.394826804793292
40 5.359597650324725
40 7.991504213019077
40 8.037860312157143
40 8.766850849567673
40 7.511249109968987
40 4.629573281310219
40 5.014039095046735
40 3.831667257534256
40 4.052647830217506
40 7.484627959546432
40 4.692000897642778
40 9.181429554487240
40 11.728596398675865
40 6.261023410760538
40 7.996122855454689
40 16.833606057145630
40 5.020420894197493
40 5.537487711105578
40 8.884803983260257
40 15.960656241622525
40 6.326014928821523
40 6.752812732079692
40 10.354514316946705
40 9.280456449742054
40 7.969842223360644
40 11.791097478769483
40 6.739322101125322
40 7.857269687558196
40 6.117117886594947
40 6.196877157393679
40 10.644976998722489
40 6.095650165046093
40 5.758495882666226
40 8.701245827647123
40 7.297405420559825
40 8.539072978561464
40 7.970844144298480
40 5.292553087800773
40 9.112405679228267
40 8.387528716978961
40 7.300225749266630
40 5.439068567640382
40 11.831424903384772
40 6.635948740483664
40 14.685023276667319
40 9.635397949404339
40 3.425127599076266
40 13.693473570217062
40 6.296736051489020
40 4.224865656684328
40 3.603046284798470
40 3.417532677417908
40 3.221277898233560
40 3.992599571013631
40 9.555843067301781
40 4.013919151894616
40 11.130941175548402
40 4.568416110027684
40 6.995295791092279
40 8.248941357058076
40 11.652660887481844
40 6.609075718913614
40 8.015942585568254
40 9.251073572046792
40 7.371356054509457
40 9.165533984097637
40 6.041329771142850
40 5.181134414552702
40 6.126630515509520
40 6.355967229648050
40 4.092454231436351
40 8.085445329037825
40 7.537606652287995
40 6.241581836697451
40 6.076230970550350
40 5.056274202738626
40 6.234012317244982
40 8.790225478244800
40 10.598638156671667
40 8.187136085057015
40 7.772319493080479
40 4.881753076578622
40 11.832136855296648
40 5.323604598065186
40 6.731269781478246
40 4.435176284436292
40 8.407950953317558
40 8.635119688254122
40 8.694878920039180
40 8.025372517686890
40 11.977546130548539
40 10.775096245571451
40 10.964787985807089
40 10.229648071180252
40 8.389905684288598
40 8.095175351096007
40 3.640880701295245
40 7.856029361492852
40 4.708937374513734
40 11.073951789978850
40 7.536369958418710
40 7.358125793993752
40 7.498727024269668
40 9.683521008065240
40 5.266226083129737
40 6.723076268881766
40 7.489546360204724
40 6.206758431916091
40 8.143151196482977
40 5.110863388914149
40 6.220456409923155
40 6.619246605831025
40 7.326613519008108
40 8.583535669168912
40 9.567432616650725
40 4.858151946643567
40 10.338873663888108
40 16.443669281811005
40 7.374800425194320
40 10.269556405175344
40 7.269860425234238
40 5.911334932341628
40 7.903853674187436
40 8.857884299055225
40 7.214185069708327
40 5.657839269365590
40 9.653339079119867
40 6.234184156519802
40 5.356476552448150
40 7.751140352944814
40 9.460152866475365
40 13.861364352533009
40 7.126570875443536
40 7.664107761947633
40 9.831082425134602
40 8.949763832915020
40 7.871857909644586
40 9.897281804546592
40 8.519674833496710
40 7.615928571093093
40 11.484201031011185
40 6.902197481575481
40 5.157251818590920
40 8.931498510975601
40 7.765725627659588
40 4.925145155166732
40 8.620257191983884
40 8.417659410588694
40 6.862485890136018
40 7.983871420477099
40 8.630864686143061
40 8.268880494669602
40 9.477430912707550
40 12.328812368650039
40 13.503776970498766
40 7.466885076426199
40 10.348851588476467
40 5.806020800781047
40 9.246031103164306
40 9.595918433425485
40 5.905211523150894
40 13.280380288086782
40 9.618147116920291
40 12.124260695297361
40 11.200465624040321
40 9.312792575055628
40 9.872490776743946
40 12.081692500745072
40 6.297361324857935
40 5.249710953426285
40 6.405412154363894
40 3.987751576251807
40 7.945498458409997
40 7.650985417137628
40 9.969440866242014
40 12.853860933300822
40 8.568909514054040
40 13.600057501147877
40 5.865331623118220
40 9.251809607427422
40 4.417593774453028
40 9.874548823599611
40 5.610053430642189
40 6.773510941502625
40 5.031639160823188
40 7.652645358162912
40 6.091196853774539
40 7.551981388701524
40 6.614228691155729
40 6.156864730046149
40 8.745923812687307
40 7.383349200402465
40 12.466760230250422
40 12.526999919135800
40 7.206807501905853
40 5.934592090259446
40 8.502215877463039
40 6.354729334077763
40 10.328220295913571
40 6.967448801573705
40 5.947346414886093
40 12.013042085642496
40 5.263216190223876
40 9.929408442577436
40 6.872957035909355
40 6.837587539880857
40 9.137604909897815
40 6.750686013242684
40 7.982285354577706
40 7.299162940133510
40 4.943885081393087
40 9.983121611828302
40 7.945111986036877
40 5.538482849982470
40 12.893328628094674
40 4.892119189377942
40 13.489331277264675
40 6.290646786986452
40 6.988252449341900
40 5.260226900048234
40 12.100333555257510
40 4.877452419689933
40 6.131100690777172
40 7.207046365420656
40 9.121499222408715
40 9.989226763967725
40 9.373249210187778
40 10.379338310102316
40 5.437982462312871
40 5.294198854776526
40 4.682136389396291
40 5.955036666896321
40 10.168473998967519
40 8.593353320732184
40 6.038880314553438
40 5.457283882165727
40 7.651361902129656
40 13.037241192395207
40 7.313728511722008
40 4.780825611420183
40 9.566989556480454
40 8.326690758635483
40 6.236950241869412
40 10.759599278845020
40 8.539026976066307
40 6.198821503100790
40 7.025352158041922
40 9.001357685923880
40 5.737272527041759
40 7.417819084079977
40 9.422082821397893
40 14.615100602143102
40 6.340919251606230
40 8.901901910873381
40 7.451354124512175
40 6.312254882742388
40 9.809830558638437
40 8.948815298285695
40 5.670000275471470
40 10.416053948830220
40 8.082407961234633
40 7.589273472778318
40 6.239324192032322
40 5.244637793837359
40 9.831285366815315
40 8.113896998019564
40 5.751807981331545
40 9.289189314707244
40 7.069245680513943
40 8.317065282360144
40 3.829997928381438
46 10.359985776836897
46 19.525298300389970
46 8.271722955713631
46 16.052094123719222
46 14.042961181717676
46 8.625713339845399
46 12.171559449929468
46 11.386833532642402
46 14.999821389497672
46 16.020956144305138
46 9.097505574570294
46 16.307763685476839
46 25.558210630691768
46 17.960479673062512
46 15.353373004458316
46 9.243515090891846
46 20.651586008455062
46 20.982071561147837
46 11.138315091840507
46 14.131057989604763
46 21.704255297573653
46 9.336447059259136
46 20.231883432725695
46 16.289438575925381
46 17.002586115242810
46 16.743119895376033
46 15.369261805163873
46 19.054277496526378
46 12.077769585932494
46 17.105688603918875
46 16.922403488950426
46 19.482945147766848
46 17.235474429794134
46 10.906005391787644
46 14.720060046011429
46 10.745795908187299
46 14.660381622826741
46 15.206535128421443
46 8.034019365155261
46 12.070622937815386
46 24.864436472177225
46 17.520664134011618
46 24.845359302228285
46 16.322190394023451
46 12.722290928506354
46 8.865604137293715
46 12.990525310187744
46 15.090491546613876
46 15.401728014879980
46 9.282855713191262
46 8.762988757448689
46 13.108988625438755
46 11.861020889691652
46 11.028820015539642
46 20.263493900423736
46 9.684707832613778
46 19.747383861117854
46 7.295428004677759
46 23.069599172661615
46 17.078498335160393
46 16.831728946248035
46 12.479564476109431
46 18.782942002926927
46 16.106941457549119
46 8.342771979087757
46 12.276328184628031
46 7.627009536184839
46 13.134435862272005
46 13.811752934480069
46 16.297249930066258
46 7.030483287779549
46 14.555485173481003
46 10.808458351683656
46 14.411657802924827
46 12.536232232079023
46 15.756129710429569
46 10.146173136103446
46 12.872465821204500
46 14.106107146046629
46 23.406877960714773
46 10.125115287206272
46 24.562382055953364
46 24.673888130102714
46 17.201163077576297
46 14.123075746685856
46 15.387153786624205
46 17.247320784472006
46 9.708305778374083
46 26.432448954683650
46 18.470391512612046
46 22.418896756456025
46 11.725829010135637
46 13.970028572340491
46 8.428051142966215
46 8.745930292272558
46 10.142285261517461
46 15.650646793725585
46 13.360954780477183
46 8.302074761875012
46 20.184747617107750
46 10.964429267256245
46 11.497401388361805
46 12.613528036352665
46 8.385582726619958
46 12.439507042410982
46 15.323311154003237
46 17.408546621197495
46 8.617703575128875
46 11.733244291874254
46 11.659776595176517
46 7.338058467368725
46 24.165918955282457
46 23.679479752543337
46 6.854982288099931
46 17.159076748899970
46 8.450302448540672
46 16.381533113871821
46 18.787425586259474
46 15.478887510443453
46 16.330401361515268
46 13.664980210463820
46 10.774467954400935
46 21.358903819367836
46 19.910449098680182
46 9.743787086310345
46 15.606509021644410
46 18.504662612875233
46 10.492314972156322
46 9.516101577705980
46 22.502218591242471
46 17.021400505208625
46 8.408567666865430
46 9.646528284815039
46 11.570539553000065
46 8.745585691344544
46 17.741481847383234
46 17.184297239047993
46 9.927406510773920
46 14.555398738154537
46 11.698829970894153
46 15.485477971343805
46 10.630533783196601
46 18.147981157235520
46 21.888538260989918
46 14.594420129660460
46 26.733903424875457
46 12.746472450098828
46 16.464386780942903
46 18.612251263176837
46 13.784400521584701
46 10.923086259573967
46 13.765049392092529
46 12.181713727140753
46 16.359830854964830
46 9.233635537556806
46 7.230930874276769
46 6.246161669378894
46 13.053476392567740
46 11.869251836511737
46 14.666501473460659
46 21.584188178495950
46 11.396899626376918
46 14.077185179765806
46 13.909948656166058
46 10.189009426297671
46 17.908524252596003
46 9.433650968479162
46 6.852100687368992
46 10.543249528350762
46 15.187949294753688
46 10.830092362228351
46 15.475332058745121
46 12.328514396363925
46 12.259984999067481
46 10.589848352352888
46 13.013512781715010
46 18.457647183151416
46 6.066870281491511
46 15.592211907054869
46 11.478329603120379
46 25.039111479574238
46 12.442198863691743
46 15.142851969388751
46 10.142730076993907
46 15.866591417952927
46 18.353025710365756
46 15.035190833430665
46 13.839581761606397
46 11.190637234658233
46 10.783006110462626
46 15.058822900854111
46 9.261932878965174
46 10.428551904089568
46 13.914160771819176
46 12.297620081157403
46 16.106773872537904
46 23.470894160502166
46 11.139870768962478
46 9.915310312873469
46 8.230247443448231
46 13.680552015977664
46 16.019986608206104
46 14.603263775613755
46 16.241533292615163
46 20.847099447887516
46 7.235890414907783
46 15.708191356197579
46 9.519910219232504
46 13.177660380271590
46 15.600700374860214
46 12.185116135063321
46 11.326845004614022
46 10.735292853146809
46 23.564135977782005
46 15.036963076428762
46 11.639473148992792
46 21.033919316708293
46 22.106314042983414
46 17.024052824062480
46 9.464218906365319
46 15.373881812096748
46 12.395581777224049
46 11.356267173285785
46 8.330944586962863
46 22.653365625440063
46 17.691584808564688
46 13.107280919121163
46 16.077927607445975
46 20.988531198895650
46 12.951778521559037
46 15.980235305397080
46 15.331326666592995
46 12.140559440898745
46 13.539426342763518
46 16.577726809927832
46 14.681169391132279
46 10.030595906547942
46 12.132075178885989
46 22.740998819407764
46 11.226845427765909
46 9.040649853059133
46 19.054958489590636
46 15.223225344815555
46 10.805024466254700
46 18.413597799292869
46 12.656581523965361
46 10.659410786545102
46 9.489340980196680
46 16.170320860313943
46 13.849771656309795
46 15.537392907541886
46 17.119982332015439
46 11.365444452280881
46 17.545939889161446
46 14.024640608682567
46 17.530995881095450
46 10.371107235486416
46 17.283693580904465
46 21.618662920863052
46 10.838614853010064
46 15.251189568047657
46 14.572118716858387
46 9.536138564591631
46 16.540531783934775
46 19.194123509010659
46 23.286575488968342
46 9.687595100511285
46 11.971483426801647
46 16.838036471763765
46 9.389248020959499
46 21.371872273656241
46 6.444446505023131
46 8.336831228243865
46 19.802534719995766
46 12.144452151204625
46 9.874669607218239
46 14.067071343078926
46 12.344934093912247
46 13.188343137124949
46 16.220535213004631
46 8.668954071244579
46 14.781442672404552
46 11.517570478343917
46 18.217575588754499
46 14.772939481668406
46 23.641725657942406
46 20.279117722407051
46 11.466734910303302
46 21.209220069996331
46 10.960433562944807
46 17.169212513857516
46 7.417915787091023
46 15.036937204644794
46 9.261568461003076
46 8.235447594556256
46 17.477699573289520
46 9.383475099167155
46 12.035259437793398
46 6.481144177007626
46 13.617081657499618
46 9.709504516740148
46 7.069662142791532
46 9.152225570638764
46 16.270975946405049
46 22.247737308683313
46 13.121886381968835
46 12.283271478909867
46 15.522288355164019
46 12.099145902427438
46 18.468565248820845
46 12.480218157596767
46 20.063976882614167
46 16.594474006393899
46 15.449503010544072
46 15.344918207885202
46 13.246223508902286
46 18.921801740147593
46 11.591425937482700
46 17.767854892847744
46 11.541283551453335
46 18.519836550633862
46 16.081516570830381
46 13.084478669872983
46 9.404072804881775
46 12.775109738897058
46 8.675203406546592
46 7.148476998691864
46 15.268994043944243
46 9.855903477960704
46 21.233715286259979
46 10.471396583916128
46 14.186416602376040
46 10.248485556842342
46 18.883699528370158
46 11.335077220741676
46 15.146169766555506
46 16.878594754329590
46 10.652798891250557
46 13.752178809803487
46 10.342394266479428
46 9.910674986664798
46 12.606001337142178
46 12.922329285085063
46 11.749822638218056
46 15.887213515140946
46 18.712186121674407
46 16.664964752150262
46 7.371554668824093
46 7.891809086220926
46 15.446827841218033
46 10.901118984928948
46 14.953386106077321
46 24.932261523188782
46 27.989983713112366
46 11.779969835106598
46 18.821205856130589
46 9.525140792555721
46 9.697059983292633
46 22.265649393061235
46 21.868244050175822
46 13.971775759681961
46 22.020388331767151
46 11.155102895575279
46 13.769292477706349
46 15.321155702888760
46 18.943019430485187
46 9.411277651786802
46 17.389601003746513
46 22.464595171271540
46 24.824612217431245
46 19.653289170815214
46 15.576900061644196
46 16.780133800348072
46 7.679172370149054
46 7.687429308178127
46 17.294622720190070
46 16.563316465107501
46 14.332544813659709
46 19.488679251817345
46 21.125483109850819
46 18.387579158539957
46 11.848843563301296
46 12.573243787948055
46 11.811406594825440
46 14.391376043463167
46 18.077919752843165
46 11.113417319699449
46 18.685497191807180
46 18.857437830106797
46 12.423360452578143
46 9.224863641882845
46 8.338518403216948
46 10.561162360465794
46 10.401632645009240
46 16.076051004553804
46 24.008544567998115
46 11.987858490878041
46 13.296906252578317
46 13.733100903537764
46 14.488855311826516
46 12.179018836697212
46 10.532408395265769
46 19.317027244672701
46 21.901932800502728
46 12.767938304345329
46 14.732926231806829
46 9.376743547254671
46 21.908633066519911
46 16.744141007090864
46 19.677094017426455
46 11.645084007079598
46 12.733108230298416
46 19.708516627053001
46 9.544979998839764
46 9.941043653267810
46 12.509402618610540
46 8.061010293326184
46 9.568320008284410
46 13.597014516966638
46 13.092053756217169
46 8.067135830206862
46 15.798403819374730
46 9.733239198499975
46 16.926677236382766
46 9.984786711428363
46 11.690571383070036
46 20.406940603141592
46 10.634763950499899
46 11.916958816539090
46 14.933445250714261
46 5.464992978670223
46 10.378190095851691
46 7.313027292085911
46 20.126576282536501
46 9.297825605196831
46 10.525243295560328
46 11.725205709271645
46 6.286270623057302
46 12.767059413563949
46 11.483256873230115
46 15.763612387881755
46 10.578843234698484
46 8.523672005797248
46 23.377105687136790
46 12.260282921590825
46 10.113120904544015
46 23.963995932899078
46 22.832469600345775
46 11.677666605015869
46 11.629646328372289
46 11.800725299437886
46 22.223418945609218
46 22.077848429163407
46 10.404651491280561
46 15.092865900227231
46 8.645533269582932
46 20.261467635127133
46 20.722805519887636
46 12.077674506154512
46 16.770865706853172
46 11.699141952072406
46 20.348191651359546
46 13.595395983711800
46 9.575008831562396
46 16.299381701751940
46 14.337364571764608
46 24.305753225427182
46 12.647757995243420
46 16.880574999940080
46 9.067188137260441
46 8.966618094711515
46 8.130863511590196
46 19.361366029300665
46 13.280380750595500
46 9.513232443661524
46 16.024992986676118
46 13.099713089768681
46 14.661793686006389
46 22.952797961377804
46 20.059813891639770
46 13.620454587594619
46 13.499314441414461
46 12.417943733422193
46 13.937288224124611
46 8.312785176187592
46 17.457352616568965
46 21.343130822738893
46 11.672945869871139
46 10.688776577997594
46 15.636587206350537
46 18.723733952423338
46 13.415164590280785
46 13.083075346113517
46 10.341648024251331
46 22.432668012170485
46 20.634689642665869
46 10.424806996493519
46 15.229001032891649
46 13.277684996541470
46 13.901157729362861
