10 0.022870717544059
10 0.045940803111703
10 0.028930823308720
10 0.032913022635755
10 0.018160521232448
10 0.020432070120815
10 0.015723623168158
10 0.027574997324351
10 0.015446697925453
10 0.018165278574787
10 0.013676210632960
10 0.014337159783254
10 0.028343511559937
10 0.028198312997084
10 0.019536476469720
10 0.030636588921353
10 0.036205686391431
10 0.015748101502611
10 0.018802467006843
10 0.029069430629793
10 0.012641073395933
10 0.027472806783347
10 0.033068508345459
10 0.032314901213860
10 0.024222136241318
10 0.039449996259823
10 0.022062412999255
10 0.018039459597560
10 0.024220772189839
10 0.039011548139729
10 0.023915975504061
10 0.038368444447030
10 0.021949826457394
10 0.031748789338025
10 0.037031335528749
10 0.025634692368633
10 0.039470745928300
10 0.013583331493100
10 0.027272776199280
10 0.014741461597897
10 0.014151298569667
10 0.021151252426053
10 0.026073004326789
10 0.031466189631777
10 0.033333417873245
10 0.016028250901619
10 0.015590770403616
10 0.026534247393521
10 0.014741470372671
10 0.052469104829036
10 0.056874594741771
10 0.015409244805313
10 0.027808387956590
10 0.035679728924337
10 0.030780282244124
10 0.025781752314301
10 0.020708630928110
10 0.026506738870705
10 0.034889314745584
10 0.017899099614921
10 0.024592682886436
10 0.028546237946229
10 0.019975974661618
10 0.019772127350198
10 0.019131440069109
10 0.036236468713454
10 0.028719778146426
10 0.012447219954582
10 0.015765361429364
10 0.021702669284844
10 0.013820995124793
10 0.012887375076790
10 0.013097825252294
10 0.035819298381127
10 0.019676260822322
10 0.040500616402106
10 0.022527992334411
10 0.017823410434061
10 0.012218647400665
10 0.025627360252402
10 0.017619105221742
10 0.023881276438423
10 0.019264271420855
10 0.035762976449721
10 0.015033217064258
10 0.040209575882197
10 0.021942435603311
10 0.015332996693590
10 0.021791425673661
10 0.013645541746604
10 0.019618113241722
10 0.021566439289956
10 0.015003638401802
10 0.032780709157160
10 0.027297263790644
10 0.040901042836327
10 0.023640386959563
10 0.022683756732623
10 0.038588358638730
10 0.012318333913610
10 0.030814202870413
10 0.016134245751756
10 0.036317156715012
10 0.042511491926116
10 0.023146698010789
10 0.031670674781283
10 0.032695034056516
10 0.014671068877255
10 0.032300356139450
10 0.030520373147494
10 0.029968347035376
10 0.035532603845077
10 0.020114017848939
10 0.027197481016767
10 0.020009115482338
10 0.025793783683838
10 0.020076379187493
10 0.022198473251734
10 0.027581825382621
10 0.021364278432746
10 0.023165223941952
10 0.015892460618724
10 0.019168611047905
10 0.023081403391964
10 0.011855813706438
10 0.037434964988455
10 0.019748265934393
10 0.020726715644626
10 0.010775246803975
10 0.021095770960378
10 0.021307625629544
10 0.019030362261031
10 0.018730226646264
10 0.020108955488880
10 0.029797823721396
10 0.037298997883035
10 0.023549236340411
10 0.022494294016191
10 0.041511637567068
10 0.049867226443693
10 0.025803949604686
10 0.020255990928266
10 0.020448457845871
10 0.033060200827022
10 0.043043638021603
10 0.019950920349481
10 0.015675779277429
10 0.048019582151349
10 0.035455944250559
10 0.020941105303432
10 0.023248468689360
10 0.022951769311589
10 0.031105665303459
10 0.035021277770087
10 0.019977223413056
10 0.040968087542435
10 0.026777489403135
10 0.029876917671351
10 0.016658814146204
10 0.034571248189914
10 0.031639438231044
10 0.030618469568210
10 0.024382812586651
10 0.017882238009011
10 0.017181911039061
10 0.032781581857446
10 0.054430313684172
10 0.027292756946187
10 0.029147875795029
10 0.024114347519502
10 0.049086291755686
10 0.030247872642819
10 0.022071406609501
10 0.017249740614546
10 0.025594121439987
10 0.025452503578823
10 0.029522535094733
10 0.034754711910957
10 0.024294777080690
10 0.032914566179579
10 0.018172380845589
10 0.015253449992411
10 0.020446049706657
10 0.038560957639186
10 0.028855448516840
10 0.017233155744759
10 0.043766613079107
10 0.027775461987756
10 0.016581740157575
10 0.028038682733797
10 0.027538121134525
10 0.017917056243543
10 0.018081063160862
10 0.040792592886294
10 0.018041054724847
10 0.027023550851499
10 0.017437377615475
10 0.037197721430333
10 0.017959904783713
10 0.020805173265131
10 0.050062386245723
10 0.020494602655321
10 0.020958156992491
10 0.034512694254308
10 0.015275493926425
10 0.016378493076809
10 0.018924873994846
10 0.031574341358930
10 0.032425411324431
10 0.059534249917844
10 0.028825235915407
10 0.024906691729155
10 0.024348548142055
10 0.051249788840263
10 0.027531569149507
10 0.031698718891745
10 0.020077820626001
10 0.019818214556971
10 0.023244265844051
10 0.025281008051375
10 0.021548000217109
10 0.019328683478039
10 0.022258978353917
10 0.020296342678198
10 0.031087542480924
10 0.017426095565443
10 0.016278896725929
10 0.022060902367243
10 0.034673635963244
10 0.042593499893979
10 0.030700714762366
10 0.049382262188831
10 0.031619366557825
10 0.037912175015024
10 0.035976240770287
10 0.020317792096696
10 0.022552086987207
10 0.016312182412554
10 0.020698000093539
10 0.031566561378066
10 0.028153431031180
10 0.030221933848328
10 0.018555258743923
10 0.021893014430884
10 0.042044250593872
10 0.021230891910661
10 0.031098347247123
10 0.029546938737259
10 0.031277803083249
10 0.041809566017994
10 0.018338115235301
10 0.019215376510633
10 0.025735112906117
10 0.015472077889935
10 0.025455064099795
10 0.031212148762776
10 0.021128962153870
10 0.020460509673298
10 0.029751534178131
10 0.016892239940375
10 0.016484639649066
10 0.018889558199868
10 0.021549191497600
10 0.025251617230888
10 0.026003603384231
10 0.029801840099462
10 0.021575726453151
10 0.019118870500938
10 0.028585556597954
10 0.018856488832670
10 0.021600002276398
10 0.020890570338891
10 0.031830664757709
10 0.023434750622023
10 0.022573968076223
10 0.032521841127891
10 0.022224883602738
10 0.019379619920571
10 0.022148116756557
10 0.023445727544501
10 0.033863621042361
10 0.022175669442450
10 0.013433472063161
10 0.016524811977293
10 0.030537953976550
10 0.048131057475456
10 0.016634879522388
10 0.016825843281608
10 0.016801838205752
10 0.030987799318666
10 0.025629860700665
10 0.034501883956421
10 0.035965093567921
10 0.026372206621790
10 0.025489291285729
10 0.020686212879497
10 0.047539362529382
10 0.019564210000323
10 0.017976739132580
10 0.019353748370412
10 0.010902343984042
10 0.025764162705741
10 0.017023282084673
10 0.029515699502340
10 0.037442178266197
10 0.015129021615716
10 0.024220176764775
10 0.040778852085985
10 0.036859096100354
10 0.016143784140776
10 0.031551038092694
10 0.020586388224274
10 0.030757067449769
10 0.030210452598424
10 0.027432114956367
10 0.020188722405375
10 0.027545369979782
10 0.048712302812029
10 0.042356637885780
10 0.024714623578387
10 0.039152158051856
10 0.033212478292160
10 0.038107409252597
10 0.021526362913669
10 0.017619467274431
10 0.028557940710981
10 0.038566693887749
10 0.025819500496847
10 0.023376507483123
10 0.023490707855576
10 0.025000957083410
10 0.034281956319459
10 0.018346719003665
10 0.029350383916427
10 0.025327225172016
10 0.023633149666984
10 0.019609624522810
10 0.019552157966909
10 0.035713011850316
10 0.024936084675943
10 0.029242333968996
10 0.039214457311305
10 0.032111110078350
10 0.023098019646514
10 0.036244507858198
10 0.036728833927403
10 0.027786964497783
10 0.023948401038613
10 0.023696743907663
10 0.031456771265429
10 0.014020551030274
10 0.032987911572416
10 0.037193584893625
10 0.017697381719730
10 0.017549937140212
10 0.023581831702385
10 0.028927511384373
10 0.014526681461327
10 0.015047444511802
10 0.042110236732818
10 0.016100386269398
10 0.015618585977532
10 0.018295646406724
10 0.018929889359221
10 0.039592895591884
10 0.038681223155751
10 0.018710686316449
10 0.047762232157738
10 0.035193993990271
10 0.017166045741559
10 0.015200901835163
10 0.051153087159677
10 0.024776432323893
10 0.025081318736216
10 0.046474106493912
10 0.034942560939444
10 0.030563423929926
10 0.020570855719142
10 0.023912587504678
10 0.018060185393866
10 0.029262892581133
10 0.021695818294874
10 0.055655621734952
10 0.037282861506229
10 0.034294229725244
10 0.019398360618083
10 0.038280469233428
10 0.035079121746084
10 0.019548580865057
10 0.041689058363534
10 0.032608307897985
10 0.022653291437099
10 0.023234441365602
10 0.030589795058136
10 0.034019915051895
10 0.025625568933686
10 0.013706862517920
10 0.019671282353558
10 0.011697024876465
10 0.017277077692989
10 0.024275307278638
10 0.029014038436031
10 0.017887426583529
10 0.022429843707081
10 0.031546883842263
10 0.033097040069611
10 0.017452873369965
10 0.018169810828594
10 0.028470450587499
10 0.025748837010508
10 0.026444523119132
10 0.033245526841168
10 0.031935142898204
10 0.026807176058106
10 0.010982365250418
10 0.014903661361386
10 0.019091713047422
10 0.027566860345903
10 0.028010431502762
10 0.040619750161518
10 0.029157141571138
10 0.035178948433757
10 0.026237688173199
10 0.029884483366200
10 0.019784662644915
10 0.019546562404616
10 0.023099125869013
10 0.022228679930779
10 0.045600401022493
10 0.021197834738948
10 0.033245436023062
10 0.018056749939701
10 0.015202443031601
10 0.034125524613888
10 0.027593364671498
10 0.023237696969226
10 0.014609208284629
10 0.022301054216431
10 0.022521244093282
10 0.032955173965571
10 0.023980863252808
10 0.033828660786111
10 0.020973513758385
10 0.043059941497100
10 0.029931818487697
10 0.025005773141153
10 0.030902019502990
10 0.031379378275348
10 0.027584826990522
10 0.034881372095075
10 0.026673798193545
10 0.026914775325693
10 0.020273549953733
10 0.021304328476873
10 0.037160367645263
10 0.025857905061719
10 0.016837888254399
10 0.019251889027175
10 0.011744037335346
10 0.023824094774327
10 0.048023331142774
10 0.033183159445307
10 0.032664973036156
10 0.035045943805102
10 0.024621443193553
10 0.030266712449096
10 0.025023031493813
10 0.036810731463701
10 0.022379418962860
10 0.023389988057382
10 0.018258837194799
10 0.031840291164700
10 0.027743945001656
10 0.012377541106950
10 0.018513266175281
10 0.021810434778719
10 0.040944048528643
10 0.032243730505331
10 0.017993244969206
10 0.020796074726671
10 0.031256911741217
10 0.033095504327406
10 0.025205879257309
10 0.014760259047178
10 0.028957842922577
10 0.017398299923290
10 0.025561322118407
10 0.028475363145631
10 0.016069043042123
10 0.016963333622890
10 0.045397116289152
10 0.032772855819343
10 0.032143992596147
10 0.023060681552710
10 0.020407752811480
10 0.018906442402201
10 0.030367089452056
10 0.028847002974013
10 0.034790367031012
10 0.017740876226024
16 0.124875050367721
16 0.114601082331574
16 0.134171681817502
16 0.120765402506652
16 0.117169811292657
16 0.111941923969106
16 0.088030100988839
16 0.245658019882714
16 0.244544541672560
16 0.261158662908119
16 0.120802600720479
16 0.118700061594378
16 0.135768131472450
16 0.213415573897879
16 0.103798969527158
16 0.132530225878313
16 0.133826440760364
16 0.361373186346859
16 0.195439331876630
16 0.109356397386455
16 0.085668486102481
16 0.357359486490331
16 0.291721105354809
16 0.208211179059012
16 0.196698472093465
16 0.228939784803636
16 0.129454652446011
16 0.113020564198554
16 0.176014094268367
16 0.126930098047802
16 0.196336484326462
16 0.122199184505195
16 0.275909694379820
16 0.108635389602994
16 0.136535106150051
16 0.197124247761039
16 0.217586708406780
16 0.109853384523811
16 0.232995401077917
16 0.191141407030989
16 0.124902795029018
16 0.194372180963918
16 0.191077923948210
16 0.199996946085671
16 0.128347933454153
16 0.358896268651188
16 0.175130652787498
16 0.115239020101947
16 0.376675632626149
16 0.163807129388656
16 0.099278093604417
16 0.121344520079395
16 0.199536734695112
16 0.149099917528077
16 0.152649039993289
16 0.218868508626527
16 0.155803327900431
16 0.137134509185136
16 0.115212503844837
16 0.136557614204861
16 0.150655809296220
16 0.130522787230251
16 0.129875583950066
16 0.080639028777393
16 0.073882792558821
16 0.201561733387098
16 0.171830072647483
16 0.139157765860177
16 0.161259070058890
16 0.118083788264816
16 0.160443803040656
16 0.127973706243513
16 0.109245445399289
16 0.240081405112536
16 0.159384920715242
16 0.088447999439949
16 0.140359512600523
16 0.121311662992853
16 0.113975817908235
16 0.133826970784577
16 0.140021565123200
16 0.216633747099779
16 0.106800771707857
16 0.187890699166174
16 0.170869963530001
16 0.092524378200601
16 0.135247231655557
16 0.094077219752237
16 0.118359573222245
16 0.097063457512712
16 0.227391916302079
16 0.141836199265198
16 0.157841776802940
16 0.124945304210209
16 0.135058999414810
16 0.201127212177130
16 0.139517024718513
16 0.088547669234661
16 0.272901193884734
16 0.209026314182388
16 0.212763809578832
16 0.207015689532183
16 0.086418272906945
16 0.125481193890850
16 0.133086032079833
16 0.406267669178375
16 0.151487785589928
16 0.094890817068283
16 0.199314836913286
16 0.200580846603711
16 0.168905338469612
16 0.167592011011775
16 0.120850941186619
16 0.109291910527518
16 0.154769024710350
16 0.178377519128229
16 0.139621327383057
16 0.173375626325541
16 0.176080318867815
16 0.189072770770239
16 0.227731611159065
16 0.186169103674150
16 0.208000125124502
16 0.282547660688588
16 0.175158418556779
16 0.229317093479355
16 0.228881475259281
16 0.120346344399591
16 0.152090928564311
16 0.347336852482939
16 0.212883445625246
16 0.168357296621161
16 0.115993607543654
16 0.137586716636817
16 0.255320849166510
16 0.244728267657287
16 0.138200871603550
16 0.180931363589960
16 0.249203774601311
16 0.200341731567029
16 0.115739721074551
16 0.111631146050924
16 0.139214361740444
16 0.170167924358496
16 0.108296551132574
16 0.198779132887974
16 0.144095996797962
16 0.250162280833915
16 0.110892364823595
16 0.170704855537624
16 0.136819196098601
16 0.091880482375225
16 0.206959101953232
16 0.321638827122685
16 0.282135823136404
16 0.178838022045347
16 0.100731672394248
16 0.230089312211238
16 0.148853412193086
16 0.342025609999804
16 0.188940619438132
16 0.118556263616415
16 0.149689705558187
16 0.134266300769907
16 0.144845011762323
16 0.189811668871156
16 0.267008896252242
16 0.165113340929522
16 0.362372537007680
16 0.223930320992758
16 0.153390982803958
16 0.229471873751128
16 0.287458317260643
16 0.121922317824344
16 0.139952762278952
16 0.135437854411073
16 0.133892528362639
16 0.142133003064294
16 0.100096139995457
16 0.125912923972964
16 0.136455723444742
16 0.219671989027850
16 0.169590354914222
16 0.389780216686323
16 0.243899072420754
16 0.211568440321876
16 0.234146602337749
16 0.258263706743731
16 0.199397454318448
16 0.115247093645862
16 0.136431025214101
16 0.161469491541572
16 0.244893236135867
16 0.126831914866940
16 0.133722666869137
16 0.319996166323543
16 0.123919520046370
16 0.219089510915819
16 0.230700915126814
16 0.117209627271099
16 0.115549061478527
16 0.161428572837296
16 0.124896684147265
16 0.146806183247604
16 0.173722119678794
16 0.113750525511720
16 0.224534224708434
16 0.278880222143508
16 0.102743340836360
16 0.132183517233255
16 0.089062642626100
16 0.152592731361451
16 0.160701503335085
16 0.133701167792322
16 0.126993364906658
16 0.158491803339242
16 0.202345401991235
16 0.126569379081676
16 0.117364732967437
16 0.114758292416043
16 0.154593505341537
16 0.173640315968400
16 0.280535206416206
16 0.142721076686051
16 0.109779436551122
16 0.206024872098426
16 0.183195148138162
16 0.150166856897608
16 0.151974649255642
16 0.241104669650961
16 0.161472616089968
16 0.222215024229753
16 0.209256255284680
16 0.224853002440084
16 0.135098951427304
16 0.189795812297357
16 0.174804699038085
16 0.157616397974002
16 0.103629181226116
16 0.192083139407676
16 0.242774013816251
16 0.252543456506903
16 0.132046680351127
16 0.180878123025131
16 0.175444371046698
16 0.196339977082642
16 0.109345863951031
16 0.097888017194801
16 0.085838229305830
16 0.301675009361709
16 0.120178981036587
16 0.189812678189778
16 0.182664618894236
16 0.262273018932596
16 0.164368239525908
16 0.087754428926740
16 0.122376701137474
16 0.123420338875361
16 0.169545349540703
16 0.229261649814526
16 0.105456414807819
16 0.103831060502713
16 0.133603060723146
16 0.188031556560479
16 0.172273499035239
16 0.106521913840935
16 0.089849389266615
16 0.256620161464391
16 0.165182716791684
16 0.142801356040285
16 0.171069117181363
16 0.143662734212553
16 0.187461405392432
16 0.194129858448200
16 0.159693919617850
16 0.181700940393557
16 0.279354385101762
16 0.149221468142129
16 0.199508335893352
16 0.155052709239741
16 0.106074068983694
16 0.156798027176917
16 0.181059626398523
16 0.199267555346029
16 0.215276835661815
16 0.131567986966563
16 0.161524103991194
16 0.193126434654695
16 0.122506586823763
16 0.291806351276143
16 0.163519235206188
16 0.084650033461161
16 0.223244875568229
16 0.228125715479209
16 0.148695759502424
16 0.099144045249866
16 0.171735117508528
16 0.152570491894358
16 0.149618599416938
16 0.130835343777298
16 0.195194093567049
16 0.119013230601086
16 0.364277203073252
16 0.167483666439248
16 0.162124379163439
16 0.140773876324419
16 0.138339671606212
16 0.106792338324113
16 0.202244477812022
16 0.195669594118983
16 0.221229904378064
16 0.161074835198274
16 0.122672974474748
16 0.203906380322469
16 0.140968027627783
16 0.231803945252886
16 0.133400846027280
16 0.175871606543293
16 0.199456236305138
16 0.161282743590603
16 0.103341384372258
16 0.182113064540177
16 0.179992689057105
16 0.190544759213450
16 0.113131765289704
16 0.139862460902896
16 0.172800402283420
16 0.127511382182820
16 0.085595916593911
16 0.253457080931326
16 0.103016166010030
16 0.202218083196951
16 0.099373661446868
16 0.125233579792366
16 0.175849695162643
16 0.178820998896588
16 0.206190695538221
16 0.113072832136338
16 0.129001665839091
16 0.203024254188768
16 0.108664090547219
16 0.136318099552125
16 0.089056871568461
16 0.107514154164552
16 0.202761066246688
16 0.232295119188671
16 0.118523399414924
16 0.152830913581382
16 0.248602073697317
16 0.156890492389706
16 0.250714587429679
16 0.103721908150902
16 0.341054783777686
16 0.256976245059654
16 0.469519187860422
16 0.224379007204352
16 0.121945468570404
16 0.248922979421678
16 0.164067278515046
16 0.108126971840640
16 0.108758745115954
16 0.204529330552085
16 0.169750732322362
16 0.125827850595985
16 0.180928460182342
16 0.086935016461181
16 0.187970284335783
16 0.137286822912209
16 0.136893608703160
16 0.111503537808190
16 0.218312653340779
16 0.175003150901108
16 0.164968674516045
16 0.171842668952364
16 0.112857895834243
16 0.283125142366478
16 0.099342947393869
16 0.208201554962383
16 0.093707737884277
16 0.161488782423239
16 0.120349126443345
16 0.086558988944763
16 0.191301087311360
16 0.191326655425429
16 0.157195039550435
16 0.329425210718161
16 0.137999163274817
16 0.098764834469713
16 0.205780862045213
16 0.198221947069948
16 0.145062176065969
16 0.359719496935871
16 0.172013423187544
16 0.121424768464775
16 0.329104604018887
16 0.188243895569141
16 0.192120401368299
16 0.212297925900303
16 0.140539306128534
16 0.188519693171425
16 0.156143641187971
16 0.226213894204017
16 0.195231828591321
16 0.186474461632356
16 0.220786019799228
16 0.105497932273511
16 0.199616764673140
16 0.232318436940503
16 0.167540219040547
16 0.167002765144497
16 0.198828049212818
16 0.185877356147591
16 0.158403518880037
16 0.216419520424447
16 0.151431400534311
16 0.207210627094219
16 0.132977565918472
16 0.207276274281934
16 0.132718648451525
16 0.114159715714534
16 0.135588836317664
16 0.169418753395846
16 0.138516957069803
16 0.254749675927774
16 0.282587237548790
16 0.288944192440955
16 0.168283219389833
16 0.173392217287218
16 0.392637735405618
16 0.146105014350307
16 0.154966597187757
16 0.093442801522575
16 0.263664625004478
16 0.134070170960546
16 0.111378120643515
16 0.293642286842217
16 0.269554313899277
16 0.132424245087198
16 0.114857006300073
16 0.113465691459177
16 0.174615045094740
16 0.099724905352289
16 0.099717728272689
16 0.212618169949589
16 0.164674827437021
16 0.199404969189224
16 0.226160011998595
16 0.159084575536815
16 0.186002103299478
16 0.221169757645621
16 0.262664276793131
16 0.152784547052718
16 0.169165770245018
16 0.182087816238731
16 0.126115693663368
16 0.209385157949544
16 0.189799195121147
16 0.218360061699328
16 0.118011192576742
16 0.134451599249461
16 0.215981658158292
16 0.226745346417698
16 0.180748305337713
16 0.176566186648511
16 0.130344845479113
16 0.152204033211077
16 0.133472699505400
16 0.145264140904486
16 0.130979735956923
16 0.153968125773013
16 0.184484492035930
16 0.117648229740435
16 0.171072848786965
16 0.169865395120906
16 0.121383397233496
16 0.106729982447350
16 0.159919790647501
16 0.140385032646850
16 0.218276356351344
16 0.093971269054532
16 0.095135174723777
16 0.159035346759149
16 0.120479806972481
16 0.198227448700086
16 0.138946056838092
16 0.127229670113256
16 0.151038203064170
16 0.196821846752184
16 0.142227652750709
16 0.097923983227542
16 0.198476366034688
16 0.117241512885548
16 0.178959120324982
16 0.231304719348418
16 0.169279619466960
16 0.198046687476537
16 0.190804155897059
16 0.138036521119882
16 0.254315778126799
16 0.099358297987825
22 0.847177812550007
22 0.615328192125129
22 0.257024341452057
22 0.905425781744515
22 0.540446892709826
22 0.652663298636719
22 0.618170999886790
22 0.757543508153994
22 0.625250452632481
22 0.518366266295216
22 0.601117958164224
22 0.469678536858629
22 0.407907302896170
22 0.651608326878617
22 0.891963329075930
22 0.666688602071903
22 0.752179410603849
22 0.825805771558409
22 0.678837819873285
22 0.589140635834596
22 1.274350553959467
22 0.459625091787774
22 0.596095305688516
22 0.422927254755433
22 0.553021278969153
22 0.758428659586942
22 0.594924814129684
22 0.561419530387159
22 0.287257381685668
22 0.327165235903600
22 0.497944987401722
22 0.480571590722630
22 0.647300741155298
22 0.404250494208681
22 0.609788792951142
22 1.008855924104190
22 0.464304240537513
22 0.960463519802973
22 0.473587610579345
22 0.505577009885371
22 0.440878000337338
22 0.419347474897317
22 0.576235006459009
22 0.488518874076412
22 0.828550142294428
22 0.789979980533177
22 0.725279229712529
22 0.730803749650024
22 0.877601672617311
22 0.364413339262503
22 1.203296765537198
22 0.351977364396658
22 0.409935478242158
22 0.632671210612002
22 0.766658384045973
22 0.408761597913461
22 0.669863485382880
22 0.536494532781563
22 0.786552488302080
22 0.667296654654177
22 0.853180794244688
22 0.504181435884706
22 0.567214118879884
22 0.737171222878972
22 0.536596168582751
22 0.561905910968108
22 0.688872491934730
22 0.788112173007480
22 0.562919674247214
22 0.495292439560858
22 0.634725779741228
22 0.697875584906574
22 0.430809180459339
22 0.547469445487969
22 0.726724745148764
22 0.484541800218504
22 0.558035811167091
22 0.603981529118954
22 1.129916449559250
22 0.675279612760215
22 0.348572364304338
22 0.506201977876052
22 0.771596077809224
22 0.962289256520042
22 0.669397789315220
22 0.621422338527803
22 0.653374541883205
22 0.596154610393158
22 0.521674525725564
22 0.708793849497529
22 0.774407174066383
22 0.789577552385195
22 0.614496243500066
22 0.414218038596841
22 0.695154736361704
22 0.422580223706040
22 0.882153268207708
22 0.477512236818133
22 0.416441997676002
22 0.751607581319373
22 0.535421880988105
22 0.547017320733222
22 0.542971927997995
22 0.831433691241835
22 0.707797320799203
22 0.658211946543592
22 0.788511385928174
22 0.886300153892281
22 0.734417627756592
22 0.372005657302149
22 0.412162670582476
22 0.599071886002412
22 0.441973046945381
22 0.360928058682089
22 0.779602042713235
22 0.731767760257813
22 0.541651936899098
22 0.744690813663616
22 0.385467005949292
22 0.725724134846680
22 0.744744965612579
22 0.542612508068561
22 0.642018990868368
22 0.637921554925828
22 0.634958410802977
22 0.537895481778590
22 0.898659074727095
22 0.443999482846328
22 0.482255120694943
22 0.701109787941119
22 0.696109467011472
22 0.811095872585160
22 0.602672129854821
22 0.488009892308576
22 0.397093346170431
22 0.648949433395275
22 0.401921917344846
22 0.906510189376411
22 0.762047056899896
22 1.006598057761066
22 0.748648287388606
22 0.598374591322640
22 0.415665449153855
22 0.634802371868929
22 0.475330004510714
22 0.674413055265494
22 0.547273052353530
22 0.674851605991827
22 0.640335783036686
22 0.806301323451419
22 0.941861188328181
22 0.733811894335274
22 0.409113687089229
22 0.566011264080135
22 0.869222585331291
22 0.881552026441206
22 0.453156064993510
22 0.591936054342379
22 0.501837635043141
22 0.579433581589032
22 0.644533455118220
22 0.493294592529184
22 0.996621690932773
22 0.558476974031137
22 0.573831537756765
22 0.371209066333794
22 0.485454760952991
22 0.705931142925074
22 1.093797399694255
22 0.580958802239634
22 0.630183585358820
22 0.882810588220802
22 0.408096078483945
22 0.819648332801849
22 0.455487028862842
22 0.787874360597610
22 0.753173519934383
22 0.533142169688653
22 0.538262400068026
22 0.498275940448313
22 0.763689869138561
22 0.776757485628299
22 0.593758753832053
22 0.723724356652996
22 0.780035523604645
22 0.337484587194377
22 0.543276657820873
22 0.977681311969847
22 1.708774355160442
22 0.740501483590670
22 0.678454996627707
22 0.794477502349828
22 0.574784640788282
22 0.408755808029941
22 0.746336737787640
22 0.456956043616102
22 0.623079515347709
22 0.613420511497296
22 0.489652570331214
22 0.356758393661306
22 0.970287622371657
22 1.310875130286896
22 0.551214010965309
22 0.580923186587669
22 0.792857500973049
22 0.744807133735588
22 0.888558004487297
22 0.279080314762314
22 0.329966726933587
22 0.449729467612138
22 1.084560627549057
22 0.893241655623477
22 0.825864536385830
22 0.493591571471054
22 0.369195749509537
22 0.298518066157279
22 0.792373346771260
22 0.385541749130271
22 0.325739650945639
22 0.823802270782602
22 0.319977481087354
22 0.824174799883173
22 0.836562834064714
22 0.767032146895171
22 0.539426457056363
22 0.616371123689657
22 0.427195496134687
22 0.608757010608930
22 0.588029924795574
22 1.063615637466302
22 0.642369863433244
22 1.023454994036074
22 0.423316608652844
22 0.622930596014404
22 0.784105896679668
22 0.441567579856258
22 0.391635899783871
22 0.510771260956304
22 0.570556911783196
22 0.520863092190962
22 0.854320127873060
22 0.721901615351815
22 1.112840374173148
22 0.585740046795732
22 0.647720561756915
22 0.511659606515942
22 0.854556050467456
22 0.624603600830879
22 0.435460268216271
22 0.295469695201619
22 0.832330785053803
22 1.150239681470749
22 0.414996841043294
22 0.658384615978876
22 0.500880224703478
22 0.345283766663172
22 0.571190992498601
22 0.921120496236810
22 0.663110761214891
22 0.551125319174968
22 0.518409408754103
22 0.594418623187843
22 0.626552208610564
22 0.588867591722395
22 0.638100970837806
22 0.359594616610728
22 1.177172825872168
22 0.623555976576827
22 0.574118218859197
22 0.425396782801784
22 0.596244900811930
22 0.714366512413687
22 0.749578040492302
22 0.765199459568711
22 0.758187873738539
22 0.702141958383466
22 0.490357311782736
22 0.514537047553191
22 0.389781703864986
22 0.604385134146703
22 0.445673202341869
22 0.822878217178613
22 1.223717985676906
22 0.572212469337026
22 0.593650189970871
22 0.516326610577353
22 0.782464461571872
22 0.827287370709567
22 0.447881606360286
22 0.757747388350738
22 0.907433458205843
22 0.461889986317940
22 1.132916504621284
22 0.520850494880017
22 0.392869968962309
22 0.871882476242805
22 0.611217201492137
22 0.544562892112786
22 0.475338562127972
22 1.291300763167274
22 0.463426280768839
22 0.562482750531457
22 0.530198753492195
22 1.037471649158237
22 0.983214438946886
22 0.630655556331689
22 0.615742397731115
22 0.631984399536937
22 0.565819777972215
22 0.491760361175554
22 0.636397481555461
22 0.535982160012174
22 0.638535339370871
22 0.880182413848301
22 0.350990074586271
22 0.601794056398239
22 0.540197123239922
22 0.584483048246785
22 1.719272234920240
22 0.704749390109173
22 1.295260733633645
22 0.537941211903611
22 0.736504873528820
22 0.681882058027889
22 0.436524099781804
22 0.875264276323609
22 0.793528772716487
22 0.863479350935140
22 0.815747069082654
22 0.603932693683388
22 1.026159924974712
22 0.878434861227469
22 0.609812254419280
22 0.456724073055800
22 0.497833044485316
22 0.405221408475906
22 0.518106928116918
22 0.531943863842933
22 0.573444068198825
22 0.917963410988932
22 0.473177587171151
22 0.389395160257180
22 0.529781601408052
22 0.444310755400825
22 1.190530979652675
22 0.901116170072412
22 0.615213349341217
22 0.480849183891909
22 0.621734754839242
22 0.604601804030423
22 0.455276134717366
22 0.702071338429708
22 0.580171993284614
22 0.687464198614796
22 0.576356683395544
22 0.400125663269509
22 0.474690628197933
22 0.540856716088316
22 0.433970354495175
22 0.464923531267605
22 0.683037674245494
22 0.663833867632647
22 0.406788195268864
22 0.524029536985615
22 0.551075110195495
22 0.709398640719529
22 0.952525354383666
22 0.904194618666026
22 0.524644746252215
22 0.650163552263343
22 0.884546078945736
22 0.534627354342699
22 0.392776248275569
22 0.494538375652949
22 0.511377601875546
22 0.472481061829952
22 0.513361979288058
22 0.377628724587227
22 0.397193411276343
22 0.684003173753800
22 0.743453321322304
22 0.597031972963258
22 0.329231775873117
22 0.474179695994619
22 0.324328048746159
22 0.848299208164469
22 0.424685725745153
22 0.596588315208587
22 0.510028995679793
22 0.290086594504113
22 0.463177549388163
22 0.430571612945778
22 0.603075249891455
22 0.511796874735279
22 0.504437878757019
22 0.657136777931514
22 0.585669341233203
22 0.744242191678731
22 0.587967601894484
22 0.485443479666495
22 0.412299923409539
22 0.401972595119965
22 0.645022949597168
22 0.952046898555566
22 0.468060692985218
22 0.947085890214579
22 0.614348763262534
22 0.634899089091080
22 0.654204516491145
22 1.085603483306121
22 0.819432804941270
22 0.767921315891450
22 0.243813515305774
22 0.792254540030451
22 0.436027617890403
22 1.160879346164366
22 0.588109259418515
22 0.475721556612434
22 0.687620252873948
22 0.436010397607414
22 1.111172717364582
22 0.502215120862710
22 0.425422790811884
22 0.450008114541516
22 0.685583707747576
22 0.629310413082445
22 0.357328084645674
22 0.538347813964037
22 0.316553901962540
22 0.486130051997094
22 0.525604164831224
22 0.927898310215143
22 0.430791392988982
22 0.749532619529845
22 0.592366088390363
22 0.540183764947233
22 0.361377434224892
22 0.920309328262502
22 0.352780216712883
22 0.497122661713665
22 0.372084828629148
22 0.589569103120497
22 0.358504065397903
22 0.704428899150179
22 0.325547650030243
22 0.490977518668560
22 0.541302428310812
22 0.433948920690113
22 0.515406398896325
22 1.019710995767380
22 0.602127586303700
22 0.647056518266974
22 1.040130428335924
22 0.823524154412126
22 0.675514870114322
22 0.398375607334835
22 0.532780005927997
22 0.513665297823847
22 0.506092075320622
22 0.467852217855062
22 0.956374956072372
22 0.423611447142715
22 0.998255050994242
22 1.019111706703649
22 0.349268274349191
22 0.752374813941497
22 0.493481962818315
22 0.670398665815318
22 0.429413384505831
22 0.419319211889295
22 0.267885436073353
22 0.565178928364839
22 0.567744415188659
22 0.441367538264821
22 0.829698326272991
22 1.136366801996304
22 0.937427983404614
22 1.395996053707198
22 0.861387455568221
22 0.637438939365832
22 0.432885192018169
22 0.840198712384947
22 0.492411612765943
22 0.789650176481793
22 0.242329959225843
22 0.822237062845235
22 0.431558288855967
22 0.891133781383380
22 0.369894303140662
22 0.846142589387596
22 0.383136466314905
22 0.580203913254267
22 0.570240951715551
22 0.541513798333946
22 0.442566426607035
22 0.421213995216959
22 0.619398574488977
22 0.629446160070391
22 0.358001457386521
22 0.638562703353129
28 1.413894864547899
28 2.223076197487678
28 2.189914599016039
28 1.624884142332431
28 2.285310587136485
28 1.674631392463219
28 1.192219482290843
28 1.115318879318862
28 1.320387308249899
28 1.259283133300618
28 1.422411555642864
28 1.013303879972333
28 1.862297902967584
28 0.998728225078986
28 1.569431792286682
28 2.505866626611736
28 1.349503788667124
28 0.955312211004790
28 1.103170998645261
28 1.219697801126832
28 1.444112549981075
28 1.129373194245113
28 3.615051701328881
28 1.279480249864080
28 1.799352743266944
28 2.859878111345038
28 1.720436982077649
28 2.256734004467828
28 3.237564898349751
28 3.608099866058566
28 1.951689782233391
28 1.329912279350181
28 1.606313472980787
28 1.020505891761133
28 2.055733294927329
28 1.646728851236003
28 1.254327910040445
28 0.941768112559959
28 1.424892976776121
28 1.397056908516092
28 1.285751210592115
28 2.948654163347549
28 0.997460421744754
28 1.991990765375295
28 2.691878025497934
28 1.633733689475813
28 1.750067794382655
28 1.294740629101261
28 2.263999368522986
28 1.897331306586458
28 2.279314606124011
28 2.195071921902384
28 1.351797079821598
28 1.984827676230442
28 2.001647227944809
28 1.777164667743420
28 3.003925480485484
28 1.532356874179850
28 2.474570312300155
28 1.275081108618439
28 1.619951250937783
28 1.486055665708578
28 1.648236564877762
28 1.989111549244219
28 1.939834068370430
28 2.935476384028783
28 0.673789107133106
28 2.211650985563908
28 0.758620311263502
28 3.246502287743108
28 2.905745924935962
28 1.136346541335589
28 2.976064132822517
28 1.203483324284107
28 2.999975069981655
28 2.203906385106086
28 1.620741195658727
28 1.194428765364344
28 1.457400485366196
28 1.584770667056939
28 1.265916119836909
28 3.053002623848727
28 1.587224658533690
28 2.294491911824474
28 1.453664029011835
28 0.897165220295599
28 2.041036801716229
28 0.738289773872951
28 0.828843910601275
28 0.925155422713496
28 1.505968430959375
28 1.660339839037539
28 3.050749169608869
28 1.720570189910275
28 1.831554415000517
28 1.521913215208955
28 1.694547236696724
28 1.469228094208218
28 1.505909222639775
28 1.551872049290964
28 2.173544547649964
28 1.879197903716729
28 1.865565608247853
28 0.855004897394558
28 1.920681525327277
28 2.778799995965578
28 1.249730088448390
28 2.003000671259965
28 3.141892406275777
28 1.108743942877129
28 1.329482616729692
28 1.363816962235215
28 1.982935429455067
28 1.186649614172595
28 1.536253339686104
28 0.971691208921849
28 1.734420662796992
28 1.110907907939822
28 1.675835581786286
28 1.358161929141268
28 2.073742926136586
28 2.537177982906687
28 1.640355389446730
28 1.776385936686917
28 1.445390190351605
28 1.680915026734874
28 1.402351871159736
28 0.944019600335965
28 2.084544708236710
28 2.052699889425559
28 1.110538578737364
28 1.531194068712911
28 1.191993251275533
28 2.320317454708092
28 1.314541496920756
28 1.512144342367486
28 1.656234767513589
28 1.354832468440832
28 1.396265714934903
28 1.159165029794626
28 2.036148095497285
28 1.231154622932983
28 1.239083326231242
28 1.586502705985144
28 2.011594480764025
28 1.428294269888659
28 1.141481424244600
28 2.278158249732398
28 1.945960781648000
28 1.013615252463477
28 0.888820285267467
28 1.163517643560393
28 2.074823459436227
28 0.976356961893885
28 2.043924905863514
28 1.299306994971827
28 1.911426436904903
28 1.816166462949082
28 1.653941696870624
28 1.333789467211912
28 1.719072004976592
28 2.382076370781398
28 1.677774250863218
28 1.825903727227075
28 0.996814958624213
28 1.394799958391525
28 1.572154418999275
28 1.542292301590128
28 1.941247276126259
28 0.981657811924433
28 1.526187792668891
28 1.706317484822819
28 3.244016241412161
28 2.293487765089849
28 1.583995425162479
28 1.224081563184406
28 1.375085429695381
28 1.540814393981648
28 1.830018807614427
28 1.321372675232542
28 1.611990052395222
28 2.285427813271965
28 1.347972872095045
28 2.229548936002900
28 3.016172169020629
28 1.441906579310170
28 1.575054064112671
28 1.028860426628406
28 1.744644158331533
28 1.400908352341388
28 1.637118411858570
28 1.894633379212015
28 2.943732457571171
28 1.238664584573173
28 1.152307212817616
28 2.336213772726405
28 1.447714506238325
28 1.389628501894971
28 1.435707872378466
28 1.408373888681102
28 1.246963020074439
28 2.485052508130658
28 0.945819543558812
28 2.804337421834102
28 1.023967380112567
28 2.089384134845102
28 2.918014436287730
28 0.725025499182352
28 2.130105265072667
28 1.639545810424365
28 1.581335252087005
28 2.330150498222958
28 1.336258066723230
28 1.991917877094366
28 1.473869154149579
28 1.025036090449351
28 3.091272955399096
28 0.966779280162667
28 1.205730182936525
28 1.219685387740688
28 1.017803470750560
28 1.606305711259338
28 2.050932283192212
28 1.381149961087289
28 2.391392798181772
28 1.795300502437854
28 1.797722019260378
28 2.464176403439211
28 2.183859126533776
28 1.885474379691118
28 1.506999549222413
28 1.058256260421327
28 1.471500629212571
28 2.239165116861594
28 1.100044616487518
28 2.515598697850916
28 2.753746395022762
28 1.963445236311153
28 1.289344932903089
28 1.723504268981484
28 1.535228176330127
28 1.320327115438652
28 1.600889150448190
28 1.213533922708927
28 1.677279823257485
28 1.563119557541024
28 1.139815431976067
28 1.872388218800544
28 2.228105136737695
28 1.941091714332853
28 1.592895147026226
28 1.357846859652316
28 1.547535862977369
28 0.990278960235904
28 1.670463274932133
28 0.971205880564264
28 1.283982858631119
28 1.764290876362235
28 1.591568084161644
28 2.111404018573304
28 1.864905954590221
28 1.430310299346729
28 1.512043162638525
28 1.988084323745017
28 2.046122812796621
28 1.905321008711506
28 2.782733243167304
28 2.127580909047343
28 1.930037910758996
28 0.989917451977670
28 2.675613699225188
28 1.870021725360699
28 3.676653637061023
28 1.297296311896763
28 1.217166206982160
28 2.801370734990046
28 1.810434224829068
28 1.269039658140364
28 1.789358255584457
28 2.630712061153824
28 2.080622450535296
28 1.688428089185434
28 1.358079886793269
28 1.853581920030880
28 1.507965480425068
28 1.468521656867106
28 1.715915398291738
28 1.017627394068318
28 2.801678259934651
28 1.258356069119930
28 1.366644123539046
28 1.133831259781057
28 1.045755456652643
28 1.691590411243199
28 2.453750879539619
28 1.844453028748451
28 2.055737937635903
28 1.084188619632382
28 1.517951836920907
28 1.991838427480576
28 1.201395153077927
28 2.972967606289586
28 1.244335439547438
28 2.085911413067884
28 1.651216633465320
28 1.450317252234899
28 2.118270395172082
28 1.343044105498401
28 2.031467502347698
28 1.531571207828317
28 2.188971826994985
28 2.623296034728018
28 1.720832417751204
28 1.364681539997292
28 1.295060944389713
28 1.201933971477504
28 0.734156313042454
28 1.257341105685390
28 1.316983376349601
28 1.485836495099679
28 1.165782873147417
28 2.068193592301896
28 2.235883046156032
28 2.046235215440110
28 2.043382435253645
28 1.684921576751025
28 1.923603542615549
28 1.509036548870449
28 2.040433915334807
28 1.069001400080063
28 1.842496649566447
28 0.851832553892008
28 1.978509520653366
28 1.987479812375681
28 1.663352200907384
28 1.243869625688696
28 1.079716512235085
28 1.926450573916936
28 1.559371978659334
28 2.004579655172678
28 3.897252965495181
28 1.523019146096268
28 2.623392452158531
28 1.492727035901455
28 1.753502059374431
28 2.627584811014070
28 1.457964475779184
28 1.669532847133464
28 1.123614987736518
28 1.515830770002599
28 1.590794022652268
28 1.137248442805385
28 1.079757387166496
28 1.917073016232157
28 1.570942998859966
28 2.176184984193954
28 0.820475559707225
28 2.752397258561511
28 1.626002338424748
28 2.813195360811043
28 1.817553382663922
28 1.302322537295707
28 1.668469782570210
28 2.071124851277978
28 1.279680255052312
28 1.596216943195223
28 1.913351822857339
28 1.420143249547302
28 1.280546628154347
28 0.990339885821527
28 2.198814165447232
28 1.621128087567439
28 2.028976958001670
28 0.939225670762402
28 1.888641364448846
28 1.087619479920974
28 1.337225513434544
28 3.241189925151411
28 1.585193581293996
28 1.806213885353669
28 2.117202307347236
28 1.247044852835251
28 1.375922546727169
28 1.394763196506563
28 1.154694319703258
28 1.869565419907008
28 0.963569063046836
28 1.326047008992942
28 2.017527057320636
28 0.916946281631674
28 2.329273954915128
28 1.179745168480792
28 1.605107584122785
28 1.521443373940494
28 2.982367075000070
28 1.285897126860922
28 1.535668068603305
28 2.464785332709381
28 1.408597702950526
28 2.215383178824484
28 1.364374270476577
28 1.220776773876470
28 0.989908934983450
28 1.404770489449181
28 1.501514526656719
28 1.000442493981410
28 1.212693527658358
28 2.216531381176522
28 1.293515256359814
28 1.747648712607034
28 1.708206598402746
28 1.714284963117247
28 1.698771482730705
28 2.787496629642852
28 1.680968492596729
28 1.817046295318857
28 0.977711555382759
28 2.306603188775127
28 3.841864136582022
28 1.517735840315716
28 2.174455899499935
28 1.482958022050251
28 2.008208226668110
28 1.050810455074644
28 1.689476759592223
28 1.198659852916720
28 1.137182497955004
28 1.652994756187569
28 1.603691228005602
28 1.568275707381082
28 1.117899734861050
28 2.042549246991276
28 1.499669867307553
28 1.568111770120606
28 0.899611812600001
28 2.301962233245392
28 2.968245031899145
28 1.856197895272614
28 1.145970483531531
28 1.655012411790617
28 0.993096472623656
28 1.090587036037069
28 1.616785274391300
28 1.707121372291873
28 2.730851572612083
28 1.835443682790614
28 5.396716010794941
28 1.676001236363086
28 1.473914645286643
28 1.793395406678898
28 1.853448985054539
28 1.421517765735022
28 2.238217879328452
28 1.302883108735470
28 0.921104183977639
28 1.736171196183327
28 1.810558836894981
28 2.867287019357972
28 2.760071660856898
28 1.904146824337613
28 1.882684953369760
28 2.997324595921146
28 1.988723454505023
28 1.537444208997577
28 2.142377160391507
28 1.224891069518868
28 1.280748436803870
28 2.007135173373308
28 1.025598739007689
28 1.629264763748307
28 1.808142725448340
28 1.449308646778913
28 1.010954589970288
28 1.331077905074994
28 0.941327748552462
28 2.510945739587926
28 0.965402364121222
28 1.362367431400312
28 2.412950083297906
28 1.829905411481916
28 1.758938505554281
28 1.335496695046666
28 1.147197104450421
28 1.538778935632168
28 2.280517297403619
28 3.387677477103058
28 2.896500064623410
28 2.437252824906563
28 1.612878359366503
28 1.845738491167779
28 2.747840326182138
28 1.235658673201675
28 2.307664537165659
28 1.976901385688864
28 1.680051782200615
28 1.048437122774286
28 1.654651129701542
28 2.022179911538265
28 2.139725009482985
28 1.927231425227121
34 2.753083703881216
34 2.072198414801730
34 3.501347348265389
34 2.767197271018682
34 1.473023122602932
34 5.476686129060419
34 2.649998835211195
34 3.532840271265802
34 1.831318068653680
34 3.642942464106355
34 2.990365428536669
34 4.431472650968708
34 3.635190181744379
34 3.210378752923133
34 3.281795280028486
34 3.048791188235719
34 8.100527142943466
34 4.121438824072491
34 2.436887232030765
34 2.445414294390919
34 5.698859683095488
34 4.809086023543881
34 4.708038688103624
34 3.917970399781623
34 3.764900114076412
34 6.544923754691018
34 2.125709942777655
34 2.815854640820092
34 2.849817025936654
34 2.442162848583682
34 4.059431138482066
34 4.691665588658611
34 4.119504978678981
34 1.527076059891344
34 3.292696219915817
34 2.795914380402944
34 2.870878653972117
34 5.779746169658277
34 3.525316170121901
34 3.124239658370531
34 3.216693282841042
34 5.504415810873367
34 5.466837813180772
34 3.453389800977679
34 3.133799247943743
34 5.748722633772210
34 2.865164506479878
34 3.024534319586530
34 4.283576783178479
34 2.229271285244404
34 5.095079230663822
34 2.470970393280281
34 5.670914562215266
34 2.944210402338030
34 2.979178753299198
34 1.824846249115786
34 4.975900513439669
34 4.469415504757789
34 8.993319313008207
34 6.980969962303673
34 3.773959811987969
34 6.367485806338625
34 2.037854549899243
34 4.172947362236806
34 2.143160649123776
34 4.888046027604847
34 2.228512111106637
34 2.679778907861756
34 3.922329324895187
34 3.444691943099093
34 4.015190545662214
34 5.273482147173227
34 3.590241536834757
34 1.757524055386634
34 7.527651347685356
34 2.141304945381394
34 2.990878163375415
34 2.754828552134084
34 3.210493689070809
34 5.412043365297038
34 7.524201514928929
34 4.718974224740863
34 3.377061425273864
34 5.944813974468948
34 5.621231231259148
34 2.933325781546538
34 5.036933375947330
34 3.497579360997079
34 5.616630653283631
34 3.164266499275365
34 2.480572841125560
34 3.589430094467978
34 5.483989055253825
34 5.793271666844466
34 3.785964117116798
34 2.842892840284909
34 3.882989697530253
34 5.534714353944128
34 2.261191156649109
34 3.499185442721267
34 2.270894443125816
34 2.775649696405182
34 2.383263821431934
34 4.991027853581257
34 4.825766952723923
34 4.640872965391526
34 2.327898182161342
34 3.527826602277672
34 4.581232047548294
34 7.516219346522750
34 4.547304905386481
34 2.695207856504133
34 2.206556668398212
34 2.416842078617393
34 4.514632973345745
34 2.819624589397522
34 3.812281595367029
34 1.972040788694715
34 2.909445259077895
34 3.454284391107185
34 3.318559882520802
34 2.804981749124107
34 4.138658653761482
34 3.649599089530680
34 3.266208470095793
34 7.045517465221025
34 5.130320542497482
34 6.897804991927068
34 6.912919797607374
34 4.205344764016080
34 3.264855891912226
34 4.875915209743956
34 3.991869152116688
34 4.443434226331457
34 2.645242014196550
34 2.933288114134133
34 6.404407584545315
34 2.068449073441966
34 4.516412625279862
34 3.820537460357992
34 5.327194837551612
34 3.509497896251188
34 4.092007044566612
34 2.572183693932669
34 4.183609828116912
34 4.458782286771799
34 3.950869848508235
34 4.204267157410447
34 6.649372095716397
34 3.875899864040747
34 3.795692411358683
34 2.477554587253881
34 1.849193877091799
34 1.949714955438941
34 4.245825413769250
34 4.473800839544209
34 2.438021897205497
34 4.439057726844231
34 2.466517966485041
34 2.615281654646128
34 7.410572446654641
34 4.221416702328316
34 3.285569238505928
34 2.715876652386845
34 3.157836068352243
34 4.164861208605208
34 3.056638358636730
34 3.030624787773521
34 4.633884138115996
34 3.913476519763207
34 4.889630555886133
34 4.551289208861457
34 2.841507293036920
34 3.828620567520944
34 4.117641947913274
34 3.016516243717736
34 4.327546828255856
34 4.210808599072060
34 1.978031153227846
34 4.638598919062079
34 4.724112662894336
34 5.161521510927746
34 2.637859096580805
34 2.154260637118989
34 3.882662529920635
34 6.763924341417676
34 3.506196067140188
34 4.069213886265528
34 3.151863683564345
34 5.085168317713701
34 1.759595353309344
34 4.656490758299597
34 3.083970054466049
34 6.289669577963263
34 2.024843144017296
34 5.070771368193382
34 4.521684468610892
34 8.075069446104328
34 3.627737345295841
34 2.047065126093035
34 3.153544566996287
34 4.841137442128534
34 3.523369776359122
34 3.017399820708103
34 4.344761294638319
34 2.513298225495715
34 2.453714471687793
34 2.813913028727940
34 6.408731388012763
34 2.031185207620381
34 2.635834163050311
34 2.150297037153617
34 2.862158442321494
34 3.849920807152930
34 2.608385141030451
34 4.081825952696815
34 5.322076286049900
34 4.955790303319921
34 4.147664912495656
34 4.174491325280978
34 2.719108919659768
34 3.422615464113357
34 4.049287325408848
34 3.812254587816089
34 3.435823305524050
34 4.782700788955517
34 5.118350640041628
34 6.846545867642956
34 4.435430111871351
34 4.822582472247070
34 4.641915012198824
34 5.154595722911756
34 2.904553036830783
34 6.320046401612807
34 3.509469934237287
34 3.369502189956425
34 3.056888872511254
34 5.787816146747866
34 3.509638837780842
34 3.694755667282280
34 3.771500551055168
34 2.400448324439098
34 2.544002270576111
34 3.075647542946911
34 2.556485961847544
34 4.336921604945512
34 3.528812183691272
34 4.432848732831458
34 4.606598209777020
34 3.397515290156633
34 4.016076579199958
34 2.210610959203974
34 2.179104049809403
34 3.985676767197769
34 4.251559724383400
34 4.202298052664140
34 3.339601300679430
34 2.588117719090159
34 3.222076549886028
34 2.860228725161595
34 3.115710908045543
34 4.522040683630857
34 2.594399811484380
34 3.533927916505886
34 2.824360599837042
34 3.773159124142143
34 2.586802290263334
34 4.206766854351304
34 4.504298088083937
34 3.290099878336513
34 3.104187421696475
34 2.070291266818063
34 3.176806189882912
34 3.384439070303178
34 2.702132178578183
34 2.442219173007277
34 5.396304734365462
34 4.269200549383010
34 3.939147047662937
34 3.541638403755874
34 3.696170551096168
34 3.341146845788298
34 4.551652731679204
34 6.509365381634770
34 3.934044406265976
34 5.688929011794209
34 2.408326990152346
34 3.921835076428204
34 2.490568296028159
34 3.190912436838945
34 3.369099800288977
34 2.384984738729735
34 3.908096791215537
34 6.958876490447972
34 3.894660780400740
34 4.104164300841175
34 4.562354033204008
34 5.218119095539877
34 3.369259027151196
34 5.329259281580747
34 7.261940915405200
34 4.052819538692814
34 3.837861348090060
34 2.216483921221422
34 7.922194935633288
34 7.879047533552388
34 5.675706629340661
34 3.297554886237109
34 4.734709588476717
34 3.039097337468095
34 3.009534909035340
34 4.550822489731808
34 4.334121839267017
34 4.409436378994700
34 4.166322339311240
34 2.428217676047105
34 2.774575144381267
34 4.747622946089082
34 5.353440738405492
34 5.903716196117713
34 2.167988723229640
34 7.336315112156533
34 2.328344943721100
34 2.419358371398339
34 3.523887345105220
34 3.499865082780468
34 3.662206957169906
34 3.555973514472196
34 4.964305679561024
34 5.869121150166338
34 2.964190655611199
34 5.340818998616734
34 4.847066864310499
34 3.038431003978594
34 3.484095450846012
34 3.164020554053538
34 4.915672303615024
34 4.651025298828552
34 2.938284431949779
34 3.598322553917233
34 2.312432848978731
34 3.140141898357264
34 2.195516151617688
34 2.523817298363828
34 3.271438712504450
34 3.478201953103062
34 3.638041717531473
34 2.930955017285132
34 3.190234693339292
34 2.658262140672367
34 3.245120223904383
34 3.293929644789139
34 4.032709443502794
34 5.874745332405353
34 3.789548886535242
34 2.172539617664964
34 5.348050114912009
34 5.076245229698890
34 4.237172739285891
34 6.656864967521281
34 1.993980486189174
34 4.089957242054891
34 2.746125822741526
34 5.803872096333810
34 3.244379019277798
34 6.875790525467818
34 5.082674573379713
34 2.662324828489334
34 3.785124711080027
34 2.475557612192459
34 3.470037100382368
34 2.530280073447987
34 4.727344448166041
34 2.463697363040930
34 3.854327565726581
34 2.782619039764315
34 2.854088569187572
34 3.525412492892050
34 2.861410079850674
34 2.534677603855341
34 5.934361156479859
34 5.566375423279997
34 3.923255161243310
34 2.591214605050953
34 3.193553028500544
34 3.687105034700957
34 3.297850335300943
34 1.851904571176081
34 5.957931642851238
34 5.510085479717666
34 3.054546073913754
34 3.756716340326372
34 4.264593465125209
34 1.865283426732211
34 3.193988865461126
34 4.744047300027707
34 2.042550056884071
34 2.608365588008198
34 2.982339472888956
34 2.854993138654354
34 3.070774588583311
34 5.742554203856669
34 4.198077439938263
34 3.953178286455640
34 1.960726890890817
34 4.733334547585710
34 3.585482506513256
34 3.685244988056582
34 3.545235165367727
34 4.770083517436597
34 4.155192987610047
34 4.103793082182579
34 3.666208852834458
34 2.330695774959719
34 3.884512737570119
34 3.931205927911742
34 2.456031069492965
34 4.300714329519742
34 3.036047593072873
34 1.901629038997357
34 4.670115336452684
34 3.906343246246793
34 4.541789346846706
34 4.573877315737644
34 1.993084668808227
34 2.942088186438083
34 3.792435311062989
34 1.923780059889038
34 5.283395530784460
34 2.938166070570380
34 2.209824693954120
34 8.435165737565674
34 6.646617274158831
34 3.926378061121475
34 3.785899648641693
34 2.483111445822483
34 6.317906619755686
34 3.299779820124315
34 2.919176840153053
34 3.696684084357171
34 3.076610150332213
34 7.057272260937318
34 4.491318130426969
34 2.319189508225654
34 4.301518832364782
34 3.593805179482509
34 2.835307078673372
34 2.153948436353921
34 4.458812672937017
34 3.839848720044492
34 4.904598229096807
34 3.120980905438080
34 5.672227675561652
34 5.237678666612139
34 2.189152128480523
34 3.093639037094565
34 2.867927776225947
34 4.450177970687307
34 3.862875297657152
34 3.070964920206789
34 4.015685092350783
34 4.895317901866911
34 3.644300997125213
34 3.568415500199801
34 2.693022526596165
34 3.001010985543327
34 3.863694336414551
34 2.871590453750344
34 4.130895339948516
34 3.577174825868467
34 5.036367691707071
34 2.927817145404456
34 5.189904532096698
34 3.730199199237672
34 5.842411508351610
34 1.968706548850822
34 2.264567124225693
34 4.462386473263735
34 6.803917894970692
34 3.767029570520531
34 2.495917913516557
34 5.427409588004549
34 5.949428983616341
34 3.257917546620253
34 5.244816103222102
34 2.444858843976758
34 3.183641482722808
34 2.917560125370256
34 2.475449835078303
34 5.714521942784457
34 3.574803944621350
34 4.109161468779632
34 2.443944311807295
34 5.409391404251623
34 3.221030705023940
34 4.930789419158504
34 2.805453464332990
34 4.241672720361133
34 4.062354688439951
34 3.279913844478898
40 5.238982360857237
40 4.153000677662748
40 10.390345425604291
40 7.105880999146322
40 6.366499076480848
40 9.399758842639487
40 7.299191891287021
40 4.341436695403788
40 7.100345896646353
40 4.885923037972963
40 9.839660964309546
40 5.751624747228727
40 9.865702634450624
40 6.893205611664426
40 7.517461247664418
40 7.691498258755132
40 7.763697712158906
40 5.953586773077095
40 6.248374268505316
40 7.708245537433081
40 5.120982639694107
40 7.739498891663533
40 8.168714425064660
40 6.149448126609979
40 10.182717971617128
40 7.251482591741055
40 10.222962136116506
40 10.264372868533615
40 5.587605426439606
40 8.868874649217982
40 10.944115635841747
40 4.916426307583100
40 4.317385189667197
40 15.219556741143945
40 10.323430567486001
40 9.400023977830397
40 10.430822138727624
40 5.886154543020274
40 9.249289537050604
40 7.556228639320928
40 7.584489136296057
40 12.537392125456943
40 4.302884817827069
40 6.175946015677594
40 7.946243509542534
40 4.942740690057217
40 7.352339148227790
40 9.331659952853435
40 4.907456136575716
40 7.808953388975036
40 7.241080213287518
40 5.983472351892702
40 5.197919061586564
40 6.823044499499424
40 10.846351752175506
40 8.676777787825927
40 8.733571055127673
40 8.987658432523014
40 9.288431094970974
40 14.451721010296257
40 4.475465021256836
40 4.606780250681815
40 5.271979042293797
40 7.224899991363039
40 6.956119067261314
40 8.744809994772826
40 8.032246232412813
40 6.708960162937537
40 5.935011764516181
40 5.157468255174384
40 5.331978011299970
40 7.774391167107372
40 6.756600886156800
40 5.966717238796245
40 6.423222835349154
40 4.786196364978903
40 5.979878530423839
40 9.199155702221542
40 7.917994520092854
40 8.963070794497922
40 4.035148189611947
40 7.614558802309379
40 8.142320403254258
40 3.560169342982198
40 5.370586819175664
40 11.201313630166894
40 8.175660451126280
40 9.354798603388655
40 7.353024400916409
40 10.495457539654634
40 4.959787066767437
40 6.992027668608067
40 6.990970795924661
40 6.271347407908651
40 3.620525703228580
40 7.654954445799376
40 8.706769505050959
40 8.126162613394474
40 8.355215087335385
40 11.315837475895899
40 8.119177193000649
40 4.586101015211772
40 4.963749901944308
40 8.259207268637001
40 16.103727782339526
40 7.460065788602021
40 3.766282014500341
40 10.040392015464196
40 6.907417389909099
40 8.064998898927975
40 8.075964178562055
40 10.346081682100802
40 4.515845106475283
40 6.945215084274825
40 6.696839752944518
40 6.244904781502354
40 8.878639798181732
40 10.468955144205824
40 5.793393798828392
40 9.070287546415591
40 7.472949620229686
40 8.821763670883101
40 13.373518733342003
40 5.448219610214254
40 8.633473155046893
40 7.031284396885033
40 8.891973584857096
40 10.203680484457227
40 6.595891058693711
40 7.420382707998880
40 8.389322810187902
40 4.407162702701568
40 5.606112653450861
40 7.632769107184773
40 8.236213907465951
40 5.681683957915487
40 10.306621649054117
40 3.757603651993626
40 10.170771094669572
40 5.525308810279322
40 7.563474951483006
40 9.196968124783167
40 7.566947347739808
40 5.700264359054822
40 17.040942644481330
40 7.308543330492295
40 7.874261675950393
40 4.149002595282688
40 8.043334523129118
40 5.358380697467455
40 5.985838938662299
40 6.463496925132493
40 5.064822232997536
40 7.621145265858164
40 6.870597303126570
40 7.199859217303306
40 7.851439234516917
40 6.663187924249298
40 9.570899214574718
40 11.923176119125905
40 9.766271946785970
40 4.465470081603652
40 3.217037169341164
40 10.264211382401681
40 10.262244464240018
40 6.164073612243275
40 5.448103922259159
40 7.573402805848002
40 7.851899764522619
40 12.086880323851156
40 10.149375168536675
40 4.989772418943375
40 9.146523929986738
40 11.504326785688066
40 9.101790089449404
40 7.296094393928788
40 7.581898332660930
40 8.401678217755137
40 9.112011963503820
40 9.609168049951107
40 9.446041120499686
40 9.547100786912321
40 4.604607798888605
40 8.899173987100939
40 6.205470085270360
40 9.881461888087108
40 7.676346827728549
40 7.962600900239218
40 3.989199467895004
40 9.857018148485089
40 7.952692569709582
40 9.516489449510594
40 8.220173478232896
40 8.175102469541651
40 6.348882008607381
40 6.983230879854991
40 8.057118323935482
40 8.294784742275281
40 10.676337164762234
40 7.211537990683988
40 7.610903575656840
40 4.458828788465812
40 10.260910089969737
40 5.557463202693617
40 6.400729918967379
40 4.789892316355706
40 7.424712760174273
40 4.592498223398873
40 11.497629813778698
40 7.724843453219938
40 7.180203748055708
40 8.584976110259300
40 6.261986809379811
40 8.385725231227177
40 8.452117610715472
40 10.010947747407362
40 8.424090760732144
40 8.396891484558759
40 9.855970923206764
40 6.373423431522536
40 8.835031864487704
40 8.921481089562056
40 8.850417288032562
40 8.371137822435294
40 6.767891564150791
40 7.469744726349345
40 14.179004227658796
40 8.799888675189244
40 8.573517962232351
40 9.503595176292821
40 5.165225511266783
40 11.320193666418696
40 7.328696397556975
40 9.272408771825422
40 11.457606805750252
40 11.393523253364318
40 5.951753051152586
40 10.593275843936292
40 8.480230970886989
40 5.607922011439141
40 6.631731541753274
40 12.445919665912646
40 4.600503782042905
40 10.164766347606726
40 5.025982188595036
40 4.640224118148852
40 10.214986671629676
40 8.576367954553159
40 6.858043707858302
40 11.356626989421096
40 5.534617772286727
40 7.355574811530488
40 4.489107427923512
40 7.138545054646794
40 4.256391211954922
40 7.145213989475042
40 8.728080237550989
40 5.755393304467444
40 6.405866890442020
40 5.633711173274737
40 10.728606549555785
40 12.890801145808506
40 14.084466383184996
40 4.320376999292952
40 11.344438713702866
40 6.839445056591932
40 6.062687730483150
40 5.111980663964097
40 3.672463972608000
40 12.460585621945695
40 4.755278501051412
40 9.482951612124726
40 6.017637617961974
40 9.836564075551397
40 9.126292211487595
40 7.082813917983954
40 6.452325633879672
40 12.001749398825059
40 11.426637593515698
40 11.595963957132758
40 6.316497548278962
40 6.423839733698825
40 7.115559474861702
40 5.320200393273860
40 7.816605521456249
40 8.700687106319096
40 7.861081763955866
40 4.072483681785011
40 8.353399073872886
40 5.412321614935886
40 11.142782190355847
40 5.278875181759497
40 7.255064471692405
40 4.132213231663266
40 8.166097092699696
40 9.553966085138857
40 10.984808343958417
40 6.906486018156583
40 11.177295251497203
40 8.391919559885544
40 10.407007274860986
40 7.499924457615601
40 7.438762715871070
40 8.034958160549261
40 4.121442384390078
40 3.841310015895644
40 6.662993293509507
40 8.064396596001746
40 8.491520370829328
40 13.102484016628621
40 5.416223043969333
40 4.519521752377344
40 5.256960691310454
40 4.382118493750033
40 4.355210616768973
40 10.612213644317270
40 6.840674429998323
40 8.063378783280143
40 6.083974465438132
40 7.427797595618295
40 4.005439238981216
40 9.277584954839051
40 17.184594886680195
40 5.440002400201380
40 5.085000163132547
40 10.269041878739699
40 4.520239608734046
40 5.856432544454877
40 9.072548451273818
40 8.580296363561805
40 10.023097532782844
40 8.146992274428762
40 7.540752700177668
40 5.302437989037181
40 7.493620447525304
40 5.037485360544082
40 5.982849733580300
40 7.445661799866452
40 8.894651143292734
40 6.944581900232189
40 5.520267326252744
40 7.244988484526864
40 11.687683743221664
40 7.069724168995918
40 5.937363073724724
40 6.897196904482696
40 6.900424782082843
40 9.955279194700989
40 9.398726378248785
40 15.451629888733327
40 5.932027398383029
40 7.436470150733495
40 5.891889756744879
40 7.896765713008452
40 3.206741088574295
40 5.066475792578803
40 7.127995119203959
40 8.717811963194661
40 4.009679173449335
40 12.279210015838489
40 7.431835131451336
40 8.713738621554434
40 11.275231304927072
40 11.220550648856623
40 7.192924336921507
40 9.080607260605724
40 7.368854827905658
40 5.808099030807732
40 6.771743989269299
40 17.300831249422579
40 5.896917871248930
40 5.987837935058061
40 6.418581834607470
40 6.512624829787089
40 11.099441060991515
40 6.794656931822042
40 4.512032608984047
40 6.031323779069963
40 8.181915733502496
40 5.597151172406663
40 7.098509053538711
40 5.188571785454396
40 7.977014218674771
40 12.697264254946996
40 6.176039948476951
40 7.650630708792800
40 5.506758229691654
40 12.597198803980922
40 3.583852256944293
40 7.053366597465516
40 7.233830527350376
40 9.482055702108521
40 6.162889948516606
40 4.340909262395444
40 14.718282170783930
40 5.331423601509279
40 6.713694726576326
40 7.557780931838477
40 4.515425296137158
40 5.727245922126427
40 8.630341325806990
40 8.022764314730082
40 8.403487909351947
40 4.778816459205794
40 5.711214698640466
40 8.404560893072169
40 6.782246108719614
40 6.615559800561099
40 9.925175643895640
40 5.987135527759589
40 4.364749244434474
40 13.172533800103832
40 13.941486543776067
40 10.487046179987068
40 5.803240516415149
40 5.347605123753763
40 7.412707586243044
40 13.086503089034450
40 14.641828604410977
40 6.156893751369776
40 5.102268855095383
40 9.836790729037965
40 9.280895926926782
40 7.712967933721917
40 6.176302059953536
40 4.211184926205311
40 11.033640044451667
40 8.994106443502007
40 14.707093031380907
40 8.877049628952033
40 11.876531347152557
40 5.993503780470155
40 4.426453626289069
40 8.136134078800918
40 6.626260388018046
40 8.502136256230120
40 9.929940855758852
40 8.656877808021379
40 6.464937848766183
40 5.929257137656862
40 9.855741367669424
40 5.329567837208129
40 6.276403014067125
40 4.336773095615516
40 6.919054448458365
40 6.481940577803067
40 5.318819577642423
40 3.420002936647636
40 4.726236432231698
40 15.207067366871469
40 5.133198368420777
40 5.228870449076359
40 10.668073776025382
40 6.189685086364888
40 6.229822642036625
40 4.810374726335981
40 8.523466496652158
40 11.578550245566433
40 6.155014194183372
40 5.434240164362809
40 8.985080622758014
40 7.496015103376048
40 6.342200641359633
40 7.521991477954723
40 8.125520817046528
40 9.269822321449750
40 5.378110206542374
40 7.495728592027010
40 11.113924676639353
40 7.097213476581599
40 5.601887853676983
40 6.798579950142450
40 5.158148098925867
40 3.984162993861574
40 9.283254965262778
40 3.584054397374396
40 8.552688586165575
40 9.390306094431011
40 13.229408317601081
40 5.964950509245421
40 8.559548349080062
40 3.510019959675406
40 8.393099378122276
40 8.782486157431386
40 5.467060605595346
40 6.405178759341590
40 5.641348107840304
40 7.559370693907095
40 8.159291229874619
40 9.292308936981131
40 7.192653111345987
40 7.102415997373377
40 6.346172639137219
40 8.671760028518648
40 7.244469378017687
40 9.408908355269389
40 7.798926273202937
40 4.290706637293933
40 8.102733561191775
40 8.476495887669774
46 18.576531240007917
46 10.153230984148024
46 12.029970221576209
46 16.456052885271241
46 13.092877853744715
46 24.753486852470960
46 11.775008041102156
46 15.325121803861862
46 12.398862021175958
46 11.325107734888878
46 11.081281496050188
46 18.455519582843632
46 10.950427469135796
46 12.337137633796329
46 7.776250802115278
46 22.790666892048232
46 12.554499187162861
46 24.392766956430911
46 13.709242961697377
46 24.211104921605955
46 11.051501312394624
46 13.394458497050287
46 12.916541083323319
46 12.057532797568715
46 10.172971527759024
46 10.038140389365957
46 13.397906254253522
46 13.376365839503588
46 13.410497940870691
46 22.792395861611453
46 9.386399095745130
46 19.072202040121763
46 10.146956655853888
46 12.481979071552541
46 9.597512470150253
46 12.244843876171540
46 15.295698726525789
46 12.183855323062108
46 13.150126221563706
46 10.065085381194042
46 12.230301097080845
46 10.794622555583596
46 17.846315149826413
46 20.157713068822144
46 18.352742195994878
46 13.488085948873536
46 15.286321292540148
46 9.944647857466780
46 16.506148046271555
46 19.436908614121805
46 13.687311537975882
46 15.646338306203669
46 11.326246429558346
46 24.007618906934830
46 11.776637293225143
46 10.873147240182718
46 15.911038099343262
46 9.422408066445954
46 9.326619407926652
46 11.842894916467596
46 8.863300663231332
46 9.449510991334002
46 12.106662592796464
46 17.025032167953441
46 7.844834365015908
46 13.215499083669759
46 13.678340332524076
46 16.246816991417347
46 12.668549327665888
46 13.831653102133242
46 8.787512388357392
46 13.410481302595706
46 7.446931565908658
46 14.193050444640845
46 12.311956469162171
46 9.648015985056844
46 11.062585186530775
46 22.791152446995724
46 17.289937812793188
46 7.581495710414574
46 16.201736922326596
46 18.374154696765093
46 12.073987647809485
46 8.708752747437362
46 10.837599329765357
46 7.494906332369152
46 12.561357821631667
46 14.009172222069893
46 11.767371778584323
46 11.039155680402988
46 16.893848830359655
46 16.969298659382922
46 16.194136225166904
46 21.782544280165109
46 13.552954328017798
46 13.165542881985608
46 15.307730281457163
46 16.882308678739033
46 13.788658709839957
46 18.711607088775168
46 8.234392421718253
46 15.265215561271464
46 11.594298075739651
46 14.759252972718745
46 18.454588210519891
46 13.906703309350142
46 24.295684219735222
46 14.610941432883450
46 12.448730048939719
46 13.361365954935085
46 8.842654684637655
46 10.285172757656872
46 13.850278037646810
46 13.684481616230954
46 10.962060116041133
46 8.463890891301638
46 11.759898990859215
46 11.398976650152690
46 8.510619311521177
46 10.971397927176682
46 15.212934416657333
46 13.331848413625197
46 24.654472759411821
46 7.415038499905865
46 15.812699485199524
46 10.829044024214504
46 14.946330044175909
46 9.372219083578454
46 9.174052349028118
46 18.384012966485198
46 10.650703483715192
46 10.047264558588656
46 11.125672450565613
46 9.894561226812158
46 19.532289362308905
46 17.383116680272579
46 17.482901111442505
46 12.703831375098817
46 13.631825466692669
46 12.565881688118090
46 13.819616641527208
46 10.649075473590397
46 18.896053325670831
46 9.001592461432162
46 22.524660804262940
46 19.716542910062106
46 12.954218073909122
46 13.574200207973785
46 11.900197836554423
46 13.009588022939418
46 13.732174751624720
46 9.015938886793192
46 11.374182904188629
46 13.198889685551386
46 9.346972518627172
46 13.328893887993932
46 19.167730190196263
46 13.442082618489797
46 18.001249480913362
46 16.506355936639086
46 12.693644874624169
46 11.853261603152877
46 11.773241874878051
46 14.788147634909603
46 6.761956064091709
46 15.024920118094620
46 16.185868554022921
46 13.253550092993681
46 15.109222908217731
46 21.114561296483028
46 8.983691981834266
46 17.906063739391147
46 11.338064790145070
46 15.774173723457142
46 10.186961285273950
46 11.004314769549721
46 9.009846693544805
46 19.707914460915923
46 7.013715370761121
46 9.317810011972355
46 20.429509819930416
46 9.673742133237109
46 6.311973537410140
46 11.364496898278475
46 15.498129427208266
46 18.904225366325711
46 15.869242911265747
46 15.778713909839929
46 7.649674721787791
46 13.331648521696575
46 8.732695028193074
46 10.586250530189925
46 14.208790844905121
46 16.578131619731646
46 13.172537037989569
46 10.233721339750863
46 12.512731531453612
46 19.925080715610825
46 12.464055580129891
46 18.149747521028640
46 11.048855891249209
46 11.580844230815096
46 9.257190177492316
46 13.093822498298671
46 10.205128884660562
46 14.478957050709065
46 8.288972689514548
46 13.580128546288982
46 12.474490384019960
46 10.732479477703727
46 8.572465690675035
46 9.056216020642733
46 11.056742601784102
46 18.968950717842723
46 11.557248244392252
46 10.098945111586380
46 9.140787306494456
46 27.629720411122982
46 18.720763072447330
46 21.429648918636232
46 16.763768856002962
46 13.517233026891542
46 22.894891667477467
46 9.317844735618451
46 10.280353817534749
46 12.810706120980038
46 10.937283656873255
46 10.544724826115131
46 15.383620493100754
46 10.317631549376767
46 13.179503879671902
46 10.615487429173900
46 10.659421392337006
46 14.261774399411738
46 14.068432315187339
46 14.556836847097966
46 9.743550851531456
46 19.633569937750384
46 11.846495819111489
46 15.375009001456952
46 11.795318268162827
46 9.254623628305499
46 22.349542438669339
46 16.211717458913583
46 11.100618448390271
46 10.638563558074118
46 19.850167431850792
46 14.866524338772049
46 25.600892886271886
46 19.775382730132968
46 9.280337443873796
46 21.644535394736522
46 24.102324392277666
46 15.723127116464351
46 10.754425714283038
46 18.163036016578825
46 9.884311611837280
46 7.669201668595237
46 9.749494885821978
46 11.256134447124602
46 22.270308729162089
46 12.809205935704949
46 12.888051279827266
46 17.714641911860078
46 12.431833834757921
46 8.685755194341120
46 8.434791760627503
46 13.246717901831243
46 20.937891266305787
46 16.144958492333423
46 8.911005202957837
46 23.231901085269314
46 8.215377789927894
46 21.846127107993691
46 13.901778913620101
46 9.180082406130687
46 7.765876003267899
46 21.071445163070820
46 15.794695393703410
46 10.504747933733887
46 16.088140982139528
46 12.355794789196722
46 15.408415898957294
46 14.396094687716783
46 10.141653251475018
46 15.264017830975053
46 12.499739519354369
46 13.460009128253066
46 12.663958169320370
46 11.610719288262002
46 13.093173769924004
46 13.958876451646685
46 15.942583991009677
46 11.288232905804744
46 14.764805331464760
46 9.191353697593451
46 15.779005648998933
46 19.191170622084680
46 11.681076150264207
46 17.685618436419418
46 22.513018007328736
46 9.174727689726062
46 17.750945882813706
46 15.565969344654881
46 10.523743163545010
46 10.356480263875856
46 7.698724652789199
46 17.923955875026671
46 11.488885329962173
46 13.439853202870520
46 11.644628568201146
46 8.841571333101310
46 7.518859750010636
46 15.144783596175046
46 15.158629873136682
46 17.104422314557631
46 20.936807044109386
46 9.286050255907462
46 8.921191679528624
46 13.927860492765916
46 16.247479864747067
46 18.206381851823465
46 17.543828212456592
46 18.930986069952446
46 19.072182410528207
46 21.788291919164621
46 21.499994829344775
46 19.473700363094622
46 10.833366274279177
46 10.624626642287140
46 10.584362671980209
46 12.436668972732480
46 23.992682991465628
46 19.825238660271427
46 9.920193436676456
46 13.036832904234466
46 21.268670912081831
46 14.877581746159107
46 20.379316339481839
46 10.103983887956964
46 10.523157175547269
46 12.429177408802929
46 15.003613070125557
46 11.317337067437718
46 20.412840856995764
46 26.422187727758502
46 16.940740631926278
46 17.796148397232031
46 9.732494985776686
46 22.343193721021137
46 9.223849410968652
46 16.187116549769058
46 8.175076851691355
46 23.776044705647283
46 10.893752729476740
46 13.874070364039333
46 16.652399180993743
46 14.553537078895083
46 14.185069751668685
46 12.582728294870542
46 15.567011797408941
46 16.476081818001134
46 16.236343319063373
46 7.526471452324114
46 19.790006015852132
46 18.985147854746501
46 14.004780761499735
46 18.219678898299509
46 15.233643447917814
46 14.202527030498551
46 7.747821746780808
46 8.180646037897244
46 6.944355525193310
46 21.380789474921290
46 8.081643591738100
46 8.928334449997536
46 24.105874942710425
46 22.812131572899286
46 20.607395179336429
46 12.677612022618202
46 16.840258244707080
46 11.887493871337552
46 25.237446734688682
46 10.206924565594850
46 6.769912246575903
46 16.808476455622269
46 15.806852472563556
46 9.200309528170560
46 22.718972294996828
46 7.996490800828601
46 19.618974408877285
46 12.088780822740382
46 13.342730369088168
46 12.180711687972742
46 20.839492893898601
46 13.266976661403477
46 13.484338114588855
46 13.485105490193337
46 13.408406445340850
46 10.377987641458301
46 8.408576664084219
46 12.732923704128396
46 15.419110322590017
46 9.457324154438979
46 15.813502362252137
46 7.307552509349246
46 19.168064630272568
46 15.304208887532354
46 18.225388252429291
46 12.651763643968728
46 12.762369603240156
46 14.937212851452013
46 14.769177863329430
46 20.280360270842305
46 16.138185495734700
46 6.399993128378887
46 21.391767012228591
46 14.016141212949737
46 14.874151482245132
46 8.520679319963488
46 18.037680767223300
46 15.273479480568490
46 9.441259805311180
46 12.888174331034751
46 13.189605747076516
46 10.418116802876320
46 13.213735947182252
46 11.539878747846476
46 15.322164017128268
46 20.643670616816785
46 12.807543429711572
46 5.813371192541119
46 12.768614793353048
46 18.009541058599474
46 13.797570156724980
46 21.236000257295125
46 18.412518568646064
46 17.150834019753269
46 11.138330814999705
46 13.806596999573582
46 14.561567201814187
46 7.361832251027894
46 17.935128061419981
46 18.423117067902936
46 14.306170691885910
46 18.199735600442079
46 9.954471869433887
46 15.182466278536525
46 15.020496959640264
46 10.133395244296555
46 19.611911264445546
46 12.543189090702491
46 6.357107695343578
46 12.851520080248765
46 14.222044826465060
46 12.648063702889356
46 10.251637427553899
46 17.573570289427501
46 14.112147065739610
46 13.215185942148221
46 21.870070104557321
46 12.321785107742185
46 14.103463018625551
46 15.020145703520495
46 19.205770574909838
46 11.179850985344457
46 20.859430255784240
46 13.046904271597073
46 21.766614828541414
46 15.132635380693729
46 10.540463752761385
46 16.990492033734917
46 10.439098580633072
46 10.805382109520593
46 12.627681998550258
46 17.258909611968917
46 11.584315585836588
46 12.236487682767294
46 12.974259728955019
46 10.542956406938053
46 15.391139091820076
46 13.744199625452115
46 14.197516241526017
46 8.041895681902012
46 14.970282672882224
46 10.810835232954156
46 11.241026149588732
46 12.080425419478118
46 12.327852486711112
46 15.756581311326332
46 8.964382823526392
46 11.847968351655794
46 9.901991648993967
46 19.858321522669151
46 11.015256872281499
46 7.378621962152247
46 14.690617238101256
46 24.262975191065355
46 18.429479149274194
46 14.363830680487425
