10 0.012484819777979
10 0.025521714729465
10 0.015251735265200
10 0.032663203750437
10 0.017910866073966
10 0.014069357663918
10 0.012915912576496
10 0.011599797317624
10 0.019914150224525
10 0.018200391825862
10 0.021160665699521
10 0.024764707356211
10 0.014764957632598
10 0.027998370678492
10 0.011826618379317
10 0.011345894451478
10 0.023525810704396
10 0.021314685752617
10 0.029221889203484
10 0.010329117085950
10 0.018791369228339
10 0.025686526738901
10 0.027165743012270
10 0.017709189152535
10 0.013018829953370
10 0.010864246739463
10 0.022700052616191
10 0.016756357211710
10 0.029064277544956
10 0.012393303005443
10 0.009095713807605
10 0.014168933203773
10 0.031183140037135
10 0.015203822358778
10 0.014376242268471
10 0.026117833266283
10 0.012298156435986
10 0.023021740254772
10 0.011771497147726
10 0.020418470647134
10 0.019688014309603
10 0.017566751971264
10 0.013595559637059
10 0.011549822326070
10 0.052915248030974
10 0.023228359330324
10 0.022234069055611
10 0.021415241300872
10 0.012551470086141
10 0.021003060984557
10 0.018388006720074
10 0.010898288511484
10 0.018108189478616
10 0.018206731597420
10 0.022836499284590
10 0.016185113639233
10 0.029038148487830
10 0.018326594973522
10 0.016402576791922
10 0.012074533488019
10 0.025931026999645
10 0.025217198944004
10 0.012946265368274
10 0.011699554374033
10 0.023231262149260
10 0.021141046532788
10 0.023547179803457
10 0.020276108260069
10 0.011184186400720
10 0.025074780993715
10 0.023053569554053
10 0.018874368479775
10 0.020887281900605
10 0.008240560295406
10 0.023600380910303
10 0.020789323462861
10 0.017920424200324
10 0.018446688247908
10 0.018373883157127
10 0.013138510055717
10 0.013534138843247
10 0.020277075075742
10 0.018047314965817
10 0.035195300870992
10 0.020241690533779
10 0.010548254531070
10 0.015594309734596
10 0.022194839799639
10 0.018303604590647
10 0.018842608610200
10 0.011503967600766
10 0.028844143172651
10 0.026426617910237
10 0.014282541540303
10 0.022639499061757
10 0.016298026237133
10 0.027791584585915
10 0.014183644796785
10 0.012413789539298
10 0.018448255349277
10 0.012394670437548
10 0.016902279781591
10 0.021188266502094
10 0.012980773450270
10 0.015253604911463
10 0.016225434409657
10 0.020268523103421
10 0.019357076786602
10 0.019830142660930
10 0.012939046463135
10 0.026541743784918
10 0.012145932153669
10 0.020204539080873
10 0.018278831196405
10 0.016504320900386
10 0.017912426022018
10 0.017910603953077
10 0.017077867741867
10 0.020454202698875
10 0.019254648624803
10 0.040150534152317
10 0.022114962123182
10 0.024705863713145
10 0.013500726967813
10 0.005629798011203
10 0.023993066380670
10 0.011765700146900
10 0.020328395338629
10 0.024147462340767
10 0.011049106399240
10 0.017377551298440
10 0.037709669275055
10 0.024131539755758
10 0.016894757119428
10 0.013366373777536
10 0.010386301146147
10 0.016775378515065
10 0.023440571055262
10 0.017765478404382
10 0.022135356946913
10 0.010925617601833
10 0.018905815292234
10 0.017281597485214
10 0.028856435846654
10 0.021820942498250
10 0.027892302890978
10 0.009133884462651
10 0.009903448001244
10 0.014458368347343
10 0.015366889556047
10 0.019532659279459
10 0.015237789926382
10 0.016592342051708
10 0.027883627075417
10 0.010840216715190
10 0.014513490661651
10 0.011662205148882
10 0.017262675366493
10 0.018423606019328
10 0.024772642807628
10 0.022282486176490
10 0.010092941918453
10 0.020532142365070
10 0.015508180325896
10 0.024146157880682
10 0.020220235040897
10 0.018267323253344
10 0.014877020121889
10 0.021274968076287
10 0.019924265766843
10 0.019052516566175
10 0.018743758987003
10 0.020382947760904
10 0.015050927193047
10 0.011327112806888
10 0.021369549664588
10 0.009733602691600
10 0.017799363461772
10 0.018008866206971
10 0.023317866712125
10 0.011281246708795
10 0.027479784209052
10 0.014940945842430
10 0.024237380042138
10 0.009650751021106
10 0.024583124975406
10 0.018925674322026
10 0.024906584974444
10 0.013609373804993
10 0.009724759697725
10 0.024099162260761
10 0.014654400556073
10 0.020444117058916
10 0.007648083611823
10 0.020953485724006
10 0.020326371303912
10 0.024833265201872
10 0.016233357190001
10 0.017721050735881
10 0.024208480040248
10 0.023800232975298
10 0.013214501859615
10 0.022311173854051
10 0.011537568733952
10 0.020722728558545
10 0.013110090377951
10 0.021909336836189
10 0.017605349816365
10 0.036917847032585
10 0.025259974930231
10 0.020952797776940
10 0.013856245919503
10 0.020248012286528
10 0.020935281844992
10 0.030204709903813
10 0.029900244209097
10 0.014968600399624
10 0.025432509725264
10 0.020304037619521
10 0.011420564224634
10 0.020290171526184
10 0.015270865072160
10 0.013294696987949
10 0.021747999837074
10 0.013573250812427
10 0.028305031082853
10 0.018644676973693
10 0.031991401958662
10 0.013387803856983
10 0.018224503360427
10 0.016817519892944
10 0.015732781112425
10 0.032759790854512
10 0.011439032277146
10 0.020830497832025
10 0.007998113736357
10 0.011472066515022
10 0.012360068519863
10 0.016211918205625
10 0.018319522672528
10 0.032057529648384
10 0.022074444553482
10 0.019492634663976
10 0.013891071585583
10 0.015113879355876
10 0.021466328147337
10 0.010948154263177
10 0.021041800413985
10 0.012246464374303
10 0.016224443288447
10 0.007900037375134
10 0.009553074148163
10 0.013986418909799
10 0.016925924200320
10 0.028112260117020
10 0.015034385704473
10 0.018365230086372
10 0.020437982803494
10 0.017009763637041
10 0.012734376991036
10 0.012165112033565
10 0.031531371138194
10 0.018996675816144
10 0.015565179130997
10 0.014365146268293
10 0.020339035429622
10 0.012734840936799
10 0.017915220851115
10 0.014961525127504
10 0.013667102719645
10 0.013763994789037
10 0.008607966999180
10 0.011700924796428
10 0.016850068967388
10 0.017263243694460
10 0.015115188721926
10 0.020632322367130
10 0.020490808312451
10 0.014728602233531
10 0.019381544424117
10 0.019785710999742
10 0.024060708313304
10 0.024919615230294
10 0.011285593509355
10 0.012626319462460
10 0.012123130826022
10 0.011105743573556
10 0.010126956329732
10 0.012854290169614
10 0.020264283652652
10 0.011573958515023
10 0.015994804850022
10 0.023380944569145
10 0.018812481004067
10 0.013848423271124
10 0.010369585391922
10 0.018192584178093
10 0.028765889242753
10 0.018511618121177
10 0.021466973832447
10 0.029261589415440
10 0.013537176997098
10 0.015618506662662
10 0.025110076373914
10 0.010803409500145
10 0.013636162891268
10 0.010552621205241
10 0.011655993997826
10 0.020000357780007
10 0.033013896116241
10 0.009515375277133
10 0.031784048553231
10 0.012021647883234
10 0.017920932302731
10 0.018374319166799
10 0.023084850920110
10 0.022006246799798
10 0.024621047686993
10 0.020047114915622
10 0.013831422127101
10 0.045836588155805
10 0.014762352866903
10 0.016836722799688
10 0.019002260487543
10 0.031071747975327
10 0.017655368128047
10 0.009626786375359
10 0.018228624811658
10 0.009248531342484
10 0.009735368228899
10 0.024307443842907
10 0.019665813074558
10 0.020970542471984
10 0.015396054014512
10 0.021676162011807
10 0.019253405579019
10 0.017786974033182
10 0.013081478837133
10 0.015302054831671
10 0.014138372199977
10 0.027455235674673
10 0.013862780851536
10 0.029604640857162
10 0.014271567321405
10 0.011143874264551
10 0.011676151650119
10 0.011787121925213
10 0.020383588469586
10 0.015572214829177
10 0.008164061279482
10 0.039658101264033
10 0.029314775339639
10 0.031504816879739
10 0.010889377883376
10 0.012169811432540
10 0.009943252571131
10 0.017360058429693
10 0.025257010617288
10 0.030505083649691
10 0.009509577830833
10 0.019112527975984
10 0.020016632851769
10 0.022140824025864
10 0.022549700172355
10 0.028539779499140
10 0.027169568424623
10 0.013492486919753
10 0.024649078143058
10 0.017039834354204
10 0.024948381155206
10 0.026221159347092
10 0.019807909848399
10 0.022229765561224
10 0.023360691084930
10 0.022006430238515
10 0.035674615461978
10 0.011444690132988
10 0.036256149297090
10 0.017822727012162
10 0.021036057508651
10 0.020578399337736
10 0.012976222016541
10 0.014889903595469
10 0.012905981092225
10 0.014910579508809
10 0.023707924130317
10 0.016824978544403
10 0.013320645806503
10 0.012046027518222
10 0.019561071928988
10 0.040044666220948
10 0.013059455564051
10 0.026488755689165
10 0.018870685720357
10 0.023290708116559
10 0.022939371126309
10 0.032375561903863
10 0.019205196175061
10 0.031288183625979
10 0.018100083033487
10 0.010350009978342
10 0.020841838292493
10 0.010037856586161
10 0.010607601752309
10 0.017736431808612
10 0.016173533774215
10 0.019508761789414
10 0.018616721535520
10 0.015719715690898
10 0.015821891140241
10 0.015688759042398
10 0.023407021000042
10 0.011579831470607
10 0.013818575936971
10 0.026361786135977
10 0.023082151017005
10 0.014806842050551
10 0.017438257250222
10 0.019547267197212
10 0.010692839896116
10 0.018908372698938
10 0.013102344217715
10 0.024907599153198
10 0.013357518325627
10 0.026958523393872
10 0.009106166759350
10 0.029485689888386
10 0.016511124917279
10 0.023920472309721
10 0.014381947428003
10 0.021972105023469
10 0.014948056725912
10 0.019887012580624
10 0.016847286627349
10 0.016155887793241
10 0.014587710491935
10 0.011803654292655
10 0.011606192410187
10 0.016142396244504
10 0.008213687179421
10 0.016286084933051
10 0.023241182480346
10 0.027382835452113
10 0.033603452269763
10 0.016581285336548
10 0.021181719967225
10 0.015565337613794
10 0.022878559019204
10 0.011879744939919
10 0.023947795588994
10 0.014438391589685
10 0.028335895768151
10 0.019397404725204
10 0.019367877257234
10 0.019699492209540
10 0.019954106030117
10 0.017241286735122
10 0.027775672041112
10 0.013514063031599
10 0.010647202668660
10 0.041954442819843
10 0.014375926266919
10 0.014739787649712
10 0.019217872467941
10 0.016732843824801
10 0.014144673145151
10 0.015910711986964
10 0.009694452034199
10 0.015892895789955
10 0.014581195914565
10 0.009843258827965
10 0.024614124986140
10 0.014147269250939
10 0.010477292901903
10 0.028704891360256
10 0.025808368009629
10 0.022483570439888
10 0.019814131348059
10 0.024563191712471
10 0.018942966007545
10 0.009042358588726
10 0.016207066476061
10 0.020241776338690
10 0.010643799077766
10 0.014497965727934
10 0.012998068509689
10 0.025671000932658
10 0.011367466959430
10 0.038585115377186
10 0.024949773201428
10 0.015410802394327
10 0.014717652521536
10 0.014235493452227
10 0.012733188579832
10 0.025001298565774
10 0.012918278325008
10 0.028115554656065
10 0.014099236740847
10 0.009939868923380
10 0.024447582223282
16 0.102101448353422
16 0.098947174164543
16 0.090565954620413
16 0.077285016198397
16 0.161445835263996
16 0.106363577509493
16 0.126726171044243
16 0.088802266679623
16 0.076879676633512
16 0.136381206890250
16 0.118576844442874
16 0.105811900912257
16 0.085445459500971
16 0.077038240435362
16 0.078450894773307
16 0.075131367558185
16 0.070162532583266
16 0.131609627809051
16 0.087695934156028
16 0.084030646845832
16 0.069066945911059
16 0.123241485928088
16 0.061070923453241
16 0.109297929394437
16 0.087113591751319
16 0.098080658757432
16 0.163099909194953
16 0.089163446405119
16 0.130736660489751
16 0.121106621776559
16 0.143648893904907
16 0.109676944074306
16 0.108493876946472
16 0.102213254013937
16 0.067532261282867
16 0.129444169630849
16 0.120104790812945
16 0.058086548400962
16 0.216150962276009
16 0.110708142004246
16 0.115419930943360
16 0.158008004351661
16 0.079333600399193
16 0.121624678361042
16 0.090847128371077
16 0.131823300358373
16 0.078408467954283
16 0.060650351757286
16 0.096033970513652
16 0.147900161473106
16 0.098607719021948
16 0.077186975390602
16 0.119980765343304
16 0.142423783034438
16 0.206451357873006
16 0.157946532375134
16 0.061216617848930
16 0.140830914108079
16 0.155682423059007
16 0.061564707639638
16 0.060007272490511
16 0.068264172476633
16 0.120932595721206
16 0.126254346183632
16 0.121370385717913
16 0.125617260743933
16 0.129022391947150
16 0.084636054271026
16 0.061261757810059
16 0.107625789613012
16 0.098742073878402
16 0.076159146715380
16 0.157878559539251
16 0.092367041745471
16 0.098110463846374
16 0.105756921429917
16 0.165382714718080
16 0.071518677053848
16 0.086012447857786
16 0.112607453911717
16 0.094749988302077
16 0.099802166685744
16 0.087303744850941
16 0.061183553662121
16 0.073861623634959
16 0.111889670633524
16 0.050735882559713
16 0.216485894527385
16 0.113416589274919
16 0.092340110151878
16 0.086555816010501
16 0.137777265052808
16 0.242964970817360
16 0.093464065596030
16 0.082625803054010
16 0.154848911432582
16 0.108745402276695
16 0.103002987579038
16 0.126196957059733
16 0.098426041498229
16 0.071680686851067
16 0.104277069175804
16 0.090480759612759
16 0.070915437605080
16 0.071591395893437
16 0.122009772135664
16 0.096819821767629
16 0.087010339380745
16 0.129449117319802
16 0.071393594815677
16 0.166791079106714
16 0.104029382702297
16 0.088819270276985
16 0.128979791273977
16 0.099517338629433
16 0.083965010553701
16 0.122228900755035
16 0.105935259822929
16 0.101831312102884
16 0.107557496617905
16 0.064172453460085
16 0.080365455769710
16 0.171444600178358
16 0.073337285643659
16 0.064082989484419
16 0.060362554752096
16 0.130528535480284
16 0.093359231394253
16 0.098337310292671
16 0.053930373989661
16 0.162490407890942
16 0.057635400275864
16 0.148605752753954
16 0.126393785018845
16 0.059509041568216
16 0.205476933584016
16 0.127652974111583
16 0.136891649297233
16 0.071713400231507
16 0.091499024807318
16 0.125377785881311
16 0.111949861748938
16 0.160423049798933
16 0.105300231376010
16 0.099918169675105
16 0.081695801929561
16 0.147303547299110
16 0.083473845620751
16 0.128141913410543
16 0.097158070521702
16 0.081322263148404
16 0.123880523257663
16 0.058994651519136
16 0.132172051606781
16 0.146216803716076
16 0.051111448054538
16 0.149473900325280
16 0.142853161098996
16 0.079072733983815
16 0.162941919883236
16 0.135670002465336
16 0.066958725549256
16 0.079614229672666
16 0.098187915077242
16 0.117251296172113
16 0.091462315947412
16 0.127556068028158
16 0.097178650530312
16 0.127465516380355
16 0.066981701123133
16 0.127220299624074
16 0.125294471231386
16 0.072672528683189
16 0.090718377250418
16 0.074922902701466
16 0.114583599576983
16 0.221217210084302
16 0.139576429425328
16 0.095838595234335
16 0.081551971281839
16 0.055136850310106
16 0.077037489733755
16 0.110198094707118
16 0.053071173660971
16 0.094261448693164
16 0.089415097699848
16 0.122344836574964
16 0.093629883096241
16 0.112808498958060
16 0.096767644122307
16 0.085616300428097
16 0.152600837456940
16 0.080082667347805
16 0.049563257655705
16 0.071213965983768
16 0.077409249601012
16 0.086265523774419
16 0.108163494494923
16 0.091393777890855
16 0.096408687702830
16 0.203119622605723
16 0.088457107598609
16 0.095119402202223
16 0.077207830297072
16 0.093905206624428
16 0.043807785503526
16 0.083470933307368
16 0.134180781089561
16 0.124291209894084
16 0.061029885167295
16 0.133105362588969
16 0.070665549241003
16 0.142994556265939
16 0.093436788569112
16 0.108430306264190
16 0.080686177735796
16 0.060163363223065
16 0.117746439314647
16 0.077255177943004
16 0.103192004156428
16 0.156397713936345
16 0.144402864453497
16 0.096409509137207
16 0.171564007778111
16 0.058752709056031
16 0.154880280808270
16 0.118356378249531
16 0.084343650291430
16 0.085234622423758
16 0.049965513412903
16 0.113009938858603
16 0.153250066236838
16 0.085983662089550
16 0.085415470963203
16 0.077355685980020
16 0.070661905696525
16 0.042173601911021
16 0.173270371365207
16 0.179107215029595
16 0.115932358633020
16 0.061772739765063
16 0.101005476963381
16 0.088575104771573
16 0.087648708465882
16 0.048583580164948
16 0.079301653135828
16 0.075822392926228
16 0.109013497405088
16 0.091560471643393
16 0.072474725451222
16 0.106948173397230
16 0.074995517994253
16 0.119159485922519
16 0.079429072149029
16 0.086324640693356
16 0.189930146521545
16 0.105887009028189
16 0.059094350004942
16 0.078757231616685
16 0.133011400657977
16 0.117354073333691
16 0.080518708044316
16 0.191440260728995
16 0.077297630313726
16 0.098038870361781
16 0.102965275067700
16 0.069247453885686
16 0.179870267908804
16 0.117901097431855
16 0.121156078523233
16 0.059391890884008
16 0.075986891990754
16 0.093691598757585
16 0.065891227308797
16 0.061712852818894
16 0.064297983822152
16 0.094173863959646
16 0.165337792015804
16 0.086643845024929
16 0.072169441700493
16 0.145880078213126
16 0.065308684840077
16 0.098400207261091
16 0.110212206298440
16 0.057714869740672
16 0.122465227445934
16 0.118042510289789
16 0.062964577140225
16 0.058622415853535
16 0.106018392256910
16 0.081911758287885
16 0.098874281128448
16 0.078750169915683
16 0.050633904575435
16 0.097130834582680
16 0.128264013857985
16 0.088883199934992
16 0.117520292598508
16 0.123625929791073
16 0.063907195542236
16 0.080713632705294
16 0.083402691841505
16 0.143024230079310
16 0.092532220367859
16 0.150401513371067
16 0.078842685070569
16 0.101140293063656
16 0.167421410063474
16 0.092841797227982
16 0.076990097655521
16 0.108429112695405
16 0.188565354461922
16 0.137802408526263
16 0.144091840953374
16 0.088999726086364
16 0.084248975616239
16 0.054912547324184
16 0.103606076142026
16 0.095565284120023
16 0.103110467829457
16 0.060885728661135
16 0.166361996736876
16 0.061749577835519
16 0.097295607876345
16 0.117195855590550
16 0.073321668693849
16 0.085121304543020
16 0.188841956643125
16 0.082200776578019
16 0.141536928045920
16 0.159665159761065
16 0.169703597391770
16 0.066227528339089
16 0.083098834932238
16 0.111178657830960
16 0.081419871319476
16 0.085327728724898
16 0.179620352230543
16 0.083416474133958
16 0.155162288144656
16 0.117381649921838
16 0.050278939186621
16 0.147858138562658
16 0.108021751244833
16 0.064147131418019
16 0.216748215675648
16 0.056349019988188
16 0.083429084200510
16 0.092391240222340
16 0.147184717337941
16 0.067521452165518
16 0.076512164066290
16 0.075957537671922
16 0.066322311070423
16 0.131064062442335
16 0.085574090733991
16 0.068556810826107
16 0.072697781884740
16 0.093090065649005
16 0.172554037219139
16 0.187624626787974
16 0.163357369518317
16 0.129153568301888
16 0.138660295696376
16 0.112134539277327
16 0.106417292736202
16 0.114900750715264
16 0.087949633913165
16 0.105708557059802
16 0.105982213344181
16 0.165110797681007
16 0.123339981410094
16 0.146368500644341
16 0.151929822246094
16 0.067382946178330
16 0.064678241577404
16 0.055087430644268
16 0.073848752121163
16 0.076851727444598
16 0.095931390467161
16 0.126729299845269
16 0.196645792208991
16 0.116224070635372
16 0.125485807786265
16 0.106021164995434
16 0.109292517550134
16 0.059852881791538
16 0.143638438844372
16 0.097109468523403
16 0.076573739771296
16 0.133708543762370
16 0.184687279220839
16 0.132366514544713
16 0.109780174649040
16 0.063576367025461
16 0.173071637298498
16 0.100444809625269
16 0.092775354918898
16 0.141796146975876
16 0.082102922247852
16 0.097665567385469
16 0.060197526553555
16 0.041661800664040
16 0.126497452090949
16 0.084955825722224
16 0.066350949157094
16 0.117325587577510
16 0.184456545111724
16 0.096122856467747
16 0.132378984817787
16 0.167480086936463
16 0.077925840172753
16 0.119032091634370
16 0.118418475183513
16 0.131025115571192
16 0.066705762151580
16 0.045963776036993
16 0.129329592995777
16 0.093410128300756
16 0.208577083687825
16 0.104789088894369
16 0.149654836871580
16 0.079539555701661
16 0.077421134974115
16 0.160195729682268
16 0.066345321401951
16 0.065416093461736
16 0.117160178866773
16 0.071269823561681
16 0.063147386788045
16 0.080009908040658
16 0.124281195280568
16 0.120443094705740
16 0.082398109843540
16 0.109128781768608
16 0.075616072849181
16 0.098172279073153
16 0.065726121284180
16 0.145176574968048
16 0.084724573973691
16 0.116079706334560
16 0.098347872796973
16 0.107433774905221
16 0.057509501538067
16 0.070377730729013
16 0.110733558357760
16 0.121401081860227
16 0.091608275328354
16 0.078773329311042
16 0.134548723732200
16 0.104349627555561
16 0.122864897776388
16 0.078110591953474
16 0.074404014671164
16 0.128655733670925
16 0.116533020149678
16 0.096697182336624
16 0.085941776855031
16 0.068492601496575
16 0.107067861800204
16 0.065461711134083
16 0.088127559227644
16 0.075229459245178
16 0.082450012554632
16 0.071696306006837
16 0.174812533575328
16 0.055056217419490
16 0.046909690217677
16 0.083011160664674
16 0.066922764600296
16 0.182997011216324
16 0.066025310645599
16 0.054529590028813
16 0.058857024536550
16 0.074284225337519
16 0.135590628172337
16 0.172929624364108
16 0.103993702089115
16 0.077025069448057
16 0.083457274770706
16 0.053375023721642
16 0.086780886634691
16 0.087201709295642
16 0.102453150411733
16 0.111925292568994
16 0.088153849620436
16 0.095618047056413
16 0.082894169930142
16 0.113507422912861
16 0.152786687202148
16 0.131123621009964
16 0.103716911705776
16 0.102398321708299
16 0.066836761960247
16 0.099958156002656
16 0.060713700278434
16 0.113918906917854
16 0.290608839751983
16 0.095314694106259
16 0.131051945785655
22 0.358250897523145
22 0.292563258907883
22 0.217803214635547
22 0.245917640682587
22 0.417904321618357
22 0.485900917665883
22 0.207244947351688
22 0.247168800116999
22 0.324344909702319
22 0.233672823142081
22 0.451135696610358
22 0.274121048667890
22 0.378446537793209
22 0.312492192618627
22 0.258420489272853
22 0.281542748166104
22 0.566856683795932
22 0.480276141654967
22 0.385709190555117
22 0.298602212145266
22 0.287924982227214
22 0.277940596844477
22 0.392035421930915
22 0.189662956289963
22 0.266775535280976
22 0.369067142661871
22 0.298570374161058
22 0.187187156357274
22 0.510913128857580
22 0.234529060712909
22 0.210221558605035
22 0.327255573925858
22 0.311038538481062
22 0.219482918022768
22 0.532152498996456
22 0.402526671271290
22 0.271527865002287
22 0.333801045375035
22 0.647333803876241
22 0.148664848464578
22 0.203618287763417
22 0.346251443659734
22 0.246543898317337
22 0.342995878558065
22 0.243209991112113
22 0.365336216767183
22 0.472583280034006
22 0.503192509393009
22 0.294307749763313
22 0.204720766627791
22 0.340281432212258
22 0.346675358434974
22 0.504158190953443
22 0.185221489814074
22 0.401389805721278
22 0.517061767923905
22 0.230929507944741
22 0.376424174829519
22 0.241153280518775
22 0.224412688258032
22 0.355100827329340
22 0.335847162722603
22 0.215654971290810
22 0.418057956305635
22 0.348695939947426
22 0.413753976751472
22 0.275385902883460
22 0.318490031036981
22 0.735335002492938
22 0.306885079853591
22 0.214960424509813
22 0.252225811860158
22 0.545630449419840
22 0.287189295763269
22 0.338439574881240
22 0.232785813504016
22 0.483024820675733
22 0.319226414407241
22 0.350419603109974
22 0.282101273838498
22 0.493151890993099
22 0.576686349221282
22 0.365902281613109
22 0.667495800739451
22 0.288209232504959
22 0.219160452897682
22 0.264727119887509
22 0.273388829268621
22 0.157549238728868
22 0.329662435092048
22 0.465056241797260
22 0.234716923411550
22 0.377197866268982
22 0.229648031795042
22 0.257268711596224
22 0.176123245466442
22 0.402161237788036
22 0.209106516243457
22 0.552015803744839
22 0.268078152194524
22 0.314593603939049
22 0.321788186773667
22 0.492517758510053
22 0.428927765827551
22 0.140876746027533
22 0.292227769701024
22 0.233386463834644
22 0.774500617026117
22 0.268330589018911
22 0.209264618299950
22 0.226492529280215
22 0.276383763328130
22 0.293315321280764
22 0.476798831539128
22 0.391312188904858
22 0.565823975881050
22 0.239725439604822
22 0.308483307054343
22 0.317310551159616
22 0.270682318462450
22 0.390803960551755
22 0.457967702946841
22 0.214763178090499
22 0.232142204362705
22 0.514666305638821
22 0.190395620980997
22 0.258228165627976
22 0.209251004386298
22 0.359530998966612
22 0.195346801810891
22 0.500415468468335
22 0.209673144333101
22 0.444257230250989
22 0.418099939355152
22 0.144540323593130
22 0.177059631664962
22 0.276014483756510
22 0.216761704863460
22 0.496985589463554
22 0.312826917379590
22 0.308605645277363
22 0.390159501844714
22 0.300577144325421
22 0.441364989295829
22 0.406810518347915
22 0.216605163088767
22 0.203513734336555
22 0.262637422161714
22 0.268788963589284
22 0.227169059875898
22 0.275003970459646
22 0.306795858297181
22 0.155466974571746
22 0.324244463219379
22 0.361378426730365
22 0.170132781367755
22 0.221874913580291
22 0.380345236479876
22 0.233799229303553
22 0.249661356480162
22 0.257571823075145
22 0.498899257041114
22 0.305905459875642
22 0.263873035491860
22 0.409043719757712
22 0.390186305209435
22 0.350288943455604
22 0.329542999222686
22 0.203136492140989
22 0.384624734369112
22 0.268984194815775
22 0.399193878032977
22 0.196681467530866
22 0.195692140020383
22 0.167352851105761
22 0.434679517694482
22 0.344040466853177
22 0.230942366413192
22 0.352663425107376
22 0.369416229706338
22 0.331711115291895
22 0.306163996300447
22 0.325446153076282
22 0.915201366467154
22 0.438813554578600
22 0.253795345073642
22 0.247262915510207
22 0.222094101423009
22 0.273810952456238
22 0.307115899059327
22 0.414545348719923
22 0.236197913587667
22 0.332105951152524
22 0.391323739482548
22 0.243408554844055
22 0.352107473427600
22 0.177157539548814
22 0.249942713832337
22 0.218964684298057
22 0.376915054691472
22 0.261764883634633
22 0.207404574781229
22 0.435158470232142
22 0.241432023211629
22 0.315252385525650
22 0.285516755318273
22 0.403513650906512
22 0.215814656528274
22 0.459756336743844
22 0.192660596692850
22 0.255690752958283
22 0.195898391368859
22 0.453015070649156
22 0.802351755575700
22 0.273884814286326
22 0.192698317367854
22 0.452360259995959
22 0.537214771724244
22 0.176592155539952
22 0.457466879990837
22 0.207724727589730
22 0.223693650245984
22 0.267605719486460
22 0.347861862768386
22 0.516425286874943
22 0.274286113921032
22 0.185877759912058
22 0.288483021579805
22 0.506576127142081
22 0.295684199131028
22 0.201454549991168
22 0.377062796059441
22 0.211372449699835
22 0.290634828784086
22 0.282154261593130
22 0.270380992357496
22 0.278659416776887
22 0.202661370457204
22 0.494459093541277
22 0.355285975000447
22 0.268489829354545
22 0.365407235932715
22 0.253021270182320
22 0.231059340311505
22 0.348823030687465
22 0.217808296893338
22 0.654458851856560
22 0.531560149958156
22 0.498759652049983
22 0.402425707031017
22 0.234912673043804
22 0.166950402815666
22 0.418001773034808
22 0.356815253361705
22 0.216646376355594
22 0.302302361834277
22 0.436900164896070
22 0.403434598071069
22 0.491345436785551
22 0.325648113404623
22 0.332116063447642
22 0.257857439914832
22 0.414860658594486
22 0.342984973659684
22 0.309726909069465
22 0.452973477668018
22 0.354715044509405
22 0.506861103308086
22 0.251433626095839
22 0.303799408894394
22 0.276327562623449
22 0.240485758470569
22 0.179417414721902
22 0.238915870481950
22 0.124226138733951
22 0.405486068911222
22 0.314513463214374
22 0.357974687821490
22 0.221124481420085
22 0.235167655405632
22 0.298907769055261
22 0.310559206221814
22 0.263377278534425
22 0.161531610965764
22 0.193731918924327
22 0.215676324522845
22 0.225161778889621
22 0.178429609460810
22 0.337529374188529
22 0.188251445654729
22 0.170062335423141
22 0.177608216455019
22 0.196208343726801
22 0.199760122115531
22 0.434593448767465
22 0.424690322289862
22 0.615798672073250
22 0.476823906234107
22 0.517742755968877
22 0.615951912841356
22 0.287319024603055
22 0.538221270953299
22 0.278106879953642
22 0.416958003219661
22 0.364348575121505
22 0.300547583677664
22 0.335430100796059
22 0.178397912392762
22 0.185712496562714
22 0.368608982742197
22 0.349302466165965
22 0.502198795880087
22 0.297618103852609
22 0.533895919599690
22 0.177500329382880
22 0.547049806435058
22 0.362747637798882
22 0.410498767478533
22 0.183356356225593
22 0.225516482018702
22 0.213956222741188
22 0.279561631050619
22 0.326325991990639
22 0.246067713666053
22 0.227568605827781
22 0.338731426060217
22 0.493460965079360
22 0.267114116687126
22 0.267330535208706
22 0.300479976553360
22 0.376801111162134
22 0.239938633539921
22 0.301847676444655
22 0.263524828584352
22 0.337182623827192
22 0.266595434559233
22 0.313462033149309
22 0.391829811701633
22 0.291038280991502
22 0.600937785174302
22 0.373837209792340
22 0.598669594509359
22 0.269188059024473
22 0.336220447790693
22 0.292836331378056
22 0.172526898618244
22 0.257328867543313
22 0.311313456155981
22 0.407994786700726
22 0.232291820083224
22 0.191067179380784
22 0.274653035716277
22 0.184398362729663
22 0.353610137001628
22 0.374549380408791
22 0.245461340720060
22 0.217976543612530
22 0.234923763812796
22 0.376931710894306
22 0.323589581209816
22 0.982594627326560
22 0.213337413653831
22 0.521764862490054
22 0.553415131217780
22 0.261485862356909
22 0.221140630296238
22 0.232973970132434
22 0.541242886886512
22 0.613051673178921
22 0.284678780383390
22 0.296710931554362
22 0.158449026895908
22 0.264379476344465
22 0.208125661101501
22 0.320925384383407
22 0.312635196378346
22 0.415952756317959
22 0.288757831287871
22 0.344521629506531
22 0.222602171440911
22 0.283304801855281
22 0.430028437287984
22 0.375942859965222
22 0.209680745289934
22 0.193654895328097
22 0.229192097288263
22 0.231291860361800
22 0.461629756982087
22 0.179250205562950
22 0.261134265951199
22 0.325660683002342
22 0.227151122014987
22 0.279974469323804
22 0.193591667825830
22 0.245056721995667
22 0.520534611897402
22 0.329078731920524
22 0.399646331477874
22 0.237517769382613
22 0.209773572893931
22 0.266379792483239
22 0.440418260044900
22 0.276317592903575
22 0.374999987040092
22 0.293745316409440
22 0.307829319185735
22 0.287358295369407
22 0.193350888343333
22 0.355733953823188
22 0.324644429648597
22 0.465196419962760
22 0.370619779529809
22 0.443915211412535
22 0.631490189829118
22 0.161807474151797
22 0.308560831348857
22 0.293460382583364
22 0.321258815293874
22 0.309414982301329
22 0.382086216417549
22 0.201528162072729
22 0.297287894429321
22 0.449828320179013
22 0.433661813642826
22 0.392623098787639
22 0.324112577360898
22 0.256819723831559
22 0.307443659628388
22 0.412376334152657
22 0.256502763957935
22 0.447120613473137
22 0.213263792409617
22 0.224461059253555
22 0.448635833804586
22 0.210714912786214
22 0.291726049190557
22 0.289638457808339
22 0.417724376923487
22 0.433419571726385
22 0.293572697568469
22 0.409560841082128
22 0.513754711623680
22 0.296401291141517
22 0.523073093843595
22 0.229993059767419
22 0.233618952078809
22 0.474613399660789
22 0.364392774138525
22 0.369407520430066
22 0.449861180206464
22 0.540733907328246
22 0.259632807677160
22 0.238033350783667
22 0.523705230019833
22 0.265333411300055
22 0.283750723125089
22 0.303240799844274
22 0.230632059189314
22 0.325798939010726
22 0.310156807071264
22 0.282001248705040
22 0.288488224807715
22 0.253304118590130
22 0.359627406275695
22 0.188554993069402
22 0.245183393828010
22 0.172563585212660
22 0.323704910773672
22 0.263726281841008
22 0.208028233502744
22 0.305992568029604
22 0.340773907201196
22 0.368921259971971
22 0.198922508664726
22 0.332699814220704
22 0.298686842802932
22 0.430351654969438
22 0.186998288530205
22 0.302491874346046
22 0.206638359912011
22 0.221650605319645
22 0.248647563458643
22 0.180469643101555
22 0.282740890703188
22 0.174226357393331
22 0.218408208211574
22 0.349915183172116
22 0.312648786998391
22 0.318089802629975
22 0.194435365222928
22 0.223678212849646
22 0.334665372261965
22 0.295503895257490
22 0.228977251630607
22 0.277490269192050
22 0.384419532077707
22 0.259158078555241
22 0.416424674959458
22 0.254027268060223
22 0.170306519235688
28 0.560183803452155
28 0.515987820798381
28 0.890964365883712
28 0.363977364731775
28 0.954911764768583
28 0.402331759466754
28 0.520450207018765
28 0.405109015986890
28 0.660118400113126
28 0.889967520684194
28 0.371393220782968
28 0.680922112252807
28 0.683696788919918
28 0.483847336205752
28 0.489212134916905
28 1.250584598575790
28 1.625614102848200
28 0.816959496495173
28 0.984349992549019
28 0.438487200010677
28 0.583119744213668
28 0.429823948537800
28 0.570027850047881
28 0.344375961726469
28 0.408030264965331
28 0.721097905080115
28 0.485747618436193
28 0.494877453567330
28 0.405359310323458
28 1.180505321044777
28 1.761147215867850
28 0.659771003194625
28 0.723563645473345
28 0.410025443544604
28 0.867507179315244
28 0.435314938180253
28 0.654731962237451
28 0.660248493965871
28 0.860277219411905
28 0.935166727105800
28 0.512630433153128
28 0.808082782400541
28 0.508648534814652
28 0.590959768320375
28 0.610961358839476
28 1.361448949037658
28 0.540362956905635
28 1.086360961486157
28 0.578727959808471
28 0.688023096005159
28 0.634241635926673
28 0.345307440373442
28 0.860521445114105
28 1.444408682865851
28 0.401145131509806
28 0.675593964254455
28 0.437608471526100
28 0.899536238971570
28 0.687208548092339
28 0.566479601216870
28 0.681299032045288
28 0.910416196100349
28 0.600017427365911
28 1.011520899429376
28 0.816945723795793
28 0.527603677041323
28 0.941320462750445
28 0.567238254712077
28 0.586102060110150
28 0.823388520424159
28 0.878676182668157
28 1.162660435184814
28 0.830395914336355
28 0.954405768185616
28 0.527840516518787
28 0.634412784320294
28 0.849016416229600
28 0.799491790750751
28 0.766221865729102
28 0.697391773395491
28 0.851810836916122
28 0.299033101707399
28 0.381609364327122
28 0.989926931090249
28 0.994124045500916
28 0.530894477447727
28 1.000044597057208
28 0.837446766692911
28 1.099659712276799
28 0.505174907786493
28 0.348273947339188
28 0.719395155165442
28 0.761608794859853
28 0.977296050340374
28 1.191076764571101
28 0.743708598958008
28 0.663320330389305
28 0.836888091764481
28 0.339340587334653
28 0.522505990978432
28 0.372904225627817
28 0.794397698662749
28 0.500074167123782
28 0.986117179838034
28 0.357838073658026
28 0.917965182204637
28 0.329139124054078
28 0.864205337682352
28 0.787416403821924
28 1.473638921941763
28 0.891164831063128
28 0.498515738962490
28 0.926603081877365
28 0.664945835394628
28 0.477124068927613
28 0.606111695634573
28 0.499505443381654
28 0.335513392341966
28 0.602940122408810
28 0.701894272973019
28 0.667386087155984
28 0.510338946495557
28 0.619153688169797
28 1.065095816644283
28 0.546495797164988
28 0.444752095524158
28 0.354383627099858
28 0.676542635091492
28 0.510824060247677
28 0.383057189687687
28 0.426415033437388
28 0.500308366824580
28 0.649949337366024
28 0.430364695151063
28 0.873443768924854
28 0.752040297422493
28 0.673850837340174
28 0.983170775096557
28 0.862433510536302
28 1.064788124477396
28 0.529332230042339
28 0.361006092731645
28 1.260793863189645
28 1.038024234174484
28 0.847522246539528
28 0.589153535112875
28 0.555864649561004
28 0.776255621526726
28 0.653072334627546
28 1.154946521856879
28 0.423194999192378
28 0.972150463750145
28 1.397001561123424
28 0.648727257031693
28 1.028093657537021
28 0.576908745500750
28 0.551918942351418
28 0.640399963973272
28 0.797385612219334
28 0.352352641757097
28 0.633118793323919
28 0.826030686024729
28 0.475131452488445
28 1.159365663045120
28 0.348381004228334
28 0.969278221675453
28 0.931459453784599
28 0.934021570746801
28 0.759491356999956
28 0.445287940702665
28 0.584505970866701
28 0.555944018127531
28 0.532778450516326
28 0.951748062444626
28 0.488416881260428
28 0.436290477620368
28 0.384139774283204
28 0.640049540881710
28 0.473697743483154
28 1.427558465537704
28 0.963121728596708
28 0.523308792040493
28 1.001161707996924
28 0.656461150426700
28 0.733053354121319
28 0.479345563492305
28 1.016375768783093
28 0.714350105860611
28 0.704744272937864
28 1.001395834399657
28 1.147040131739630
28 0.536093687372678
28 0.717156328415411
28 0.814248523319787
28 0.771309510198719
28 1.163062754796253
28 0.473173452417296
28 0.487539391094100
28 0.482572990088811
28 0.637535167910249
28 0.650431138730612
28 0.536969726914895
28 1.144788589277598
28 0.840128151168063
28 0.890260437532457
28 0.833233447084823
28 0.795153123673487
28 0.818401054000862
28 0.695462822573507
28 0.926775205293682
28 1.657135004542052
28 0.566609711848359
28 0.828305795332255
28 0.909170383572031
28 1.036096765353331
28 0.537114038579372
28 0.519944496711559
28 0.712139326600797
28 0.427898518403246
28 0.600712295214631
28 0.637680040589649
28 0.442063148379529
28 0.606909945880141
28 0.447288609013492
28 0.682735755068664
28 0.617536618302763
28 0.615054329102150
28 0.539769340287299
28 0.568951582871001
28 0.682836939985009
28 0.678901924017475
28 0.439092619720642
28 0.949751175589345
28 0.675656112309250
28 0.807298188748122
28 0.502368432597557
28 0.513560706840948
28 1.116401167968521
28 0.881595325123049
28 0.505625538672688
28 0.709355017911051
28 0.491328572508988
28 0.859077604811387
28 0.791760188307617
28 0.373357442232437
28 0.731373175130789
28 0.390546081219812
28 0.411522208888433
28 0.499920825194004
28 0.580626638128152
28 0.252582694626498
28 0.634472465103491
28 0.646061929937392
28 0.610891753201608
28 0.386711809073576
28 0.335028270900659
28 1.283327963932168
28 0.436189022358938
28 0.568474688835017
28 0.875852817172760
28 0.647197582738465
28 0.842235448017424
28 0.558409582158039
28 0.675090542089243
28 0.429052775801285
28 1.062772170392565
28 0.525282831336832
28 0.494463180864724
28 0.750104195019464
28 0.849908773472905
28 0.803633805643973
28 0.597581874469229
28 0.672923952574101
28 0.613830820168201
28 0.707499755230349
28 0.420255487060343
28 0.979407717245694
28 0.837327764337608
28 0.559030610929545
28 0.688689752254252
28 1.394560195132888
28 0.702857636532357
28 0.960743083503960
28 0.638597444788022
28 1.119801896562194
28 0.607932157198880
28 0.818882110842991
28 0.461178913222042
28 0.569320007406283
28 0.689016357447792
28 0.444600587154856
28 0.885480147419125
28 0.642279604874335
28 0.869779515025056
28 0.934481307908642
28 0.910501002238358
28 0.676469348875045
28 0.746212462498146
28 0.672106902366277
28 0.958984704396059
28 0.693416032450383
28 0.788827467668353
28 1.104635549774338
28 0.739116349667280
28 0.985298011031118
28 0.853804245327196
28 1.004553573495989
28 1.529759455337446
28 1.396656009076305
28 0.848585700096284
28 0.848029133509994
28 0.731307551635249
28 0.687263690674014
28 0.482212901105791
28 0.737785070662379
28 1.165741713708077
28 1.081689194481275
28 0.491251658524224
28 0.574453004524522
28 0.871670984230210
28 1.699905712015060
28 0.775178445385698
28 0.644850226256499
28 1.086691407887135
28 0.401359702308717
28 0.560328751690838
28 0.626161365016068
28 0.599469710921462
28 1.179067286279174
28 0.880959612359814
28 0.373226389108439
28 0.470639256305129
28 0.685051918735605
28 1.043792516420746
28 0.559161443424349
28 0.644063461328637
28 0.730642313961248
28 1.269770267737534
28 0.658000016175987
28 0.739123004887118
28 0.777411280935185
28 0.562220554629553
28 1.373104626607608
28 0.931308469066147
28 0.729716192298987
28 0.533828914167461
28 0.462902981213909
28 0.678837719417834
28 0.448950411151184
28 0.422375165757101
28 0.590301107325234
28 0.667277518100577
28 0.428482001766453
28 0.824760220688617
28 0.855772040798472
28 0.574111933965604
28 0.560489130785470
28 0.562358918306880
28 1.036279839428266
28 0.773926356637678
28 0.351207531472035
28 0.319721046495176
28 1.223949512330970
28 0.701669898852496
28 0.664292310884822
28 0.698187707973637
28 0.631037544684010
28 0.480681369586305
28 1.169554544639371
28 0.879911736448562
28 0.566162675692161
28 0.428842622478284
28 0.883327589081699
28 0.515733118595971
28 0.812127506713190
28 0.605276470682611
28 1.111058857677897
28 1.320944476194261
28 0.626024546802186
28 0.635459178700752
28 1.056992231421272
28 0.393281633628720
28 0.423918347480847
28 0.682161381247277
28 0.815646304998084
28 0.535557906223709
28 0.459630557253214
28 0.637050991807543
28 1.160648075306231
28 0.938654305303586
28 0.675481448875217
28 0.787144076998313
28 0.412535301793205
28 0.702686951914097
28 0.496133965125380
28 0.465308009885707
28 0.434123653320794
28 0.925120521945261
28 0.453282769245839
28 0.943578222811726
28 0.985347279721532
28 0.669193574780317
28 1.046722384322331
28 0.606524517853816
28 0.754334367314677
28 0.377818377873151
28 1.121465201145837
28 0.684628939295748
28 1.354420204112772
28 0.670070921501731
28 0.988006210102075
28 0.532181398648970
28 0.557542399049468
28 1.105351252547694
28 0.591517894267368
28 0.973019730751046
28 0.414379451109607
28 0.900449046781056
28 0.892580460524162
28 0.592735556897229
28 0.617956194824855
28 0.621175232399827
28 0.782748699759851
28 0.975662717472707
28 0.685690512163691
28 0.424610491744955
28 0.635427727489422
28 1.084608753565337
28 0.400667769845764
28 0.813766334826688
28 0.670225130356288
28 0.543599215015308
28 0.701940118889501
28 0.444622392238284
28 0.657205319363539
28 0.499016481413757
28 0.334000091986423
28 0.481829770850269
28 0.898923693323183
28 0.759118057291384
28 1.048367412258879
28 0.912772722908724
28 0.443058006424227
28 0.493205580638299
28 0.464132610866355
28 0.577978225037259
28 0.546036590824013
28 0.734395330012472
28 0.492241480289809
28 0.484709120151073
28 0.701198207020311
28 0.343048618804777
28 0.777031676754818
28 0.448093525753558
28 0.445883363087239
28 0.837509092174209
28 0.485695704639107
28 0.732026329630026
28 0.927922474174205
28 0.814918893361643
28 0.631851014761803
28 0.650894912830347
28 0.746625398278866
28 0.455816685133088
28 0.773748070514902
28 1.182311990915091
28 0.452631388067207
28 0.512944080774167
28 0.365305177730230
28 0.896584755144151
28 0.341028844491375
28 0.483081236162470
28 1.088404775046431
28 0.634363468498384
28 0.627312635417826
28 0.334508548347792
28 0.393681044677139
28 0.549794647468160
28 0.808881660329718
28 0.894358729866436
28 0.881176408517131
28 0.451648815939617
28 0.752042042393811
28 0.314901112524200
28 0.590145585734470
28 0.686002745306064
28 0.642085658165247
28 0.844276248498581
28 0.656342534704023
28 0.475686063548109
28 0.869996390312589
28 0.378751212931859
28 0.742551891793837
28 0.749090053531886
28 0.933717256512278
28 1.603955185301679
28 0.675122841041945
28 0.752764479452849
28 0.809543627041378
28 0.549599638077498
34 1.157689489090128
34 2.042291621168762
34 1.031633908556604
34 1.174492978417049
34 1.268848032153058
34 0.910147569389662
34 0.964100175880511
34 1.645208604307238
34 1.463673660412463
34 0.999039279566777
34 0.767566312713343
34 1.135900960044273
34 1.354465590554175
34 0.808067479422706
34 1.479489630699841
34 1.281734285603082
34 2.044952935489500
34 1.222367910532116
34 0.844356951000975
34 1.275113848596624
34 1.495501849559395
34 1.514907837415937
34 0.518340938403633
34 0.839738628501100
34 1.195358236318268
34 1.701229247266168
34 1.102050047622608
34 0.874113986369337
34 1.290535209061157
34 1.077503224277149
34 1.396720581035009
34 1.406625715968287
34 1.545105403811374
34 0.825413774360728
34 0.878252659600027
34 2.046468212423274
34 0.969895484116362
34 1.264229780484224
34 1.310424235779716
34 2.749049784140023
34 1.115986920987351
34 1.734882811789659
34 1.987641556274562
34 1.088802459267648
34 0.672342727019505
34 0.758605536325636
34 0.764325008661389
34 1.377176970949633
34 1.175427565619892
34 0.836212507143522
34 0.884509541168704
34 1.188682664981418
34 0.683235639158636
34 0.956952851036621
34 1.753702433995270
34 0.958273710009255
34 1.364769274533741
34 1.627619870267776
34 0.877005744691243
34 1.025113223164472
34 1.727124748550587
34 0.800330988547635
34 1.074270431103560
34 0.887381066043983
34 1.116664110387518
34 0.860930241138782
34 0.632125625524551
34 1.480436964878256
34 1.104401370948045
34 1.170351962428740
34 0.636587174317804
34 0.851865615571071
34 1.247928966959803
34 0.759106652202227
34 0.927232594660661
34 1.061845320011983
34 0.957359432271539
34 0.955880099943110
34 1.053762712809526
34 1.088163816442235
34 1.280190499560126
34 1.257266098670404
34 1.383855318933482
34 1.355684026672258
34 1.114554161354955
34 1.378175743493649
34 1.140883294413717
34 0.657574605757242
34 1.812164282591012
34 3.241787924758673
34 1.479824220865541
34 1.885898705586495
34 1.575596594562648
34 0.639765179928979
34 1.086755525609398
34 1.100385454883867
34 1.272125633987261
34 0.930491251642122
34 1.311017830026102
34 1.325918158719945
34 1.048017066398468
34 1.423346270084811
34 1.420517988157872
34 2.638395294710658
34 1.866063984712409
34 0.633782009083163
34 1.189540244055657
34 0.983864245417479
34 0.833755702380893
34 1.711316696858297
34 0.914129067882318
34 0.861856153797993
34 0.849001471074226
34 1.347057586038669
34 1.447256845962108
34 1.299212711395616
34 1.056763553404737
34 0.873327518429761
34 0.947229054762418
34 0.819005230236792
34 1.791111459461236
34 1.046573498779547
34 1.502567780108214
34 1.760548518047330
34 0.605951617897454
34 0.836361685647194
34 1.273403594738466
34 0.798655278965834
34 1.349324522306995
34 2.247911366091568
34 0.781510185415443
34 1.785068748337618
34 1.769799730021355
34 1.236400686149205
34 1.821014418821474
34 1.602591680218158
34 1.752412542489119
34 1.295884447274152
34 2.046021687485037
34 0.954273031377864
34 1.188463120927159
34 1.133965721497903
34 0.917898329931731
34 0.932323561252494
34 2.020764032786357
34 1.706082788335046
34 1.821993520427476
34 1.734322829860977
34 0.873914940272766
34 1.950281555915835
34 1.092631370628449
34 1.228611868181130
34 1.767882432265168
34 1.976701417914631
34 0.731494713047785
34 0.978207335384020
34 1.160163883947303
34 0.970898682854777
34 2.373319239502432
34 1.748840515343746
34 1.092336268607883
34 0.939170288029192
34 0.847293597313389
34 1.676531424577387
34 0.722492739833085
34 1.150923808938198
34 1.224561081459222
34 0.989867942080057
34 0.785716017991763
34 1.988128278204335
34 2.778652453923161
34 0.664972893808675
34 0.711806206843972
34 1.263588982883459
34 1.234979019594313
34 1.580403687401841
34 1.483134436255248
34 0.861669930693447
34 1.464671987515539
34 1.127970339291268
34 1.627886065171107
34 1.083527948599509
34 1.242607802678906
34 1.075861533290933
34 1.776521792726037
34 1.867485466468363
34 1.147708441706600
34 1.215599108342848
34 1.541724220922917
34 1.383469948039673
34 1.824494815580339
34 2.179932774607798
34 0.951508711932118
34 0.879872734154945
34 1.121339822880142
34 1.830681589982926
34 1.026150927425871
34 2.300054385280202
34 1.882158649289885
34 1.745578185832102
34 1.693037002796309
34 1.055467325043745
34 1.551831457506508
34 1.207459334206771
34 2.087536859476835
34 0.820862784947183
34 1.666312309955506
34 1.654625341056751
34 0.616699093912997
34 1.389137668399945
34 1.706409706906143
34 1.483204465354554
34 1.083914677137600
34 1.547981780484583
34 1.800015117309903
34 2.697815933067135
34 0.943792681687086
34 1.119458124476079
34 1.624571770319601
34 0.972751526037599
34 1.269118673729675
34 1.531497288756435
34 1.013040506269612
34 0.981783822693121
34 1.206006171052251
34 1.515328650601831
34 2.043457641196821
34 1.172574160772710
34 0.695373946339616
34 0.607144991536413
34 1.441369730849322
34 1.878357726638719
34 1.782323727045809
34 1.071760324710839
34 0.988513894681405
34 1.625821950729051
34 0.640980243496905
34 1.035842219304651
34 1.312866416579422
34 0.586199274779912
34 1.825201135679804
34 1.302671644452893
34 2.367097716200225
34 0.916351021953372
34 1.321941884234594
34 1.205071858630831
34 2.099229773778906
34 1.671389359889764
34 0.778888638483495
34 1.300606257166364
34 1.570898600874485
34 1.429624669833429
34 1.563673985896013
34 1.120159580153694
34 1.506368847207070
34 1.615198223878242
34 1.041716889625310
34 1.953044524768626
34 1.386159536376621
34 1.081321418315668
34 1.438127696401013
34 1.835904948890073
34 0.642699491748922
34 1.477160805679651
34 0.936731396290376
34 1.092335010807178
34 1.176632917676079
34 1.011219176274268
34 2.980582006259833
34 1.009136233796272
34 1.070320158263107
34 1.116458079641853
34 1.329022078985419
34 1.046291600248098
34 1.086404093519056
34 1.106068270082937
34 1.324296710747885
34 1.131475326711304
34 1.971356447925273
34 0.952562606900651
34 1.227776545760476
34 1.621522078112227
34 1.056495825937128
34 2.468717941314610
34 1.758275407697251
34 0.731911909256137
34 0.699120409209411
34 0.868705003935932
34 1.031206131636464
34 0.845068262656958
34 1.230055358767080
34 1.734518387816321
34 0.898666573402567
34 0.945316884995958
34 2.100803228804532
34 1.187327777752932
34 2.444186867625510
34 1.359398405356870
34 0.902356802805621
34 1.163044693395577
34 1.113284676502918
34 1.123056490551843
34 1.007795919518320
34 1.370399467558544
34 1.433337490461183
34 0.947288327624740
34 1.336717371933083
34 1.195344947490175
34 1.024779108248708
34 1.676132035507199
34 0.972586450995678
34 1.445258363226594
34 1.796259818828371
34 0.866697189304507
34 0.889085167532250
34 1.096577666614152
34 0.880974312837411
34 0.958301708714259
34 1.747966674214992
34 1.034460380399876
34 0.983301875873924
34 1.651827795263817
34 1.322266653846524
34 1.739457817553523
34 0.768159371370538
34 0.609025101283376
34 1.231207540383354
34 0.915398106535416
34 1.721409235698970
34 1.448847581226528
34 1.536101164706899
34 2.433784144137200
34 1.968713643856015
34 0.667248762350687
34 1.397259460349319
34 0.644258981237656
34 1.237172959655469
34 0.717435114938745
34 1.555355556108960
34 1.695954897709785
34 0.678065053432183
34 1.086795004164707
34 1.224798216101753
34 1.024054327572091
34 1.830918878443571
34 0.851151891217069
34 0.940663375600396
34 2.676756855479501
34 1.715236483508149
34 0.878567223456107
34 2.178840140779813
34 0.933766225597244
34 1.436699013927413
34 1.073191707878888
34 1.233506888593322
34 1.421584549715949
34 1.972371884781269
34 1.176788859493775
34 0.848236644346805
34 2.496642794862516
34 1.102311664191213
34 1.976921834846110
34 1.253450367502938
34 0.946043366519472
34 1.428681386684907
34 1.754539875177457
34 1.183561143776509
34 0.700652374855554
34 0.790245664387139
34 0.968995817955696
34 1.652657488053304
34 1.139596725526252
34 1.227257248285762
34 1.413126192030098
34 1.201978207570441
34 1.800439015896625
34 0.801007160956079
34 1.523641699897555
34 1.184077985301448
34 2.181161153363493
34 1.010299159589716
34 1.501431475969385
34 0.929923671545442
34 1.655166877785709
34 1.016105957887011
34 1.604900560076032
34 0.803648111015989
34 0.935253799705776
34 1.072905672067435
34 1.421360614758457
34 0.975058490499806
34 1.464396254705732
34 1.146435936437206
34 1.037150898096072
34 1.908802421053171
34 1.231327063550227
34 1.469357740521619
34 0.968230575302147
34 1.229197828960124
34 2.655222026902031
34 1.800857424078194
34 1.517173547749289
34 1.438348892021880
34 1.020106176138134
34 0.678828489671232
34 1.252777793298068
34 1.160784613293846
34 0.582559177558438
34 1.153908592645579
34 0.782558298027574
34 1.746596871210332
34 1.166144345077234
34 1.555600150771403
34 1.247037954277114
34 0.830623731578868
34 1.150654031702831
34 0.996199382688354
34 1.256854627731696
34 0.621924681090432
34 1.083499901104657
34 1.005556555401720
34 2.164995648549161
34 0.922608362108122
34 1.055116767847558
34 0.887067395803854
34 0.638431488537112
34 1.523462800608895
34 0.942311575001596
34 2.227761264743218
34 0.824145741180946
34 2.032082861560131
34 0.885112690812996
34 1.742540923716952
34 0.763807499733312
34 2.508145254252197
34 1.116009005528953
34 1.048207812277686
34 0.561877373798946
34 1.577459729107762
34 1.035320450770180
34 1.189636448373508
34 0.755150547812943
34 1.003862377804517
34 1.330890627685595
34 1.170460799770966
34 1.282223233964359
34 0.736259454068799
34 0.861331205526247
34 1.336512554784185
34 2.098247179024597
34 1.127957563983891
34 1.349510433294150
34 1.666326661704923
34 2.410000354964413
34 1.489179643788591
34 1.144204261653414
34 0.822467364275037
34 0.721452785502982
34 1.853976483984456
34 1.407080430099567
34 1.219799656466916
34 2.079482935764207
34 0.850250711510659
34 1.627051500191550
34 0.922929290675794
34 1.437711950480108
34 1.208446508890402
34 1.870842657126321
34 1.079089470010953
34 1.263320269326291
34 1.390190695528314
34 1.196460853557786
34 1.027789914047415
34 0.964632706834179
34 0.802770069964414
34 1.540197135932526
34 1.465048420208342
34 1.778764900632887
34 0.803534792615053
34 1.078858473362362
34 1.618903117884172
34 1.054246394763795
34 1.201541271999704
34 2.021053729048041
34 1.415250651028751
34 1.610339037797836
34 1.460340227249466
34 0.764019864178723
34 1.690689870616326
34 0.915347051868766
34 1.108226622347175
34 1.652846171509795
34 0.855254010795159
34 1.663614891500447
34 1.598707636892241
34 1.700140433172177
34 1.581924146485412
34 0.955116316315362
34 0.626005998833830
34 1.094370418660452
40 1.079667952035011
40 3.522939771073025
40 2.368960126195066
40 1.287373895421521
40 1.089325887463218
40 2.317593726500497
40 2.481882341217727
40 2.306665944410654
40 1.414113867277079
40 1.506875265247693
40 2.025468783781089
40 2.306740098914422
40 2.378571692356323
40 1.623177168981055
40 3.570231268705472
40 1.981839750899203
40 1.381404118324819
40 3.141172523084289
40 2.759537332848741
40 1.735595720049188
40 1.727522413264802
40 1.626750697511866
40 1.237211120041009
40 1.224355940775142
40 1.657290058647801
40 2.325714855764550
40 1.378573082603599
40 2.585754831504490
40 1.795156289300933
40 2.601674586738614
40 2.267158046773472
40 1.686212823240725
40 1.907541490511313
40 2.227040737088208
40 2.606837800201760
40 2.194613355560199
40 2.759114743553624
40 3.249851816098143
40 1.614036263634210
40 2.905108817830774
40 3.292852447838367
40 1.542463432962267
40 1.652507002649399
40 1.233047847966867
40 2.695183368193520
40 1.096176046379288
40 2.415786992371144
40 2.339068013932717
40 2.086793141552532
40 2.825431068029628
40 1.359248479510558
40 1.879084522337914
40 1.606226614817041
40 2.509805758522150
40 1.479291030386142
40 3.183448380246096
40 1.556189405814395
40 1.439302926553905
40 3.872082855625873
40 0.929691348273311
40 2.323282782532823
40 2.194222676851524
40 2.535295705842710
40 1.650016277964781
40 1.850075844961909
40 2.101288356357385
40 2.237598952500582
40 2.095161370107130
40 1.193041658625717
40 1.278917297158047
40 1.316840911611363
40 1.631600814458802
40 1.567945433318499
40 2.302614966774286
40 2.778822227641525
40 1.717861608198268
40 1.580605126995930
40 2.310647848208434
40 1.192036227068000
40 1.587542593437052
40 2.285414558277953
40 1.999087345908334
40 1.332255622327660
40 1.970675228149514
40 1.611961848646473
40 1.721969123668480
40 2.064236241919055
40 2.585870441528482
40 2.133850693412478
40 2.659477504755762
40 1.598018982483467
40 1.633454536626485
40 2.560456237455382
40 1.841839659175344
40 2.246876652860663
40 1.693944930913474
40 1.896307557247721
40 1.243027793908757
40 3.567293030626312
40 1.969259432485600
40 1.122848190202943
40 1.106389663675978
40 1.360970881822327
40 1.528159755198872
40 1.735617199321727
40 4.153409944244663
40 3.232600264048686
40 1.595458341357791
40 1.516219641738832
40 1.745777177576681
40 1.084178918874230
40 1.912184649757925
40 1.150843837008981
40 4.313917743913869
40 1.347318045239597
40 2.172701900255543
40 1.494151378986014
40 1.478384844877780
40 1.641865563791582
40 1.515289219638257
40 2.010980890553888
40 3.034390570580022
40 2.232928092350983
40 2.182680559012250
40 2.625322734956425
40 1.920868414826561
40 1.400276360026128
40 2.283143401640658
40 1.614972441441465
40 1.427809372100574
40 2.275734622158335
40 2.256702621624468
40 1.886969428814300
40 1.938217544254178
40 1.908090694784894
40 1.380357514600199
40 1.712435480896835
40 2.695333556934131
40 1.731565690029729
40 3.006656368976922
40 0.986430364718377
40 3.074379294093456
40 3.001049891091894
40 2.261744068594332
40 1.653930035774049
40 2.326184491772658
40 1.289693180640951
40 2.899257014529809
40 2.185296158717531
40 2.114255839609226
40 1.130347859254102
40 2.023175663337036
40 1.825091707366150
40 1.408259286262410
40 3.029665766138312
40 1.689036903090324
40 2.506983324898945
40 2.255199975794309
40 2.406857839643020
40 2.358097977911623
40 2.565950272957082
40 2.389986782956094
40 1.787975586271007
40 1.440701952759970
40 1.108486368796108
40 2.048982501966927
40 0.915347201407428
40 2.310033312166329
40 1.632813462194598
40 1.536571777442418
40 0.932974897768291
40 2.071715682713149
40 1.738603375525321
40 1.558445253546195
40 2.549309939398901
40 1.034444287428622
40 1.675470198771136
40 1.557346240402921
40 2.222998638847551
40 1.385448304573193
40 2.970478680753732
40 1.388624843550856
40 1.462356965211661
40 1.440967819837152
40 1.167943110316436
40 1.666515368569392
40 2.764365360316718
40 1.367880054588203
40 1.459990083849076
40 2.290689341343070
40 2.536458668396548
40 1.535835785547359
40 2.187073929796533
40 2.307815741263266
40 2.858240462980062
40 2.727119313525348
40 1.119968197519178
40 1.626740736421871
40 4.371786172415652
40 2.053353301707077
40 2.424358277468958
40 2.901870464432836
40 1.892818639531404
40 2.151009779895800
40 1.229144895350979
40 1.998462723274624
40 1.040956230406584
40 1.982252845073448
40 1.183065562782876
40 2.563304901226671
40 1.348503392446752
40 2.737710048010878
40 1.137073552733561
40 1.584771878768292
40 1.367287310885619
40 2.028240253183041
40 1.109932039989268
40 1.805904652730888
40 1.298751290417147
40 1.179043456177974
40 1.808012920525461
40 1.540766543670741
40 2.949939624150343
40 1.281905444451066
40 2.009660976728989
40 3.667533534099279
40 2.698400146618422
40 4.020230079567200
40 1.841970155223257
40 2.848908286718034
40 1.305058955175106
40 1.804556932159942
40 3.075259023722323
40 4.225592348436495
40 1.437740829702989
40 1.611012760461589
40 2.389559084062538
40 3.279924160801177
40 2.227040766113682
40 2.556500851829222
40 1.605124570057612
40 2.132647816365825
40 2.270397748624372
40 2.572330904457524
40 2.290904171459783
40 1.775440820545536
40 3.273461302617688
40 2.448865093986692
40 1.745269601464530
40 1.731535475355235
40 2.738885051783859
40 1.868591046411852
40 2.043290880764542
40 1.616639739882409
40 1.526638518282203
40 1.792020212127753
40 3.272454582060911
40 3.837120131627154
40 1.830562941769065
40 1.746289792210616
40 1.962223152364087
40 2.000604975364865
40 3.093604797970567
40 1.944693737377172
40 2.869637523931091
40 1.183607569704858
40 1.729237809151286
40 2.531166791273202
40 2.685085986842119
40 1.379475995106310
40 2.099183272596765
40 2.256705801909241
40 4.202053017691913
40 1.650184882902744
40 1.796713730861458
40 3.012550186450262
40 2.058679996118047
40 2.848411298907642
40 2.446356516341668
40 2.470222380014727
40 2.417875195204973
40 1.002195966968099
40 1.242415617775322
40 1.625356611225767
40 1.220762523058276
40 2.266345697012708
40 3.274393615989325
40 2.348202594102451
40 2.605019863815460
40 3.107313357957626
40 1.689942307819262
40 1.132240508963889
40 1.318036121535647
40 1.724416274849064
40 1.974254038551566
40 1.971217107945894
40 2.396035848849104
40 1.704884637332918
40 2.439667955049211
40 1.917109363114440
40 1.627709738887631
40 1.878479000131528
40 1.813403696812119
40 1.714821662433638
40 3.088910104384839
40 2.105327209961185
40 1.873514864934440
40 2.096040407563794
40 2.384928559852292
40 1.794107495072421
40 1.469855948479884
40 3.315103341920731
40 2.846180938685649
40 3.150537822319665
40 3.105108176903387
40 1.407561119623038
40 2.565354156265014
40 2.340001749565852
40 1.614028367631857
40 1.622477274750752
40 1.392170728972365
40 1.248755067011217
40 2.647238326632770
40 1.414997233982506
40 2.264939540186926
40 2.582042664396461
40 1.674985080799777
40 1.599881961758177
40 2.210374549980349
40 1.455736378601737
40 2.185202031182019
40 2.472656796591668
40 2.868733201640659
40 2.169728036618198
40 2.791905350815890
40 2.104553730953810
40 1.675346798309186
40 1.847499479633298
40 1.250493311319017
40 2.894914223884681
40 2.211097923034423
40 2.239417934322093
40 2.948614881691476
40 4.089360832385871
40 1.875840930611080
40 1.285019577873609
40 2.511769134742923
40 1.466548810128636
40 1.743397700419614
40 1.461189346587212
40 1.196749385161464
40 2.917037512083956
40 1.715877449772163
40 2.537717604847367
40 1.498348074045455
40 2.076894094685441
40 2.302572736408511
40 2.123811195284848
40 2.670892880786971
40 2.226598543223582
40 1.348863638498715
40 1.595948983876430
40 2.260263322005162
40 2.032390588696439
40 1.598264315081554
40 2.456862599033379
40 3.463841510013094
40 1.485894911751455
40 1.265337893278627
40 1.884587021621428
40 1.457552053468512
40 2.802365176300862
40 1.596189071705259
40 2.244851113583540
40 1.345051882303288
40 2.975609750796504
40 3.515306028509912
40 2.210483956630293
40 2.826439335197362
40 1.658780709506122
40 3.118471932106649
40 3.403625195083092
40 1.981175108189240
40 1.820649686293317
40 1.079585812615482
40 1.272797673418099
40 2.050171502318134
40 1.460599822447532
40 2.351393093962059
40 1.845477798502433
40 1.177293808984562
40 1.421757116152346
40 1.548727229911069
40 3.115056916698601
40 1.559571461247745
40 1.546424555118834
40 1.820531313122599
40 1.872276254192306
40 2.044940904669639
40 1.239140940975771
40 1.818902910204612
40 1.878347793427792
40 1.172285851201762
40 1.187757337786507
40 3.770379567841864
40 1.591427060156517
40 2.106449223995030
40 2.450918147292062
40 3.789580025622646
40 1.859971363512846
40 1.139634849341379
40 1.861027329585179
40 2.070085925825621
40 1.634035229317785
40 3.135901317044874
40 2.285447790909323
40 2.011670117058553
40 2.155790933526597
40 1.591328799246373
40 2.493514206169921
40 2.793316907926359
40 2.931171114962488
40 1.652341897619957
40 2.000299913406524
40 1.948260444203971
40 1.425278627925888
40 4.337552647054035
40 2.695064044279537
40 1.472480119448973
40 1.929017233282908
40 3.894832848567800
40 1.621081488922544
40 1.347054405768640
40 2.025544054728925
40 2.134835300373922
40 0.968676418084501
40 1.332787374305591
40 3.521341377493425
40 1.523404997016218
40 2.232521135379816
40 1.237288734290361
40 1.706409059276272
40 1.754158702330450
40 3.538695855880503
40 1.458958133556697
40 2.277270030541586
40 2.886230843614960
40 2.020910210946292
40 1.998105985274751
40 2.132258197886259
40 2.094134067553343
40 1.850507897672868
40 2.382689600759349
40 1.040094930433652
40 1.383428427644251
40 2.226497957638225
40 1.449830049918461
40 1.531357903190966
40 2.079919396818791
40 3.194166907652034
40 1.851293818924748
40 1.085551729671759
40 1.655849904522273
40 1.540850950278452
40 2.597745554060204
40 2.294340887957352
40 0.982864625575971
40 1.745315569220267
40 1.729495566081813
40 1.824787841105529
40 1.323963235918781
40 2.580648915292489
40 2.607198572535310
40 2.637428369113163
40 1.331173440648380
40 2.810485636673542
40 2.499672701290991
40 1.458513159178689
40 2.574441521495201
40 1.634505795298823
40 1.312899761820912
40 1.785807894428468
40 1.020919664041967
40 1.115141633276297
40 1.154332100269761
40 1.063217775205123
40 1.367148631700839
40 1.638757912180021
40 2.118598116328311
40 2.410768593083681
40 2.965314461728010
40 2.020291374262506
40 3.226132527280255
40 1.998627730875651
40 2.318672571904797
40 1.953056746988609
40 2.087948059225838
40 1.209702199694515
40 1.089921829646670
40 1.508386486582436
46 2.879201277264158
46 2.124761269351235
46 2.361423532268276
46 2.854190293333125
46 1.985815691720011
46 1.711001789303334
46 2.735322518965878
46 1.940261417046061
46 2.443449277881058
46 4.012832971086310
46 4.065950790528955
46 2.113345120788931
46 1.928221096279148
46 3.861872181443593
46 3.306926654945405
46 3.731967892978258
46 4.346074070576108
46 3.663185860880013
46 2.421031731718817
46 2.935471607805430
46 2.347416163012015
46 2.655376191228010
46 4.901845890562917
46 2.500318885172653
46 3.059854877047637
46 2.539672818202326
46 2.944384958846435
46 1.904749524053734
46 2.289432653869515
46 4.167669469447419
46 3.770790539505780
46 3.277198931504518
46 3.264006749685486
46 3.314573090879476
46 2.014429309508411
46 2.656265481705803
46 2.476941591533276
46 2.678613083860276
46 2.351072044704218
46 4.290534394724510
46 3.059809411314771
46 2.504965456466544
46 4.351954028251106
46 1.623172919715513
46 2.880235782096647
46 2.207572842597645
46 2.299549555017857
46 1.414797020451706
46 2.602624503445216
46 3.094048367415012
46 1.353748520094173
46 3.445801784065181
46 2.365559791024649
46 4.288432879451008
46 3.342940544603739
46 4.574879987356955
46 2.292714149318104
46 2.754098011609073
46 2.276110069905730
46 4.006606379735110
46 3.834391503355654
46 1.613498411854287
46 3.009012484968243
46 2.258343028665184
46 3.054552868234681
46 2.233153819412458
46 2.567956084126415
46 2.603962634650919
46 2.339478829010457
46 2.226505529152447
46 2.548816949523285
46 2.316409537630544
46 2.684228688697313
46 4.071095742145195
46 2.453159314053096
46 2.585677010384736
46 5.091835593909715
46 3.572589480475450
46 2.115290398959599
46 3.689575326564045
46 2.537311842471222
46 2.271181280632739
46 3.021549892014890
46 3.047984849257777
46 4.617008344954574
46 4.690724085385640
46 2.581673593776073
46 1.933352178356676
46 2.570370180197299
46 2.872975935547300
46 3.742321615743416
46 1.751356483576040
46 1.871099400241760
46 2.586564209351541
46 2.602421474060363
46 3.048978993266377
46 2.885845786025498
46 3.187693439203082
46 3.460007142624108
46 2.951010219550503
46 2.132354692743657
46 3.172274509296011
46 2.405073644444225
46 2.011832601932551
46 3.196211773957794
46 2.627459916651681
46 2.330215964947072
46 2.612039411837102
46 3.893076533969516
46 3.248067088547740
46 1.998525243435398
46 3.887137039899618
46 2.928028405574630
46 3.002520184237483
46 3.057367745732622
46 1.906801247355116
46 4.480896053856330
46 2.381377277621434
46 1.537016668987860
46 4.264082506969186
46 2.544846523818194
46 3.316569699241944
46 3.274502297445064
46 2.892783944918906
46 4.140895760666706
46 2.524774615132926
46 1.949158832448994
46 3.176376098797266
46 3.704417371957534
46 2.243844576109546
46 2.641865692414110
46 3.469465286893857
46 2.792121173908630
46 3.602000901935736
46 2.852787804982502
46 1.682934908745776
46 3.315618252833234
46 2.713135505644754
46 2.886057513220390
46 3.263820106267446
46 2.434361393010802
46 2.881311650037978
46 3.086846240743215
46 2.846715911223213
46 1.369428329107999
46 1.752519446035281
46 3.181677924016831
46 2.463077879584859
46 2.304643765427797
46 2.519647225296151
46 2.350929822005934
46 2.021804755612580
46 3.195131670218938
46 4.325288046301904
46 3.153120654212292
46 3.152102685974151
46 2.806293389188604
46 3.533430902463120
46 3.218738876315705
46 2.169897643545746
46 4.695035061545724
46 3.686269065661115
46 3.689836725333494
46 2.115284938834275
46 2.318176963973317
46 2.465514721928530
46 3.833645883868873
46 1.489405816584612
46 2.199776561328930
46 2.202917718092608
46 2.765662708951389
46 2.732346703279966
46 3.249336073851274
46 2.585541713122975
46 6.429387118423331
46 1.834314945384104
46 3.724311712445898
46 2.981782349253155
46 3.227422540056764
46 1.812799209642280
46 1.916160575397829
46 2.990136367755183
46 2.591246487220743
46 3.018102922392313
46 2.429905692083317
46 3.864082215446509
46 2.048152939336555
46 3.814354407939316
46 2.198906695825122
46 2.047106212703988
46 2.793052201027862
46 2.564271585646853
46 2.762194053926743
46 3.708286911736028
46 2.096762541708844
46 1.859567314328675
46 1.486070423222422
46 1.803326789206809
46 3.059783372552185
46 2.334070396188410
46 3.080580969932789
46 2.733309646768325
46 3.329911669502319
46 1.400991922556951
46 2.760026139849804
46 3.415083892778484
46 3.393074103152729
46 1.985464071991422
46 2.252269038828703
46 2.093584831399988
46 3.899743817633712
46 5.161185899117410
46 1.771890940710337
46 4.023697772918580
46 2.374152533606968
46 2.597859014220738
46 2.408268839924276
46 2.527026370457990
46 1.990310164597553
46 1.620325014090099
46 4.241816423727938
46 1.962143635631780
46 4.193728904200755
46 1.676839702048641
46 4.944048742392140
46 3.688449946234670
46 6.474187455762470
46 3.030224810712768
46 6.565137400091453
46 1.892704679120716
46 2.199726496500500
46 2.382205725252334
46 2.442322580629380
46 3.955046996259862
46 3.679904300789659
46 2.310548561155154
46 2.445097494120695
46 1.196466254806585
46 4.548026160262996
46 2.291565830581449
46 2.894982976275773
46 3.111441741327030
46 1.693019964382102
46 3.401365451596305
46 2.769306509519517
46 4.795935627045266
46 2.984135695874099
46 3.854375456725463
46 2.643741817443219
46 2.535315897120701
46 6.040292508874959
46 1.677569089880007
46 7.062706182537795
46 2.974569967103961
46 1.700311882234363
46 2.310577305812777
46 3.493588995695029
46 3.289951521489934
46 4.190329117994386
46 5.212492355318092
46 4.117891542024065
46 2.271260529994898
46 2.738787394224967
46 2.872708327268599
46 3.471464250531991
46 2.997242334000244
46 2.832533992874930
46 4.254673037848116
46 2.945858246309762
46 3.116583582495530
46 2.837117345361607
46 3.832088696994468
46 2.694494371039491
46 3.201776602151845
46 1.436216186774813
46 4.268506945707842
46 1.942459785845207
46 2.078233546737593
46 1.699059459716982
46 2.943645276684315
46 3.066100413720642
46 1.648165850244764
46 2.421350472572965
46 2.136074362887068
46 1.546422576236334
46 4.562591200964697
46 3.059157937106181
46 3.037783755477672
46 1.970556625315594
46 3.330029740279627
46 2.654810242232602
46 2.979902671519667
46 3.056879678352872
46 1.800294171076401
46 2.178908733949201
46 2.800125661633598
46 2.802107567849463
46 2.449142695646194
46 3.699061729552654
46 2.311050672653225
46 3.692016694650315
46 3.168867553679230
46 2.490120853721977
46 5.339548237091193
46 3.967940251419822
46 3.783236315204875
46 3.434490146539038
46 1.546114456707409
46 2.460713435218849
46 3.609552789587497
46 2.818430613212833
46 3.021550811616168
46 2.596495451982105
46 3.559038197786832
46 1.830128373401402
46 3.640362028774669
46 2.301145961782642
46 1.847770566030054
46 5.080104093965350
46 3.631001564531680
46 2.236334855787772
46 3.078752480188244
46 4.219653763260687
46 4.361538290907200
46 2.332996848481385
46 3.936051010041536
46 3.240226718754597
46 2.236796646383731
46 1.546548363446113
46 2.985264421653166
46 3.826913334985941
46 3.307793697481011
46 5.003252289550231
46 1.997442007985027
46 2.682425255714615
46 1.764444895289322
46 3.330150143414603
46 6.324695337385181
46 2.511485839975447
46 2.880609168858147
46 1.342920774805644
46 2.475112703623997
46 4.005558942324204
46 2.054788842458201
46 4.658089491227715
46 2.240041613516507
46 1.974067120841466
46 2.334599452916588
46 2.410519954682878
46 1.540703048551347
46 2.574825467272920
46 3.690004109317332
46 2.346506212744934
46 1.690380463384750
46 2.079580581096974
46 2.062598968164517
46 4.593179401584865
46 2.815058549212861
46 2.136615630083599
46 2.087783059246277
46 3.078107058959340
46 2.525386108363242
46 3.239152201564131
46 4.569750012324544
46 3.654865183604082
46 2.874790481214245
46 1.769668235206243
46 3.998040376974008
46 1.933772184190324
46 3.548740408049954
46 3.563732583878554
46 2.423117673581030
46 2.569613444502119
46 2.162216573372117
46 2.470771816917152
46 3.501576556634898
46 1.907799171849292
46 2.262838608353148
46 4.629258740683318
46 3.297444632993106
46 2.113733788876903
46 3.350534615469643
46 1.919364207137531
46 4.983739560689136
46 3.230714689059995
46 3.990966720622202
46 3.407353461110050
46 2.794946810006532
46 2.149488103386636
46 3.286756648924059
46 2.678656185816752
46 3.368565880674343
46 3.438408612945661
46 3.068815987618160
46 2.438113529325970
46 2.619650021332382
46 1.486285458287079
46 2.610489509939303
46 2.936560598243203
46 3.638683259041975
46 5.507406555461483
46 2.233579875394500
46 2.887400226176623
46 1.509750953160913
46 3.380959644616333
46 4.276696005378201
46 2.590320958494916
46 1.953976677919734
46 3.440356457504100
46 3.584694877040532
46 1.867623804097498
46 3.957540294954702
46 5.147199204704137
46 4.894724251890437
46 3.412944101531413
46 2.902991066620126
46 1.921980629043440
46 4.531755137961269
46 3.122544843606804
46 1.862962646662389
46 3.368234188777206
46 3.124880607940265
46 3.095073327586182
46 2.167054252802039
46 4.059676548437469
46 3.665239920596363
46 4.279556459312070
46 3.864907142796947
46 2.173930111147085
46 6.229186319231182
46 2.504811270471892
46 2.962371525758577
46 1.911067526611271
46 4.387175810349441
46 3.349405548941281
46 5.049011487879021
46 2.711069987049969
46 3.010113186835937
46 4.452855706684653
46 2.888862230825956
46 2.019476488632991
46 2.725993063146755
46 3.566888067324694
46 4.014334047614975
46 2.527539967158693
46 2.510049647081813
46 3.485620793116315
46 4.109079519804943
46 2.686769062127309
46 2.771075761557991
46 3.484843151734742
46 2.450277139883229
46 3.646703773982219
46 2.607618182057893
46 5.122795280227857
46 2.019348873903468
46 2.693905240908474
46 1.553085371469322
46 1.244852120818093
46 4.490702112880690
46 4.259842647137320
46 3.360678788737361
46 3.957879131604948
46 2.781698027663288
46 3.198066997207776
46 1.988354976069350
46 2.952716312528283
46 4.922654871861295
46 3.057798873810099
46 2.441232980318623
46 2.698482202886236
46 2.392871971177751
46 2.889532272753722
46 2.446019826016440
46 2.145452498794024
46 3.218098215211118
46 1.844448210384880
46 2.521565842589474
46 3.636310686016893
46 1.425389492593213
46 3.864239462502561
46 2.613550087342217
46 2.609253517479685
46 2.088992308871331
46 1.998893418007468
46 3.829775717882149
46 1.587135891870130
46 2.199887693967032
46 1.816107723026829
46 3.609470027469502
46 2.845138204014481
46 1.684485838783705
46 3.154927833880993
46 3.282865569337782
46 1.576637498642821
46 2.005705233597499
46 1.874023316629955
46 2.494472977527677
46 4.762167304874533
46 2.737465358296681
