10 0.018033587841437
10 0.015619174786395
10 0.022701020569324
10 0.008682416822544
10 0.009641866697157
10 0.021102210633171
10 0.014130246632176
10 0.017630951187404
10 0.014594778876599
10 0.012952352247574
10 0.013650405062336
10 0.015158939857390
10 0.009773097561215
10 0.019790419660322
10 0.040364492137572
10 0.026202962089426
10 0.021694636266782
10 0.018974287433958
10 0.019399068505331
10 0.027552555477113
10 0.020783183521043
10 0.009776241833822
10 0.013424308565623
10 0.013739602621302
10 0.009962721802658
10 0.013105001815271
10 0.028863266336041
10 0.010087548363315
10 0.016262519780791
10 0.010115145732884
10 0.013263786780668
10 0.013139195822810
10 0.022474866491057
10 0.012624561276605
10 0.024045680849761
10 0.025656378122932
10 0.020108653684548
10 0.012498838089060
10 0.019071266572141
10 0.012906933350064
10 0.016086843862061
10 0.017633856352876
10 0.014181610382272
10 0.013430715558043
10 0.013794341655223
10 0.016362499337214
10 0.017160949418417
10 0.010755738050089
10 0.008424540151795
10 0.012446359340124
10 0.018232503928258
10 0.016732265112291
10 0.011876871096250
10 0.024556926851457
10 0.009966496524695
10 0.029030170487414
10 0.012628238650468
10 0.030380778544027
10 0.026759373486788
10 0.019475558159559
10 0.025426803287518
10 0.017553351588037
10 0.015350502818782
10 0.019009798043471
10 0.017641524062186
10 0.013753987166617
10 0.015518944238168
10 0.011270696788707
10 0.019258837816487
10 0.010237540457611
10 0.011673025315422
10 0.025465007898636
10 0.017371546459202
10 0.010860036039884
10 0.009995984741943
10 0.029035822034292
10 0.015142429550427
10 0.018989211860128
10 0.023147018300543
10 0.019890511315913
10 0.021977672470102
10 0.016244538413366
10 0.019576046105515
10 0.018349480506517
10 0.024116088927620
10 0.013655748082902
10 0.029186913658297
10 0.012088226108829
10 0.019621961371665
10 0.017958207643878
10 0.017051797019977
10 0.021576402572481
10 0.015552905404427
10 0.014820522010584
10 0.017691220007237
10 0.019075945814191
10 0.014289266320336
10 0.024994701757919
10 0.015329071342051
10 0.017222539219526
10 0.019245647191179
10 0.014888070567558
10 0.021054970500840
10 0.017153194238588
10 0.019511330025606
10 0.018929302010162
10 0.011208205610092
10 0.015099704299837
10 0.029971284864119
10 0.014408014858951
10 0.012528285575784
10 0.012653262867686
10 0.024644979180129
10 0.012630265880116
10 0.019587007873122
10 0.019188157046212
10 0.014823045723186
10 0.020370378020105
10 0.016809766353706
10 0.015712373084769
10 0.026852580329363
10 0.009197809051076
10 0.019623002714219
10 0.024454352969229
10 0.018567363918132
10 0.014131323179514
10 0.018347872716671
10 0.016578610529744
10 0.014863421142676
10 0.033314922650063
10 0.017419085003314
10 0.011715692510070
10 0.019550318819588
10 0.017215706613394
10 0.012055673754507
10 0.021776140721396
10 0.019331482799310
10 0.026469868428621
10 0.032123078228819
10 0.010168496925940
10 0.029789239953216
10 0.031121641799724
10 0.013536936625558
10 0.015451353992519
10 0.025440462012198
10 0.010026851857151
10 0.018522890679601
10 0.015467717188594
10 0.022499943434838
10 0.016677551469297
10 0.031294774507897
10 0.015048099653808
10 0.014341321433240
10 0.030963976534844
10 0.017199947279974
10 0.015769414141268
10 0.011405429416618
10 0.031369736254969
10 0.016213863034810
10 0.015465009536695
10 0.009097685971414
10 0.024599069120549
10 0.018199410523457
10 0.032596572992062
10 0.011252723264734
10 0.012024392583791
10 0.034699681585315
10 0.011188603910661
10 0.019589709320708
10 0.013040587359188
10 0.016210177860716
10 0.013041719023834
10 0.035974372513232
10 0.023560122301065
10 0.013885488210114
10 0.021945420075137
10 0.013409271344142
10 0.011352656128877
10 0.017858456674198
10 0.015816755429613
10 0.022087557019142
10 0.023801457274620
10 0.022846173511735
10 0.013750274993353
10 0.020803380101080
10 0.011126664695852
10 0.013767667976868
10 0.010954533384497
10 0.022965691355776
10 0.015556667388818
10 0.012999430621799
10 0.017146383510670
10 0.037385694419284
10 0.020128211320715
10 0.021077898578165
10 0.020383598044302
10 0.010641168632795
10 0.025828455513434
10 0.007935467102585
10 0.016483220965333
10 0.021898008278152
10 0.022508792825223
10 0.032449884481758
10 0.014210078689990
10 0.016533491707451
10 0.029781576397889
10 0.015367218059144
10 0.022535827912406
10 0.015699494879851
10 0.020942803755081
10 0.015562251061850
10 0.015307768105939
10 0.006946618727890
10 0.037263760977110
10 0.019208868505917
10 0.032948930095507
10 0.026527053776296
10 0.031237842219001
10 0.011660451353540
10 0.016636627287730
10 0.018205411107155
10 0.021857102680071
10 0.013122844411109
10 0.028649716819715
10 0.020828583405411
10 0.012906747501449
10 0.023129392875458
10 0.020003460487464
10 0.030994529735326
10 0.015679056667221
10 0.017047481922876
10 0.017795010763005
10 0.010516867718096
10 0.016303248190869
10 0.011494833744076
10 0.018876098867177
10 0.015026052695046
10 0.013414737359822
10 0.015176767359920
10 0.010998190289826
10 0.027987324837786
10 0.013354810916253
10 0.013515791502322
10 0.014251188094105
10 0.010747610325659
10 0.015289840324148
10 0.019540435694061
10 0.026925720230995
10 0.019427402474421
10 0.014298687851599
10 0.027750052256334
10 0.021098811840473
10 0.015275854994054
10 0.022369505464337
10 0.013966842622940
10 0.035868169003508
10 0.018592750401490
10 0.012289220680614
10 0.016544067652879
10 0.010991319262862
10 0.021238511450920
10 0.014738097977546
10 0.014475319276123
10 0.012069263312148
10 0.017135679206230
10 0.015739705623695
10 0.015667307175688
10 0.024615903692307
10 0.015353512351361
10 0.018077380860607
10 0.015250993196241
10 0.012620949122295
10 0.018717672196143
10 0.018914293735420
10 0.023487297269598
10 0.019222978575493
10 0.031280746615710
10 0.011890232791337
10 0.016283891336083
10 0.019318110995594
10 0.022490478206460
10 0.014391770430945
10 0.017832058983311
10 0.014098243238814
10 0.011222783377439
10 0.026099789017290
10 0.030832926840707
10 0.036412519088094
10 0.011719789207403
10 0.021966894470502
10 0.015078768196246
10 0.025812433909166
10 0.014414300133547
10 0.016815981278293
10 0.020646244780234
10 0.015274805106262
10 0.022065586849495
10 0.009392948734262
10 0.030475623797318
10 0.021623394944610
10 0.014786804977219
10 0.013285850927163
10 0.025335030630126
10 0.014717202684681
10 0.013029718686480
10 0.014008348207897
10 0.024240313185763
10 0.014435590287241
10 0.015341695939587
10 0.013395629261637
10 0.015963748946120
10 0.024867309678388
10 0.023008004263077
10 0.018297773044890
10 0.016605358312068
10 0.022896588147096
10 0.016178420403633
10 0.010920338774864
10 0.013889450836572
10 0.014163514894867
10 0.031215431478472
10 0.018571994199945
10 0.024871932555832
10 0.015537028903003
10 0.009716755926619
10 0.017121890256264
10 0.021636304052659
10 0.014123739205431
10 0.010351531052961
10 0.010746038636178
10 0.013542368956095
10 0.015751927057097
10 0.026444190316627
10 0.022237992096724
10 0.026372059096687
10 0.023531351479600
10 0.012691120110215
10 0.011359027764578
10 0.019366331098982
10 0.009408095942370
10 0.022466783658483
10 0.022485825967324
10 0.015415619823039
10 0.019117647879939
10 0.021787540036899
10 0.026878134990981
10 0.021986468669148
10 0.019902309027588
10 0.025620326297155
10 0.015485046441995
10 0.018379495659691
10 0.016903284325151
10 0.022562304075301
10 0.026332063505806
10 0.019571568001958
10 0.018309826369096
10 0.022607149084948
10 0.009581157292996
10 0.024811704165651
10 0.010621294863269
10 0.015623465469981
10 0.036316677362545
10 0.010770785448647
10 0.018168700157834
10 0.020328928633428
10 0.010998011495111
10 0.009117480696409
10 0.016540367416439
10 0.010528120856371
10 0.010401525809055
10 0.014199712309209
10 0.015591634299062
10 0.025291826797979
10 0.019007186244589
10 0.018406754270842
10 0.010305107511183
10 0.029208921292726
10 0.011494423665279
10 0.025571580010562
10 0.016212110859360
10 0.014500342226513
10 0.015986128968418
10 0.016148192837996
10 0.019461296446283
10 0.027788548039942
10 0.019908315859056
10 0.015706175700726
10 0.011566928340570
10 0.029146186933885
10 0.013762892259250
10 0.028925129742613
10 0.014516100588777
10 0.017090694599078
10 0.014776276124714
10 0.008301820576203
10 0.020910163153345
10 0.016451612268704
10 0.041689532829637
10 0.015292570395989
10 0.016259183499570
10 0.009751803985964
10 0.013674547997706
10 0.012087113605153
10 0.017598135087530
10 0.022676310641208
10 0.023092095529532
10 0.013340589760565
10 0.026228330629901
10 0.011757352400408
10 0.013171856726450
10 0.009367734108522
10 0.029011111046147
10 0.012857346616678
10 0.032073682265812
10 0.018136499657140
10 0.011205254468026
10 0.012396290850306
10 0.008050087670797
10 0.011841038543068
10 0.018551442136898
10 0.019992877290690
10 0.017150139870210
10 0.021663263796741
10 0.042861853178633
10 0.020485170526208
10 0.013211622240970
10 0.019720566235878
10 0.024680867804529
10 0.011013180301517
10 0.021385165298332
10 0.021079143201081
10 0.018697536687016
10 0.017289065494133
10 0.008665948304160
10 0.010571816116470
10 0.013515703836995
10 0.027564985932428
10 0.013855652208147
10 0.026051766525988
10 0.012122668015352
10 0.022482587774705
10 0.025136778176097
10 0.023359477721348
10 0.018811501370450
10 0.009644441618877
10 0.013609478181067
10 0.022301616684409
10 0.023798065171371
10 0.016941997504278
10 0.015044746660510
10 0.016068197164777
10 0.023241415818770
10 0.015628966217310
10 0.017372370304227
10 0.020614426903110
10 0.021593373157060
10 0.009440823905196
10 0.032041536204080
10 0.009314359409339
10 0.013972960073714
10 0.014352846606168
10 0.010791708963342
10 0.020107388845558
10 0.030129554557530
10 0.018818059777808
10 0.017620000694475
10 0.016071910656374
10 0.014719504623101
10 0.016316531635491
10 0.013167298587469
10 0.015835041103603
10 0.014404300781012
10 0.010372340767175
10 0.015144182195794
10 0.022277327370120
10 0.025582819324230
10 0.009392874507391
10 0.025930895144614
10 0.016267786369191
10 0.014581014109178
10 0.025280934663173
10 0.017961251178213
10 0.013017423358667
10 0.018081555443092
10 0.014333441386967
10 0.022257932574614
10 0.019181192293850
10 0.015690394744364
10 0.009708440635194
10 0.021373340863447
10 0.020400095205514
10 0.022927323538257
10 0.020946253403696
10 0.016923805424939
10 0.014362780623288
10 0.013520639133373
10 0.018753675250109
10 0.010475482575764
10 0.027345954952585
10 0.027993180014666
16 0.080127499732749
16 0.150981342792649
16 0.098268142938258
16 0.104012113670666
16 0.118093939625478
16 0.076036439703695
16 0.082917657265817
16 0.061903430923759
16 0.114583119220608
16 0.193129357488845
16 0.077214279990015
16 0.087563556194286
16 0.106061954741334
16 0.077646201243743
16 0.147638769934571
16 0.145443968355928
16 0.155583280740956
16 0.058584574625214
16 0.093537286866155
16 0.227362893624333
16 0.102665093458574
16 0.200003285204976
16 0.071790560686921
16 0.083439451516079
16 0.109611762462102
16 0.080918604645098
16 0.101492172333689
16 0.126445351435673
16 0.098225483605861
16 0.109790514236896
16 0.084379842492320
16 0.100812889019433
16 0.198687828649545
16 0.044708951983301
16 0.126427243326752
16 0.069516568178805
16 0.089931276776986
16 0.067656814353994
16 0.061186490834911
16 0.166118914098230
16 0.056768920618428
16 0.168489970122627
16 0.117241037052586
16 0.144621512821475
16 0.130337943549883
16 0.101258418554544
16 0.119862620386660
16 0.103150158234184
16 0.098929590995505
16 0.133180144618233
16 0.072788457806225
16 0.071603954794966
16 0.082847268544842
16 0.226146205613978
16 0.077614929014176
16 0.086297492997980
16 0.188884160284752
16 0.161557339413500
16 0.106706729495824
16 0.115667267627077
16 0.116109936920383
16 0.083239752290167
16 0.062298566642613
16 0.117590743001702
16 0.088665189690265
16 0.063366158325919
16 0.073151023580182
16 0.103737969319671
16 0.149885378223141
16 0.125529215637297
16 0.111259384938611
16 0.074568643253896
16 0.124479463598212
16 0.091568958192268
16 0.091514317814454
16 0.090782435100904
16 0.054734404695621
16 0.077246902428948
16 0.163448350241388
16 0.106177520438604
16 0.169970589274356
16 0.091990146201569
16 0.112117724301057
16 0.114640299918474
16 0.116036732603028
16 0.075195114166323
16 0.165729648767792
16 0.108412189770330
16 0.110985352160154
16 0.254527875590011
16 0.165109599786792
16 0.087388750529676
16 0.058561577905224
16 0.123795859407916
16 0.113075325807737
16 0.159981161612106
16 0.099582766156076
16 0.074477258661367
16 0.141551798699702
16 0.087834161874527
16 0.153971289638612
16 0.116554221353967
16 0.140060431368195
16 0.051717889149951
16 0.060284330431957
16 0.073237120395373
16 0.133556858127067
16 0.075447526947816
16 0.086557248284600
16 0.091250883403129
16 0.060815621050939
16 0.102710596975545
16 0.152687768395744
16 0.103994399989625
16 0.095687923847554
16 0.098326477551216
16 0.128970845408580
16 0.117424711811605
16 0.131820373241611
16 0.077019621851323
16 0.180177990492768
16 0.094758371984371
16 0.142103964654311
16 0.122692212704673
16 0.138178012667886
16 0.098909789903671
16 0.122776621419653
16 0.077935911573320
16 0.139820441101195
16 0.066502516876677
16 0.150196890711751
16 0.076862661129485
16 0.119792794442259
16 0.155279606368352
16 0.125232677461853
16 0.090729344149547
16 0.123822169738369
16 0.122446277931138
16 0.069377435491737
16 0.078026881253000
16 0.057155225394122
16 0.136741060566595
16 0.121011065745602
16 0.115073297089668
16 0.092176970361848
16 0.062387796494968
16 0.126745768740628
16 0.103127729217117
16 0.145490657685734
16 0.081518524679624
16 0.101566670860359
16 0.128217063445961
16 0.075807106972307
16 0.179632546708590
16 0.078863800942664
16 0.093421348246524
16 0.165031231052970
16 0.116658859983108
16 0.086797179993932
16 0.124326656595213
16 0.122351820670979
16 0.127773875829412
16 0.096197734886470
16 0.167030985588144
16 0.054426333393449
16 0.070269260701352
16 0.082180766052310
16 0.088006986743111
16 0.087088377507349
16 0.185533514957739
16 0.100157095956451
16 0.124266490573259
16 0.118428790440370
16 0.083259185557943
16 0.143343388277430
16 0.083310405350847
16 0.149125404386928
16 0.071571271056483
16 0.090937083255097
16 0.156557722581011
16 0.067257286544426
16 0.164197548491269
16 0.172847402068440
16 0.143750332335795
16 0.101826949714864
16 0.189850829003848
16 0.165446946532614
16 0.147546603786756
16 0.157045715364589
16 0.072021855022314
16 0.138114005964372
16 0.112254137120617
16 0.077558781329439
16 0.070517260435811
16 0.106023578671587
16 0.052617695088883
16 0.109941039121530
16 0.096778618682587
16 0.132587534045785
16 0.095212108262805
16 0.033412222158120
16 0.096070936138466
16 0.086739092607408
16 0.138432277157506
16 0.093913431956792
16 0.138900347855833
16 0.106999881258589
16 0.071163382509361
16 0.150056171406151
16 0.080532155612423
16 0.124899997033457
16 0.096329452220793
16 0.124709726244335
16 0.115613884502814
16 0.095391232295593
16 0.116845578727532
16 0.064881310962327
16 0.109891947360729
16 0.101502104704144
16 0.223496960601494
16 0.093675727908081
16 0.095378776520870
16 0.076316760056810
16 0.164824029838047
16 0.124178951641302
16 0.120465244857334
16 0.127865055112597
16 0.141355617422875
16 0.122416137365023
16 0.047490199160761
16 0.226764504294533
16 0.114502950630000
16 0.062480087535573
16 0.170849764641693
16 0.156771041886131
16 0.109729436356773
16 0.091958351683786
16 0.078063651585653
16 0.123775930577332
16 0.070267875322744
16 0.061451617661385
16 0.101362639397626
16 0.101116072821308
16 0.164714233792274
16 0.122267936240978
16 0.142840384964013
16 0.095520762695704
16 0.109085344113086
16 0.098146853887617
16 0.114173830299012
16 0.100752370341939
16 0.111729919461051
16 0.130807355286723
16 0.059598850242780
16 0.080155335706936
16 0.102702888004942
16 0.082008425271035
16 0.103737499838627
16 0.098108040140961
16 0.087343901467765
16 0.057151771464365
16 0.149806463555199
16 0.088588103256739
16 0.087823342094808
16 0.066892581661332
16 0.102045756744952
16 0.055339383077248
16 0.083772213391942
16 0.125862693708425
16 0.083132472783167
16 0.132057276650642
16 0.080615555302605
16 0.116266432856390
16 0.119221276252700
16 0.102159579460702
16 0.065949954938559
16 0.133583560345559
16 0.056644695276376
16 0.136474473237120
16 0.162956216354168
16 0.110387774468277
16 0.083696654873585
16 0.111104260389556
16 0.059790362938704
16 0.091079415215161
16 0.098663690938091
16 0.083440291311740
16 0.146875799146208
16 0.087642452991707
16 0.085126037190395
16 0.099719304854840
16 0.226968985206017
16 0.064246723634040
16 0.084435059052936
16 0.078054616661196
16 0.137178888467396
16 0.155889959979915
16 0.090119227045249
16 0.105107452849635
16 0.054045624017450
16 0.142357739315778
16 0.068871289773976
16 0.137038053928012
16 0.090323555393559
16 0.102775687188762
16 0.124631468738281
16 0.085335956889725
16 0.041122642905242
16 0.106982951426896
16 0.111334171425889
16 0.093389548495627
16 0.080541784117207
16 0.163999431256091
16 0.084054938344549
16 0.079320031009258
16 0.110003503988589
16 0.074537775068089
16 0.110430557572520
16 0.085020268468368
16 0.139075717105380
16 0.113216152154560
16 0.135916169855568
16 0.116461858215263
16 0.093586929296564
16 0.096578120915453
16 0.091336054486163
16 0.086740351870500
16 0.148837668344783
16 0.125242437496408
16 0.078985218858392
16 0.090716979104756
16 0.079222096467636
16 0.069372456913318
16 0.119720354067291
16 0.092551195413046
16 0.123203969800581
16 0.064905768991942
16 0.071906992370005
16 0.139169386152651
16 0.186433205928503
16 0.135269013447316
16 0.056503407257030
16 0.061129366903086
16 0.134375324952735
16 0.076196093143130
16 0.118440568055513
16 0.104924389686466
16 0.126766964243504
16 0.116958739133141
16 0.149085404764922
16 0.088658943141597
16 0.123668887554595
16 0.084551869201882
16 0.106996857095252
16 0.098820052223064
16 0.180927284017548
16 0.068382452018387
16 0.060642988728342
16 0.109210488611010
16 0.193666982844484
16 0.067628660782160
16 0.079343488068969
16 0.176490852852975
16 0.102189078200613
16 0.121363090857155
16 0.188118205498673
16 0.107262935082603
16 0.144675244546800
16 0.037832281213308
16 0.145160692315948
16 0.120687719137364
16 0.079868562578409
16 0.094858702984890
16 0.151825088190468
16 0.129814465307925
16 0.070763021546379
16 0.092349697172884
16 0.045119351163139
16 0.116317026102542
16 0.256227968311472
16 0.108357069449714
16 0.049368305827451
16 0.069338030085824
16 0.184483494626499
16 0.151275110304505
16 0.084421711372698
16 0.096406286890833
16 0.140605793106590
16 0.067394947768790
16 0.102169089111716
16 0.057042148323801
16 0.091206181230851
16 0.103684988853608
16 0.132394956947759
16 0.102110103539418
16 0.080105491070294
16 0.114541045533631
16 0.132402248524704
16 0.065745471161484
16 0.116299487361037
16 0.091172174844961
16 0.115879568200044
16 0.224211710709392
16 0.136854143417064
16 0.170157149759760
16 0.178576633163796
16 0.073046322387371
16 0.069362639121887
16 0.179008077135428
16 0.160465830978749
16 0.141116159061482
16 0.077245935776773
16 0.059565499838968
16 0.137705923411735
16 0.108436962325279
16 0.163951456926663
16 0.173934868890422
16 0.137390451117447
16 0.087393041865537
16 0.134095163243291
16 0.184904060271778
16 0.128423115681610
16 0.103946220390283
16 0.061093595932870
16 0.066398454440343
16 0.147540570463486
16 0.053478988991329
16 0.124536596532185
16 0.090114891393924
16 0.105235432411850
16 0.133516261322836
16 0.110018306540567
16 0.093642272046209
16 0.133387632276069
16 0.106364354399012
16 0.061139810718298
16 0.060331316606097
16 0.064989597427689
16 0.083327233102107
16 0.055279894095231
16 0.099414141876362
16 0.087925544139525
16 0.085139303569152
16 0.075261253329526
16 0.062993113467106
16 0.046684791445864
16 0.159199568612535
16 0.152154139333771
16 0.093894489162213
16 0.234196427995018
16 0.110010225701512
16 0.123133680593579
16 0.165263332307757
16 0.092098525832422
16 0.086241107222478
16 0.203441952238916
16 0.113454150506038
16 0.095519609664474
16 0.055222718120612
16 0.126511504510044
16 0.092040575782281
16 0.072340568568987
16 0.098108817866189
16 0.096204878682733
16 0.069558349095807
16 0.184658596694777
16 0.085889084458066
16 0.155802336513244
16 0.066210303034416
16 0.072455565382323
16 0.131987671762824
16 0.114117675432991
16 0.055342171398694
16 0.108587220111241
16 0.067347306021713
16 0.141932820140683
16 0.090646335274309
16 0.119219495956006
16 0.063080713973051
16 0.089334150137694
16 0.077220059768490
16 0.095454041758964
16 0.103304671174492
16 0.161794239552974
16 0.104021549731647
16 0.109268772929558
16 0.121648794678002
16 0.126798158361823
16 0.105361235087416
16 0.182395097755831
16 0.098573822324902
16 0.065212215427905
16 0.070270908284789
16 0.112150687462356
16 0.090723295223948
16 0.091787001410656
16 0.080562379186292
16 0.113488897591014
16 0.077846139288021
16 0.131842856122262
22 0.415739651719285
22 0.282068059937418
22 0.252652070916336
22 0.292282027921079
22 0.413471627087571
22 0.224668332964403
22 0.215579284831838
22 0.375873758154853
22 0.360421121451023
22 0.303763174402964
22 0.271636621156460
22 0.254314063947006
22 0.531058139513990
22 0.250370178548689
22 0.306785183055148
22 0.613398651397283
22 0.444311986387365
22 0.321432340913760
22 0.198829822005059
22 0.578047210806630
22 0.305567680926729
22 0.284898217012654
22 0.379536441901003
22 0.215220469448297
22 0.233265375084829
22 0.349142876053404
22 0.302248960719140
22 0.314703408242190
22 0.412442697154471
22 0.557811867245706
22 0.447739037575905
22 0.508159157059490
22 0.465977696592390
22 0.204514754752260
22 0.276001024098911
22 0.225323467470010
22 0.619515534136541
22 0.420860274587163
22 0.266821713200607
22 0.244841534626957
22 0.188595655758030
22 0.332822708212843
22 0.216539651570199
22 0.404562154446890
22 0.369817180547624
22 0.244809917497216
22 0.244447901504403
22 0.236888493608405
22 0.189668815608150
22 0.330888866928331
22 0.431554938836761
22 0.225277739348074
22 0.377037875415800
22 0.295781897075831
22 0.509155803067158
22 0.236150308096690
22 0.309934161892151
22 0.328205932477698
22 0.240015490962990
22 0.477268009758792
22 0.253164604644903
22 0.250118048807932
22 0.489470142092610
22 0.388649931208762
22 0.169319673077205
22 0.308544861675204
22 0.229534380417086
22 0.417816376485431
22 0.395166330205751
22 0.319932451256066
22 0.327569377259425
22 0.238676406653468
22 0.329111863657846
22 0.383323967402376
22 0.490272224514858
22 0.254643713700627
22 0.210185200947380
22 0.338183531095444
22 0.202751843935431
22 0.601933843539153
22 0.366950588041144
22 0.291460792474735
22 0.249219534118459
22 0.300442351612633
22 0.367859597907343
22 0.310741170391493
22 0.210945235274575
22 0.244199162974077
22 0.388816575661792
22 0.235865849925965
22 0.279395190791210
22 0.356144117992121
22 0.280241248780563
22 0.230085416336798
22 0.280266314184769
22 0.228861558900454
22 0.210268595041982
22 0.504248965788977
22 0.345743247830772
22 0.187772706013082
22 0.321362953381314
22 0.238588442392705
22 0.406239134529028
22 0.166583833404547
22 0.233005983048622
22 0.434463512014308
22 0.402128725307050
22 0.233220603954059
22 0.148401877958866
22 0.289255471581447
22 0.252802035531499
22 0.467013513525865
22 0.251006134955130
22 0.519233849637379
22 0.396749977557616
22 0.276849227774581
22 0.419626412534080
22 0.286029885266140
22 0.223772356994455
22 0.228196962687014
22 0.294623219429559
22 0.509867125761355
22 0.345118428093966
22 0.206663002282104
22 0.247792068193246
22 0.342845249337253
22 0.172971798438539
22 0.286022300969864
22 0.270920874942947
22 0.271425718412692
22 0.326930961542806
22 0.505484803738407
22 0.288985782153471
22 0.208649211591409
22 0.405615931061937
22 0.245040651997060
22 0.487450543660834
22 0.503927457668783
22 0.459143438200783
22 0.284705558644454
22 0.440268316090077
22 0.237428203258812
22 0.452348857260155
22 0.278580560937171
22 0.370263846130995
22 0.383728828159329
22 0.284161844369100
22 0.305474706708025
22 0.369896860908047
22 0.362882682889007
22 0.510034689095572
22 0.228379299416543
22 0.228478637628656
22 0.177499439069264
22 0.262949237370669
22 0.749970196974721
22 0.403957850674367
22 0.194804543339613
22 0.207909735829975
22 0.264153849427755
22 0.314868260274880
22 0.380732940006169
22 0.289787680939475
22 0.554656130102141
22 0.211758231042100
22 0.534729712575961
22 0.513114278259905
22 0.414536482931594
22 0.451240101415719
22 0.288260586630268
22 0.185187183988405
22 0.285606896228262
22 0.250869854537340
22 0.360771640354796
22 0.264581233138831
22 0.329083203310404
22 0.345441711996109
22 0.339201948694126
22 0.413310624467799
22 0.387234354958335
22 0.179568045898014
22 0.167848196694758
22 0.138616872040511
22 0.195036378192131
22 0.324948842685717
22 0.392453908728462
22 0.350234755865725
22 0.277252647876859
22 0.212220344951196
22 0.293579032295932
22 0.192645184892737
22 0.465134180542033
22 0.578555016867428
22 0.334176898672054
22 0.278006134837760
22 0.441670568798440
22 0.299152311442106
22 0.197625075264571
22 0.275669793820704
22 0.232293410411319
22 0.346168184969205
22 0.632888290547431
22 0.231103339611789
22 0.212132826808526
22 0.238532061305707
22 0.209127532066542
22 0.187958224059530
22 0.416827841098829
22 0.446281576270305
22 0.339534487660785
22 0.314313369297116
22 0.458777168215085
22 0.481782485205433
22 0.235090059133333
22 0.336781772596095
22 0.495794245674891
22 0.249535149271970
22 0.204080780057393
22 0.180150887223225
22 0.207317042796696
22 0.265967277767037
22 0.271774395557593
22 0.218959662036397
22 0.415558646998273
22 0.427055288437817
22 0.170270121791169
22 0.221704745932402
22 0.405541356025676
22 0.315087154862730
22 0.359058422992702
22 0.408438210357923
22 0.125536937615926
22 0.284967349567022
22 0.405741461157266
22 0.339673417711641
22 0.210571206014313
22 0.524855592745668
22 0.297718417667879
22 0.463442905661528
22 0.582649653363134
22 0.251372602289763
22 0.299653680157074
22 0.173311736728176
22 0.432545498835626
22 0.304952588919849
22 0.303918022009504
22 0.250785128252190
22 0.401607102583314
22 0.553746011041819
22 0.157701803232196
22 0.414203007844625
22 0.328877946777392
22 0.144306715193762
22 0.297945078217275
22 0.248284345214318
22 0.259149127649408
22 0.287156558411277
22 0.506952706385970
22 0.214162895558961
22 0.230762251997576
22 0.308752377105951
22 0.346832780153649
22 0.272209982831099
22 0.594352652943361
22 0.489329165266594
22 0.336976440585344
22 0.520867412689103
22 0.233795037290611
22 0.379563264385176
22 0.265055642302377
22 0.321328317215144
22 0.249380858750927
22 0.187803595355798
22 0.582870916778278
22 0.439692852734128
22 0.330888107752185
22 0.357229752986178
22 0.585836814093226
22 0.266833101573512
22 0.262359247929094
22 0.435020510389104
22 0.478204076305465
22 0.431943015861184
22 0.268543558236670
22 0.156279329455638
22 0.397056582266952
22 0.422010840013887
22 0.381118445564006
22 0.405998666222329
22 0.311001048582296
22 0.237425626193508
22 0.263102632350704
22 0.306416805829405
22 0.255826849882280
22 0.458589708172110
22 0.305439924981062
22 0.287856765515246
22 0.255342125640949
22 0.185399771338626
22 0.429240795027400
22 0.275840418157663
22 0.423103038238933
22 0.491786638156801
22 0.295855035817862
22 0.270088616869423
22 0.312128935917766
22 0.446778908801774
22 0.467579962799262
22 0.307572703589880
22 0.249088974754906
22 0.291734741701214
22 0.193743830885031
22 0.312243495084426
22 0.196226356537586
22 0.301097106256518
22 0.460810596607224
22 0.580822808370144
22 0.398389626142698
22 0.332258533305528
22 0.349287444938861
22 0.279373469413047
22 0.205724803679548
22 0.399611598491617
22 0.393457794369998
22 0.179093816983529
22 0.288921854308418
22 0.340740201574114
22 0.434139295602530
22 0.158774293759521
22 0.240108978229947
22 0.308934185387816
22 0.176053226648277
22 0.340423204193729
22 0.238249873518397
22 0.295986161233884
22 0.340194160448496
22 0.166979347006524
22 0.293744090097095
22 0.312968253885427
22 0.238686875162634
22 0.413196865988994
22 0.373194758078536
22 0.350148153974053
22 0.363895916381779
22 0.396814250432036
22 0.251958147504523
22 0.388164680187557
22 0.226944283964583
22 0.295612658883500
22 0.189172142627239
22 0.418997228641512
22 0.298049953210407
22 0.252380753529172
22 0.442973983183353
22 0.252329270965823
22 0.284889717603433
22 0.212131344467920
22 0.249817159950474
22 0.325978865271146
22 0.426632920920622
22 0.467962505389539
22 0.247203041356368
22 0.463602902939377
22 0.308754190836845
22 0.176764459324275
22 0.259810656419255
22 0.338966631502811
22 0.344407554237061
22 0.328274191923556
22 0.272158556489455
22 0.192853156553594
22 0.414256958740758
22 0.362207481651602
22 0.419850166769318
22 0.254366805435153
22 0.547572468746281
22 0.269685596011405
22 0.282300435619683
22 0.317871567138391
22 0.228082083477525
22 0.400874086948879
22 0.421052695365149
22 0.446739470427834
22 0.300200547553700
22 0.200971375403967
22 0.420423444790046
22 0.368952600551942
22 0.282107905552945
22 0.287544549182478
22 0.402675624638761
22 0.322358501519269
22 0.282371728142634
22 0.240580272217989
22 0.330674907300118
22 0.378759379061417
22 0.535471669668465
22 0.351245171627065
22 0.343220520548740
22 0.325931644177789
22 0.332872045196489
22 0.194101386714441
22 0.303935280367184
22 0.265735437573507
22 0.255841672640414
22 0.354321863471421
22 0.390490458786505
22 0.325940424823632
22 0.178467312646648
22 0.229372964023548
22 0.237620174752337
22 0.213193338541853
22 0.199358860689717
22 0.266412445026351
22 0.416891268392281
22 0.173138785544952
22 0.220159662519815
22 0.255670072828087
22 0.373615461514401
22 0.441335186716042
22 0.163489722773051
22 0.397560434069967
22 0.348572952132744
22 0.297989115889159
22 0.167151186929869
22 0.187600991325136
22 0.182799005228783
22 0.240527460896288
22 0.371804838563820
22 0.324297481916463
22 0.239210364696565
22 0.443709975873906
22 0.231819868061275
22 0.228930557856713
22 0.340855422919698
22 0.469518118248424
22 0.221482129500839
22 0.410330302722508
22 0.640270014409520
22 0.331355940090223
22 0.270681968882164
22 0.216514541520267
22 0.186639750778919
22 0.352654900275108
22 0.320117624810279
22 0.334020058590441
22 0.292628109309734
22 0.357428800637656
22 0.251799745673856
22 0.367411585500375
22 0.181370643574857
22 0.364701102217376
22 0.697379823747037
22 0.307423051130206
22 0.306271343766745
22 0.244306411860609
22 0.320532443635913
22 0.424595234225917
22 0.263192052415537
22 0.310073174729148
22 0.505035234890862
22 0.318003165941683
22 0.469907394870954
22 0.479228876464104
22 0.209082574092990
22 0.513294255889599
22 0.221322397150894
22 0.293830273494066
22 0.413510038065618
22 0.306676326573954
22 0.239382842432397
22 0.378914649948264
22 0.557698198074273
22 0.336108327490261
22 0.262306642212218
22 0.404334586062780
22 0.319500124635942
22 0.467011451796053
22 0.331390280975328
22 0.372194439780052
22 0.353274207021252
22 0.173175006700526
22 0.356615758547241
22 0.432660643623703
22 0.222977909690286
22 0.309114789698195
22 0.293374666375557
22 0.252077500755040
22 0.315539106636423
22 0.409847918993643
22 0.256707102615755
22 0.454955660631262
22 0.328822753412521
22 0.401826271457612
22 0.227929150676303
22 0.311063011974110
22 0.234732839292897
22 0.317596203317458
22 0.326289372970983
22 0.245758658881789
22 0.485288987346474
28 0.952173241848555
28 1.007454615421674
28 0.889046595936157
28 1.322318415037010
28 1.017343482909874
28 0.938047476736240
28 0.569243415206346
28 1.069396032735386
28 0.735206591953282
28 0.563120558596701
28 0.490305533114507
28 0.928128346694296
28 0.496527733760241
28 1.526566877313056
28 0.622335185724901
28 0.504981403810676
28 0.984481956610391
28 0.428207848258477
28 0.864595350751717
28 0.931368497504226
28 0.595034262420972
28 0.824604667081786
28 0.428219566281068
28 0.635327043745591
28 0.536716878645853
28 0.567354124843199
28 0.559010267628198
28 0.568742888739818
28 0.601970286113120
28 0.625883557098419
28 0.634462396155451
28 0.535969418835718
28 0.762502183536339
28 0.767976983409853
28 0.777343939793626
28 0.921188227865833
28 0.991317631484335
28 0.716765496955068
28 1.038225365301691
28 0.403293970251008
28 0.577169202014114
28 0.368019302513192
28 0.821121831663428
28 0.661538987468913
28 0.411614381994422
28 0.799086179851010
28 0.636861096594152
28 0.722942703526710
28 0.533303583943244
28 0.444128363375770
28 0.732549323452139
28 0.983538221213918
28 0.856162582621816
28 0.414800939234225
28 1.365994060791382
28 0.661276450370256
28 0.537699376422478
28 0.860944581726446
28 0.955704419442323
28 0.751304809055277
28 0.801941535285864
28 0.945777269622067
28 0.966754955059070
28 0.716926593253362
28 0.495859603417621
28 1.144005228926114
28 0.746291387724062
28 0.564298332963149
28 0.461029600657492
28 1.271331727322780
28 0.336757699694254
28 0.765786299397784
28 0.901361595306135
28 0.514868042879465
28 0.882179145696958
28 0.862722676453631
28 0.570206984534782
28 0.696470824062989
28 0.641805139498029
28 0.992129097753899
28 1.060967302616509
28 0.837951969667786
28 0.518280420955445
28 0.785974419364924
28 0.673899832893181
28 0.681132245268611
28 1.067367080787589
28 0.782828891379294
28 1.154005491201476
28 0.529306499152661
28 0.416866367533265
28 1.303763145121242
28 0.431541142103307
28 0.793017113599996
28 1.141089237543764
28 0.473931998798111
28 0.682686204486353
28 1.118108900128568
28 0.889617652770447
28 0.580964676905697
28 0.503092996759170
28 0.580086715860050
28 0.720744883695979
28 0.811163456453040
28 0.902406510886410
28 0.398405817057352
28 1.027830846616796
28 0.676359426068733
28 0.443203515923903
28 0.922029643060892
28 0.420652039347773
28 0.607349606789674
28 0.773712662861189
28 1.142915847476365
28 0.723180120640187
28 0.583108077785875
28 0.450883143373350
28 0.975678621224946
28 0.446803439154242
28 0.922613484145323
28 0.382565137099224
28 1.159715129647488
28 1.136863072888575
28 0.988075250733311
28 0.395512763987421
28 0.961783271831465
28 0.544038784520350
28 0.554674324499032
28 0.600045274243882
28 0.502288438999929
28 0.917724936742432
28 0.690526824919303
28 0.649166321514075
28 0.849824346959594
28 0.659802317585044
28 0.885551357621760
28 0.392782378717948
28 1.152043041954658
28 0.978776369945787
28 0.411156010591489
28 0.607536547906675
28 0.906151593048446
28 0.595165573863487
28 1.589374082638211
28 0.694718726529145
28 0.759722775814376
28 1.238240517605929
28 0.799688293232978
28 0.660954837262874
28 1.098758160047118
28 0.619642188744733
28 0.557271162584245
28 0.966109831511346
28 0.632679649567463
28 0.574824064361259
28 0.676205923986572
28 0.771029077129245
28 1.230895443535581
28 0.861798136569122
28 0.671033588478183
28 0.442566099099026
28 0.976928686651524
28 0.503076713532979
28 1.088175981229301
28 0.878044787152408
28 0.409423440816300
28 0.866262760391415
28 0.955948124391510
28 1.322716020155960
28 0.966874538243180
28 0.353192864351878
28 0.510255900987613
28 1.347624270184410
28 0.433642608428137
28 0.877085224047853
28 0.985456072129707
28 0.469642813919944
28 0.736103446878319
28 0.718401034663372
28 0.599821304422905
28 0.793821666720982
28 0.784022347778840
28 1.377354044155298
28 0.511212607840830
28 1.432445907954114
28 0.608618734053062
28 0.382079407860805
28 0.412092673012494
28 0.489283049294815
28 0.673151546329914
28 0.646621919165640
28 0.467389031101462
28 0.628104897750445
28 0.293962355786329
28 0.777354846470731
28 0.871048791833371
28 1.394641174986635
28 0.533553949483244
28 0.635740578962630
28 0.560645927640380
28 0.931713605338822
28 0.804818613176460
28 1.057203155719353
28 0.460504792533302
28 0.566795924414456
28 0.963230275467407
28 0.503232213999583
28 0.466281899325475
28 0.442925896816761
28 0.627367236425915
28 0.392761837681826
28 1.188755571485438
28 1.040180906430672
28 0.540497809505967
28 0.578495810368030
28 1.007938306836055
28 0.718774182002430
28 0.697053274622528
28 0.852909736258120
28 0.550767320192564
28 0.776397725053149
28 0.814210554614560
28 0.389582393750519
28 0.413521883292145
28 0.563940350404438
28 0.625342564261177
28 0.307890797317190
28 0.328058172585767
28 0.980811012889410
28 0.467762167835073
28 0.536426072221471
28 0.510720962211527
28 0.816463831704375
28 0.631820193519399
28 0.503006037187239
28 1.268214848568687
28 0.992452903722289
28 0.453464230903142
28 0.561468311687138
28 0.396667678063004
28 0.346850307902859
28 0.776485964405073
28 0.581870219824666
28 0.665830941670974
28 1.060259821954292
28 1.074961397659266
28 1.067660673797664
28 0.739805053311876
28 0.531451624072997
28 0.427081093902551
28 1.347859185622771
28 0.754555736882151
28 0.912555310122257
28 0.967846188407041
28 0.752161954434912
28 0.865283201471982
28 1.062065338466223
28 0.680061966081705
28 0.567395362895489
28 1.025220797999783
28 0.377247386760915
28 0.958414547471283
28 0.444753331678928
28 0.322279243011938
28 0.812181678656221
28 0.466688674291309
28 0.701375616918178
28 0.749867162863864
28 0.477396117293415
28 0.583202389482840
28 0.515579566542206
28 0.686159948505412
28 0.800084741539283
28 0.597128426821989
28 0.493183529140234
28 0.975045648327944
28 0.412583323015570
28 1.196411559850979
28 1.146179033295684
28 0.367244208674326
28 0.473026595206282
28 0.789497740719312
28 0.647991823508884
28 0.691417431407304
28 0.726719177141637
28 1.179255493908301
28 0.735777438811268
28 1.220373450321465
28 0.509398987452556
28 0.676985561490456
28 1.009617499878371
28 0.701188981449670
28 0.490162251581496
28 0.757620276051804
28 0.583493658146720
28 0.973975570957196
28 0.492333358843350
28 1.280065468699362
28 0.426650360431491
28 0.335559643493163
28 1.310658518001823
28 0.831373507459164
28 0.656062676494663
28 0.600663033536068
28 0.729400391764401
28 0.567638677671287
28 0.467904303342919
28 0.622689174029944
28 0.716687390404600
28 0.421072663517051
28 0.705134592918617
28 0.519317074113610
28 0.696804497099101
28 0.637043367431114
28 0.495896206357158
28 0.646050844577745
28 0.796133846099236
28 0.483517126617625
28 0.754990516361008
28 0.750510415639655
28 0.700834225959476
28 0.490144562221650
28 0.574990933938768
28 0.748258358131217
28 0.672567522874467
28 0.562211173639788
28 0.377001746539924
28 0.616467783556488
28 0.561013541211655
28 1.702767720721897
28 0.459391235994228
28 0.382252000831320
28 0.536812064399967
28 0.678424349601724
28 0.566824100829631
28 0.507694906924312
28 1.252339287532904
28 0.436810751626929
28 0.504478292727907
28 0.627014587576327
28 1.072621143486537
28 1.011888114225907
28 0.690243468202446
28 1.057759558039895
28 0.559144053877432
28 0.898692561187985
28 0.559348756231157
28 1.048099961066094
28 0.559804731527557
28 0.544953124886853
28 0.947554399309748
28 0.826574560958466
28 0.495703848049474
28 0.669273330549560
28 1.628472771915002
28 0.674191318518190
28 0.565014578121910
28 0.611249097157774
28 0.960756109163500
28 0.763529577718259
28 0.549534459918079
28 0.598259922851846
28 0.922828213438817
28 0.918617699334685
28 0.610237686827897
28 0.828381352374031
28 0.750386127343289
28 0.668988935006408
28 0.441805102172197
28 0.429278112689984
28 0.613352719975470
28 0.500338948834153
28 1.299488192582309
28 0.429885184178072
28 0.431179776971631
28 0.432003474966580
28 0.902551086578678
28 0.638854402966127
28 0.960534312018632
28 0.452286709010235
28 0.357392890997258
28 0.647640636520366
28 0.883124557758531
28 0.779425622096418
28 0.613212341173865
28 0.478179403563815
28 0.986206193791365
28 0.654764584680640
28 0.700068969065761
28 0.841567283274406
28 0.596431633661961
28 0.495836265696335
28 0.854528146892595
28 0.666835625917862
28 0.772958205628406
28 0.536381670665721
28 0.373953253247777
28 0.482411636405883
28 0.393637312294435
28 0.462991301807192
28 0.606948745998810
28 0.627214594427247
28 0.484602017459113
28 0.562229025082956
28 1.021768051493017
28 0.418178620731976
28 0.392991015490509
28 0.804004599058184
28 0.730682147389054
28 0.767639441416216
28 0.570562595042984
28 0.638771376099280
28 1.092371441788820
28 0.978042096375268
28 0.497613560023267
28 0.600396832134853
28 0.722793021348475
28 1.074411962387426
28 0.569134471788637
28 0.462238229142874
28 0.514984484704881
28 0.499586810798863
28 0.438360981118594
28 0.481182220177344
28 0.446099439356701
28 0.881325790211039
28 0.745786709938006
28 0.931970046018810
28 0.578430250853100
28 0.759711635855040
28 0.520458159293375
28 0.471436891797641
28 0.579516300066708
28 0.435678442927159
28 0.449959711636922
28 0.774340880484208
28 0.360702366410123
28 0.807304722557828
28 0.573742584050984
28 1.042705051063114
28 0.721267121512724
28 0.669309115632582
28 0.651279729925418
28 0.942691445320835
28 0.690919670552439
28 1.373062201458491
28 0.787961407314060
28 0.947355133110017
28 0.562389051276527
28 0.663266830496022
28 0.584772119567059
28 0.752414342704671
28 0.732449657958804
28 0.660333968849056
28 0.487141005154865
28 0.530709211176220
28 0.672795115862563
28 0.796963734795252
28 0.802331348518779
28 0.434525299862343
28 0.949581505162486
28 0.435806235116688
28 0.670263594979025
28 1.039160520330759
28 0.872736940200855
28 0.337762067444213
28 0.812156938274024
28 1.364847823770764
28 0.735353069762833
28 0.905878115982592
28 0.512598903175511
28 0.757328787490377
28 1.117884345787278
28 0.486449192931824
28 0.792930456333699
28 0.644952623867148
28 0.510598227582675
28 1.169632162341758
28 0.625100678537327
28 0.656484049357040
28 0.760173325807447
28 1.281983560015628
28 0.447373274739795
28 0.844740124719171
28 0.722250056019340
28 0.669273220593358
28 0.510020772273368
28 0.882137775635190
28 0.385757801148268
28 0.777863441984296
28 0.892492316685432
28 0.803234391972117
28 0.428293578719483
28 1.097841182130263
28 0.907230465376026
28 0.819340267912347
28 0.499427696694640
28 0.989326405203030
28 0.545490745598184
28 0.732512184699237
34 1.083203086955003
34 1.489165788232582
34 1.833511718255296
34 0.926945261892564
34 0.725945568788137
34 1.731904052337317
34 1.065300210576148
34 0.669957403681559
34 0.928126093043210
34 1.499681240929870
34 1.165921714732987
34 1.411906045007088
34 1.953262040549695
34 1.139949733582081
34 1.235386550154754
34 1.049370072286438
34 1.685643444075679
34 1.197757740282338
34 1.417120948143780
34 1.449280574594906
34 0.672910438762852
34 0.898306682034760
34 1.268931527042153
34 0.788187490059111
34 0.959096819880941
34 0.588314338714005
34 1.644383580045053
34 1.584394229194100
34 1.652997600460885
34 1.494579822265017
34 1.054068236266010
34 1.792359147172116
34 1.388626432698253
34 1.914907726599810
34 1.369764988470189
34 1.873859638649036
34 1.227783952962581
34 2.070636737139860
34 1.680307388408596
34 0.687816855401639
34 1.506064695081821
34 0.954353126650293
34 1.403534817534672
34 2.548757376884660
34 0.859304938487123
34 0.671242745319994
34 1.051675215750388
34 1.960096658975827
34 1.317035896313732
34 1.408454724645836
34 1.452812584083695
34 0.841258896272252
34 1.220891902024088
34 1.407506904523423
34 1.362170476974688
34 0.975070369192479
34 1.058413782351818
34 2.139357329926225
34 1.289496374646242
34 1.620099132225074
34 1.209736354905461
34 1.512376957242983
34 0.920766631437227
34 0.700986263003169
34 1.242647333165659
34 1.604974824277783
34 2.146417564533678
34 0.782809511352986
34 1.074709039593869
34 1.083732904548454
34 1.420462068424033
34 0.929986580181167
34 1.542584603664102
34 1.229987724465783
34 1.501407941206941
34 1.990148668371703
34 0.848047656001867
34 1.186829107243631
34 1.017494777341260
34 0.968802043153276
34 1.399377971690808
34 0.902442354399399
34 0.938396465478947
34 1.517293261871766
34 1.439374855587027
34 1.018632732990641
34 1.911607522171822
34 1.595045485845452
34 1.090658841282647
34 1.393762797650361
34 1.123317537856136
34 1.674037758629880
34 1.900402979184417
34 1.179350728886182
34 0.799034218042220
34 1.143046729014700
34 1.269219836361136
34 1.258216122022467
34 1.446210846065845
34 0.884034737135701
34 0.693641854533380
34 2.255597737435271
34 1.260714544295575
34 0.730857299388277
34 1.377816655997508
34 0.544241465702296
34 1.721068266227214
34 0.992404434845343
34 0.917265456574857
34 1.627627107715588
34 0.788494175693221
34 1.612875950114608
34 1.091119023216795
34 1.157897327332992
34 1.365343399956746
34 0.682400219715257
34 2.626626348378127
34 0.774670649241176
34 1.778926287083581
34 1.839928808124062
34 0.780177529189394
34 1.615098680791656
34 1.121887484687487
34 1.010172264731072
34 1.068570845783968
34 1.104833391934193
34 0.957719426800691
34 1.302052086736950
34 1.321572800040450
34 2.408770930544679
34 0.923346628070050
34 1.070771639871730
34 0.631044774015403
34 1.797928827250625
34 1.468258207313962
34 1.478087651646959
34 0.913160533832202
34 1.234613132495210
34 0.872774572828182
34 1.189583973994461
34 1.582912370404686
34 1.382400691587690
34 0.819572218927282
34 0.820769793542809
34 1.148672561183659
34 1.580812438872452
34 0.951629498668508
34 1.700156731827942
34 1.506445279594821
34 1.512889360311640
34 1.605004628988313
34 1.363769228708917
34 0.828516370703706
34 1.146563432435642
34 0.760837080711131
34 1.078383869702912
34 2.018249189863318
34 1.305018500099384
34 1.086671187428118
34 1.120486278960606
34 0.808381986078784
34 0.906226262629956
34 1.444360702516565
34 1.005732969551076
34 1.927015593828739
34 0.753563882989413
34 2.278547002082634
34 1.316467064958285
34 1.317830812238443
34 0.985275928528933
34 1.390185040520012
34 1.215027833804257
34 1.102245456108716
34 0.685628979334250
34 1.081302493404974
34 1.177749836771681
34 1.171794725022099
34 1.359417785891803
34 1.452107801267435
34 0.911254346349835
34 1.807039147373164
34 1.380313884770148
34 1.276378208767838
34 1.118893235377950
34 1.379343090021155
34 1.535205724465557
34 1.164110396240497
34 1.307439873782877
34 0.889308808220250
34 0.773530371458035
34 1.085391797638370
34 0.833836465426234
34 0.616436430187013
34 0.687687243512176
34 1.160911272472372
34 1.508071670893740
34 0.897876001429803
34 1.066289744653727
34 1.273877694232408
34 1.055535549493921
34 1.311785998201901
34 0.711944459690165
34 1.126222923279514
34 0.714476445483238
34 1.374172702043486
34 0.680225314384071
34 1.314180184321278
34 1.120616972120485
34 1.290131377435341
34 1.335424097050180
34 2.095259340000035
34 1.244888146914933
34 1.955861774268656
34 0.701219877575732
34 1.221761853503455
34 0.622608063096068
34 0.930260757341870
34 0.667338383843321
34 1.205876361468332
34 2.222976669692981
34 1.783964123718772
34 1.256061291848881
34 0.667173120279492
34 1.955072868273199
34 0.981049097690202
34 1.043138376767936
34 1.460255614399453
34 1.280699271441840
34 1.417993725806024
34 1.383802411466745
34 1.308426244247026
34 1.705485292072183
34 1.582161870845040
34 0.914136793620123
34 0.749896730766564
34 1.258584478792942
34 1.120568482647672
34 0.901047819747744
34 1.293007652936701
34 0.890597533779885
34 0.739364767942902
34 1.097959604523685
34 1.512959933914527
34 1.188260117940938
34 1.504614327388795
34 0.736782501267695
34 1.245962477847966
34 2.214964208023455
34 1.181166594991782
34 1.793183809268667
34 0.984479516028953
34 0.973227051501767
34 2.051497946775849
34 1.105344460384573
34 1.314976629982202
34 1.107436105175119
34 1.928480334335330
34 0.824896608638804
34 1.107359974572319
34 0.810547671025136
34 1.510534796504891
34 0.724547483980825
34 1.972281420430085
34 1.342756859315981
34 1.086200791311197
34 1.107744724155107
34 0.539494851517581
34 1.092261782629244
34 1.294482104196792
34 1.151061466187129
34 0.805851159575804
34 2.057047132836556
34 1.264985586849521
34 1.469176384461170
34 0.597157270789129
34 1.029998244860367
34 1.195212073508533
34 1.170475204028605
34 2.311306309308223
34 1.002990776870012
34 1.193247644490921
34 1.436363226423391
34 1.651271846062180
34 1.924460798072499
34 1.255267358504050
34 0.777076160391146
34 1.329116628924988
34 1.425448063498588
34 0.759182836908833
34 2.348345393519934
34 0.767787839224225
34 1.020934055249964
34 1.433249572483134
34 1.716168993027774
34 0.985102039906224
34 1.268154285967154
34 1.237881947151020
34 1.590170228230288
34 0.984829510989919
34 0.843400599857856
34 1.353940466149686
34 0.938440444647251
34 1.814819356516612
34 1.042356008272671
34 1.132424895557610
34 1.504046619155768
34 1.061333076823184
34 2.098161776759714
34 1.001333075575793
34 2.035832144132138
34 0.974906001532855
34 1.043684810120359
34 1.010668972652975
34 0.810959957326341
34 1.779895869766262
34 0.951088339940746
34 0.991950876756328
34 0.979884204845024
34 0.899305127174786
34 1.058948116762284
34 1.176642134465128
34 1.592660500653999
34 2.220133584233322
34 1.163481211104489
34 1.821217765002519
34 1.961184274363683
34 0.795775967525485
34 0.966993782439953
34 1.034818626957851
34 0.916463317264283
34 1.211601569532718
34 1.508560982339599
34 2.140920865801864
34 0.692615962879626
34 0.973149981675231
34 0.952125483762319
34 2.906931728990042
34 0.932015077528076
34 1.868351300347808
34 2.173553137062763
34 0.992654752502887
34 1.135021158126616
34 1.309203739908854
34 1.531714179948001
34 0.771500187518860
34 1.461021503726560
34 0.770136096423312
34 1.116855335078881
34 1.231740216511583
34 0.990672964283997
34 1.540693958489299
34 0.874740728758864
34 1.210175894784835
34 0.694969977895310
34 0.962181570487228
34 0.946699067797341
34 2.144412537582140
34 1.225736692922121
34 2.037096688356045
34 1.699585028766935
34 2.167871941054340
34 0.981598521914875
34 0.765561199558068
34 1.075620211156843
34 0.838214494213309
34 1.685788011762928
34 1.028772587498712
34 0.719813454341421
34 0.828449922381314
34 1.472433793790932
34 1.221221664951101
34 1.855475994213988
34 0.973143093234665
34 0.788112206818282
34 0.730081621557053
34 1.701233530910171
34 0.678482327063767
34 1.300932377460394
34 1.769992370647390
34 1.277999634360092
34 1.324617410335504
34 1.260323996154854
34 1.092072325158829
34 1.347137224313273
34 0.669213750028784
34 1.668368202885550
34 1.395436066062177
34 0.807298196883168
34 1.211076874773999
34 1.532223641262722
34 1.533093134623478
34 1.428386991558801
34 0.944367675570471
34 1.981979223937596
34 1.066007715141873
34 1.414420383821309
34 1.690716928348547
34 1.000997393481285
34 1.154040976329929
34 1.191144145458273
34 1.788015296765022
34 0.669184978332203
34 1.051081446646098
34 0.910409811993044
34 2.387467582286630
34 1.101153478864842
34 1.112539371667437
34 1.195665782523156
34 0.812741472547239
34 1.042240097520762
34 1.957710737819978
34 0.944372519430478
34 1.548735450981965
34 0.851724345624310
34 1.409516923022106
34 1.118239209642121
34 1.184544404049568
34 1.539219804585108
34 1.016636129750778
34 1.026393395846962
34 1.118557233663003
34 1.445760303968636
34 1.804560382254268
34 0.875278977620930
34 1.504271449847616
34 1.883956685375498
34 0.649728527647641
34 1.587240391767444
34 0.697286737094934
34 0.678372961697390
34 1.664360366903642
34 0.729071344666299
34 1.289385248650984
34 0.996614030949849
34 0.727313255727121
34 0.988955598006588
34 0.882539126952595
34 1.104160846373099
34 1.330643893386142
34 2.570923550730645
34 1.508955299683842
34 0.825146148396687
34 1.404536144718573
34 1.064233608059425
34 1.435261013675026
34 1.406938614267290
34 1.152270592822570
34 1.766702586797144
34 0.635502358887540
34 0.661535050518828
34 1.066021931705554
34 1.206759511108142
34 2.076251988211157
34 0.848573010177739
34 1.171281405552615
34 1.068945140450786
34 2.107945494836791
34 2.380905672074745
34 1.601275770197726
34 1.847865384012645
34 1.599688240452675
34 1.436676324582861
34 1.487301810977309
34 0.796675789556930
34 1.563763736518316
34 1.615283895873663
34 0.657766278631717
34 1.410344962629605
34 1.014688511273241
34 1.262550450983961
34 1.587442539089152
34 0.686204277294514
34 1.311059642115847
34 1.423020434698131
34 1.140413747054814
34 2.285907764442177
34 1.003339537735942
34 1.245568028054128
34 0.961435746410644
34 1.235175244181049
34 1.147970884769952
34 0.955973280888822
34 1.996290708453491
34 0.846439198477640
34 1.674187950620429
34 1.483622300007181
34 1.659126987773027
34 0.848962807735966
34 0.834557793448722
34 1.511005565493285
34 1.025925283281540
34 1.612911495919696
34 0.989883491982757
34 0.902817732694364
34 1.645416140372667
34 1.258931911292782
34 0.924161433363480
34 1.854879967546897
34 1.047876092416962
34 1.800807893524148
40 1.719436520554035
40 1.880551621943031
40 1.231741364795781
40 1.767999396800682
40 1.444720800718766
40 1.960273318170644
40 1.222133146684927
40 2.858970589120819
40 2.402768986260794
40 1.995475294071122
40 1.674767962906346
40 1.802719517905564
40 1.932755818527879
40 2.403149386520963
40 1.471090372868689
40 2.310853018684281
40 2.476299253304699
40 2.067214454808521
40 2.227983335371791
40 1.801617995610046
40 2.817604305530839
40 2.794791703389235
40 2.078461369537819
40 1.355255517308235
40 1.948348626868666
40 2.685574054323978
40 2.523531672563122
40 2.051406058124133
40 1.172884262353524
40 2.854309011601936
40 1.033819355888939
40 2.276154195950457
40 3.596332980628087
40 1.256592208666115
40 1.918774340362900
40 2.584941262004739
40 2.438685087305181
40 2.799336337470551
40 2.632358402330304
40 2.338153200187073
40 1.753251028244325
40 2.616031780238879
40 1.723268972000804
40 2.132564500661392
40 1.535125173674736
40 2.625567486521949
40 1.817513139215079
40 2.991926596341380
40 2.955931217686702
40 1.735314439354417
40 1.514909560961970
40 1.786736573099578
40 3.973754570080278
40 3.264330834167579
40 1.829003048718461
40 2.295626947560258
40 1.989046211744409
40 1.302355458389726
40 1.889512989857878
40 1.362795460268609
40 1.417889196021437
40 2.009755597263213
40 2.545363996274356
40 1.750532323655861
40 2.217192396501954
40 1.654601825082059
40 3.857997036705697
40 1.461554112092241
40 1.009289138184908
40 1.975897055082906
40 2.219807776572615
40 5.151831904930155
40 1.333788733437835
40 1.734517075391839
40 2.301817383240946
40 1.165259716363980
40 2.609250438276404
40 3.011712358459492
40 3.630705414958681
40 1.826854647857755
40 3.178545872312489
40 2.952492052739329
40 1.759179882730438
40 1.361702230387168
40 2.287258329735936
40 2.218888499286404
40 3.194035914254332
40 1.468184003855598
40 3.197740080934076
40 4.458155712938202
40 1.995186225478321
40 2.992960586886319
40 2.167088383109098
40 2.519580778053729
40 1.748893655108537
40 2.185137547052177
40 1.208166600439753
40 1.348985570166922
40 2.255485030442333
40 2.709164946675801
40 1.241538059757117
40 1.138592495640264
40 2.735047613620297
40 3.051770485891682
40 1.510220400197630
40 2.331805943430208
40 2.695206991274084
40 1.770106367418153
40 3.144246621768419
40 1.261145396928007
40 1.462362425958807
40 1.294824304615221
40 3.142086947071158
40 1.702067618927483
40 1.619090555533793
40 2.327823534308466
40 1.127508409498663
40 1.873787918395919
40 2.012440328668038
40 2.084336121985713
40 1.967450528991431
40 2.644251999587153
40 1.412422920655171
40 1.909518086584502
40 2.280904021040928
40 1.944396914944213
40 2.418462215164439
40 2.328355483055097
40 1.291080667362715
40 1.194671319134256
40 1.844449060122736
40 2.946896084095444
40 2.015785938181077
40 2.937828138670998
40 1.835979526335004
40 1.075258992136963
40 2.824496237916442
40 1.395540800637830
40 2.331357529437062
40 2.376364114994074
40 3.982597816662721
40 1.635531452929615
40 1.707596071873867
40 1.630471107062371
40 0.815486665311067
40 2.356286446261768
40 2.274740787337769
40 3.180121629745043
40 1.326440304646237
40 3.247060065272965
40 1.646326135637857
40 2.321620612525214
40 3.133620654052940
40 3.751907678942152
40 1.667053276846808
40 1.167047217269065
40 1.252152399853161
40 2.087777232837098
40 5.227421781537018
40 3.211597725065348
40 2.174155392915400
40 1.528392292274583
40 2.702112066350725
40 2.127781542384652
40 1.917141187843499
40 1.391526454724599
40 1.946743621069553
40 1.989389043550736
40 2.456866135485573
40 2.119651872996843
40 1.788000032221771
40 1.811464053206681
40 3.111481953352712
40 3.074571031156570
40 2.630335437860595
40 1.802400525149995
40 2.503323774751108
40 3.481179145718458
40 3.150139448511150
40 1.605476377772728
40 1.766413232581622
40 1.347862803206812
40 3.986255486144273
40 1.426285213734017
40 2.553665204516580
40 3.015853800861654
40 1.772272922851132
40 1.408995378846901
40 1.946715657270506
40 2.268674077254050
40 2.170297803560293
40 2.118032514446073
40 2.296211417394228
40 1.136863838771426
40 3.051209107908501
40 1.741108611505801
40 1.549208171353310
40 1.507676351790419
40 1.380754918845193
40 3.061817739218893
40 0.921107412678150
40 2.945517282082184
40 1.338195780033683
40 2.097248243472583
40 1.406746263157922
40 3.208532676659503
40 1.568321119601749
40 0.799483562590376
40 2.451070362118392
40 2.897311126138728
40 1.086072245110415
40 2.723921695990354
40 2.313573501910455
40 3.102018662632323
40 2.031845620230286
40 1.451749253548918
40 1.090163811968457
40 1.560313568749595
40 2.004941501898285
40 1.485546162829737
40 1.290565939333683
40 1.527176376357785
40 2.596437388691058
40 1.082620439770720
40 1.146125861241952
40 1.488405738278839
40 1.726916389596949
40 2.279628729721811
40 3.205568385797987
40 1.824805538087813
40 1.751970254066318
40 1.600049779415132
40 2.887101029219875
40 3.019309447532013
40 2.481046333967434
40 3.558305713931633
40 1.653253757566581
40 1.912098831483314
40 1.276858414670706
40 2.933975422095180
40 2.529795171410885
40 1.300681600726174
40 2.047691415842149
40 2.647880945559000
40 1.547950333926767
40 1.793106020443451
40 1.425285937960298
40 1.648547173793334
40 2.249034511477376
40 1.140080698232489
40 1.876165499963082
40 1.290213310160928
40 2.900629246974653
40 1.311084107857116
40 2.364702803131135
40 3.105939879059429
40 2.303704298295996
40 2.229394036100480
40 3.342629734200100
40 2.170713328024677
40 2.722792466280289
40 2.287567986495255
40 2.048066342933943
40 1.729574507908946
40 2.155552910579728
40 4.141627202716915
40 1.356342509832647
40 1.767951116325778
40 1.995803951785707
40 1.987718379022126
40 3.214655343699752
40 2.945809157906645
40 1.978589383183417
40 1.991038587218548
40 1.945511006433307
40 1.566322949114092
40 2.100923289476242
40 3.894679787165531
40 1.195709059637880
40 2.287518703839381
40 1.930436614230466
40 1.151588424521709
40 1.425577545237664
40 1.159682258765844
40 3.586251671879168
40 2.189627714364902
40 2.435975422303454
40 1.807891019666913
40 2.563143247915075
40 3.028585748427695
40 1.263008516775523
40 2.299751368706384
40 1.494084531514787
40 2.748546139974844
40 2.179544368868669
40 1.327158253543843
40 1.367525306417818
40 2.036184773306636
40 0.810832719118403
40 3.197405824879848
40 2.473736868125748
40 1.069838335822784
40 2.231992038971862
40 2.276859011523237
40 1.794136983601189
40 1.688863054284891
40 1.116465757411714
40 3.198558617669333
40 2.014741397856064
40 1.501370578472278
40 3.356653675270337
40 2.150363699399309
40 1.588983294211863
40 3.292687213145504
40 1.815902305863368
40 3.384065110416900
40 1.937494000817718
40 1.587010182420757
40 2.278295137446632
40 2.462864773587002
40 1.850957453051214
40 1.954850245528132
40 1.377695470984790
40 1.005204081158862
40 2.115549205663789
40 3.089324528879644
40 2.034694121387274
40 0.915914705859201
40 1.775298129771306
40 1.430592816659517
40 1.405385255530914
40 2.174600325615643
40 1.863997059742857
40 2.136046011316552
40 1.656890662339853
40 2.355021017261519
40 0.962187838748040
40 1.390104275670149
40 1.510671231893869
40 2.897012071433984
40 2.417068579379196
40 2.661480420928756
40 2.052655162808201
40 0.929349170135989
40 1.716191039630536
40 2.591649128223667
40 3.107933891610142
40 1.829795482053662
40 3.360455296400975
40 1.493816987224973
40 2.270326338271618
40 1.706888549195323
40 1.435344674093052
40 1.575168684877521
40 1.419614146527193
40 1.823245380395942
40 3.256131987477355
40 2.970052548248226
40 1.506096757919812
40 1.866605032776100
40 3.094919815790186
40 1.969017834299153
40 2.477213090642623
40 1.645296131363438
40 2.253223305557247
40 0.885539443416258
40 2.942186925484922
40 2.140037540585525
40 2.417406892339533
40 2.689129528310589
40 2.136962196890320
40 1.206333215389549
40 4.356204980488837
40 1.655421414858465
40 1.720119505498937
40 1.759588993751281
40 1.847110950658450
40 1.427843641510237
40 1.118582132653366
40 1.548229576328845
40 1.544665876369779
40 2.622572754901737
40 2.129140067091764
40 2.932527044277213
40 2.189540327554909
40 3.099132896132145
40 1.993725492906838
40 1.584191900315242
40 2.348142820100067
40 1.912377918358382
40 1.426564200907098
40 2.115307012098408
40 1.490910137786484
40 1.859771398694122
40 1.737603231271660
40 2.494256994691920
40 1.091514004816938
40 1.604676802471921
40 3.692154409641159
40 1.895717669882421
40 1.696684167672663
40 1.997169162138629
40 2.394099482074679
40 1.119377152388118
40 1.734454032439892
40 2.355538914616179
40 2.289507152634965
40 1.575154820365034
40 1.702135193289513
40 1.386978175181186
40 1.833190114568134
40 4.022961457137910
40 1.365416299485792
40 3.088914954434612
40 1.884798742948055
40 1.516053884731775
40 1.189241185053633
40 2.505652851925474
40 1.364563982967434
40 2.975646326410198
40 2.459183227492856
40 1.457838650253496
40 3.301084059115663
40 2.275593031766023
40 2.210607264616005
40 1.846496943068980
40 3.808574447426629
40 2.478033249177843
40 2.508911078635717
40 3.525723036974082
40 1.200480216245694
40 3.503462206129278
40 1.896193467661423
40 1.619746323985952
40 1.570022199333691
40 1.488746642418864
40 2.106508188058019
40 1.756653019682143
40 2.083256950260180
40 1.628054076639216
40 1.146919776425742
40 1.962196352438829
40 2.007452055135495
40 3.330908389023849
40 2.014616027126691
40 1.568826048245805
40 1.514110556308978
40 1.163095869021516
40 1.657715116435317
40 1.082248846573405
40 4.401236778865256
40 1.775246109606831
40 1.610294529641774
40 1.439965836906168
40 1.414331042391451
40 2.544279463607285
40 3.260398669530776
40 3.455715347674552
40 2.553024862344321
40 2.812151677591995
40 1.698130713816738
40 3.434768989578586
40 1.712542491529868
40 1.754394746262220
40 1.868245606304122
40 2.320622334449462
40 2.202348134564668
40 2.266521795812174
40 1.335130802974888
40 1.117012108563073
40 1.843327129024079
40 2.225515283583476
40 1.786804680369806
40 1.534385250088786
40 1.562102974244895
40 1.811334265665234
40 1.968140953162886
40 1.509887961131944
40 1.507564031851123
40 1.550965938192770
40 2.104929806152784
40 1.971214253897593
40 1.564271323020689
40 2.380196120019280
40 2.189954523340523
40 1.085369758149760
40 1.378240708856944
40 3.059931808828951
40 1.612469901614810
40 2.754612490212690
40 1.353273494285755
40 1.827724909549481
40 2.273888506801157
40 2.412947151793301
40 2.485023235204347
40 1.331369951445476
40 1.748231515242259
40 2.322752997175511
40 3.131884764077874
40 2.957952919393659
46 3.854280278041769
46 2.410540715293422
46 2.222956449931273
46 3.079301825951755
46 4.397804669242620
46 3.624610109231146
46 2.976945140183288
46 2.070834816523683
46 2.202859976707995
46 3.073229367399549
46 2.214036426045704
46 2.305360550078496
46 1.796372594513312
46 3.514768005440369
46 1.638792669059662
46 2.585266577129840
46 6.144351599047806
46 1.541502669889745
46 3.075624534637224
46 2.139785587735854
46 5.712497665563928
46 3.284513791262000
46 3.127844476114579
46 3.915718999615257
46 2.444205906034975
46 1.955600184565572
46 4.136127146347763
46 4.300586412999005
46 1.564660843840331
46 4.733542786773993
46 1.704144682763208
46 3.753652317249871
46 3.306637186004590
46 4.169184098164383
46 2.185832039328088
46 1.790209951308532
46 3.213619957720958
46 3.453035516905670
46 3.998226233004621
46 2.108508819920418
46 2.281911356759735
46 2.332512209421324
46 4.020699098979852
46 2.622808349920378
46 1.646586314822790
46 4.178742173949406
46 2.947590243673003
46 2.956039127262419
46 2.065637995619004
46 2.564986708487577
46 1.857427503859129
46 2.541235512372086
46 4.072995766099638
46 3.133861646769764
46 6.919393394826936
46 3.104319344492247
46 3.974779457713102
46 2.253862237356316
46 2.255808363757036
46 3.069603599975787
46 2.379451650991231
46 1.957671875803821
46 2.073819206853890
46 1.340808472143871
46 3.543991415982311
46 1.474517827482425
46 4.892251816388705
46 2.969270301876669
46 2.348271790657539
46 4.068222150980685
46 3.558534267759435
46 1.907013101176620
46 1.594891247673370
46 1.595130829782945
46 2.602335734790100
46 3.309386857696570
46 2.070173353720068
46 1.592381187492332
46 2.800591680658478
46 2.417891566904748
46 4.396340406897541
46 2.008159508817242
46 3.643102089499598
46 2.200665131154015
46 2.935556552270566
46 2.996924170611584
46 2.150842010109247
46 2.028563773123691
46 3.500244649855820
46 3.778075066118510
46 2.680907938235334
46 2.790889228549055
46 4.245839419273569
46 2.446262242335831
46 3.655387340468987
46 1.794582391766410
46 3.791279797031630
46 1.878750759030191
46 4.052877772466620
46 2.180637106632287
46 3.014245323227106
46 4.945390444299411
46 3.176599457695866
46 6.439077813784409
46 2.370046430791780
46 1.370058247586234
46 2.160647815399884
46 1.993088172144687
46 4.166688525985359
46 3.644625187676876
46 3.753004033213897
46 2.520630330701313
46 1.595806773110972
46 3.188629489091078
46 2.205450170482240
46 1.217344724934077
46 2.501528612519543
46 2.415267615647408
46 2.580563941961854
46 3.132282297564423
46 2.187427836972007
46 3.356510947959368
46 1.408316272066263
46 1.841835323253396
46 3.427192317280655
46 5.176178277943507
46 2.084806162249361
46 2.172190781639524
46 1.415535027038934
46 1.751924901547027
46 2.280722004866869
46 2.087455137042421
46 2.343806155176986
46 3.732107815313646
46 1.988448070111220
46 4.346307037486907
46 2.477274347065744
46 3.623942549842642
46 1.660437104873982
46 2.516502323101286
46 2.929236489521420
46 3.487021299268623
46 4.130902468569129
46 1.642923777087700
46 3.314477910929786
46 4.028839457865160
46 1.409635275062313
46 5.253362223779758
46 3.175469172416790
46 3.853740340276291
46 2.533195345558115
46 2.573651109188003
46 1.631378129817344
46 2.777118953832529
46 4.072315350568585
46 4.938229248003649
46 4.876631825254550
46 3.287226446079252
46 2.933676002081169
46 2.221287420694659
46 3.254986688901380
46 2.432234926939972
46 1.882182095767563
46 2.692672217333883
46 5.672291514345153
46 4.633617041914840
46 2.781961056570982
46 2.033948881591420
46 1.531270230156570
46 3.792593948178349
46 3.314446061334293
46 4.526512093280394
46 2.263459671796157
46 2.609358156513299
46 1.460066790788856
46 2.921213872097176
46 4.358690243485253
46 2.854678314074204
46 2.426273647543694
46 4.529100667070511
46 1.767346524938461
46 2.777097725053685
46 2.159771167654111
46 5.395666857789373
46 4.560798505630537
46 3.270340071354349
46 2.791359151874255
46 2.771002928123146
46 4.366574953686783
46 3.460280592503229
46 3.754533634700292
46 2.558445290283820
46 2.440992907117848
46 3.303649200359160
46 4.372528381091089
46 3.076422211520976
46 2.046447946063160
46 1.853946295710725
46 2.009828199659280
46 2.039935056908506
46 2.032432630356419
46 8.301083994336750
46 2.328146427577593
46 4.802858132855183
46 3.020135048787876
46 1.895240744014638
46 3.233517123491588
46 2.558516822595451
46 2.242033215808373
46 1.692956716359092
46 2.581838553468319
46 2.654297888093176
46 3.332237540312175
46 2.841129979322959
46 1.948597189726561
46 1.853220930873373
46 2.803802626517270
46 3.329750161649329
46 2.805696088331555
46 2.623620493748768
46 3.373824271483000
46 1.937114062312974
46 3.469340044853653
46 1.205711009128031
46 3.154784895435338
46 3.185961581523845
46 1.758206819322608
46 4.613933892978133
46 2.334007139220055
46 2.017454441061741
46 2.705880792657104
46 3.814965607598367
46 3.213704661530846
46 4.861136000036256
46 1.504487781303717
46 3.395481358330596
46 4.150049677768893
46 1.557912480427878
46 4.328392798793764
46 2.117179367055218
46 2.433204053712653
46 2.773105613607241
46 5.115794208134489
46 3.429649705693437
46 4.630629385486198
46 2.375485294621897
46 2.435195255577542
46 2.719372971700827
46 2.905394940521262
46 2.266922948506521
46 2.523842596416530
46 2.818286341856763
46 2.649188369459715
46 3.649854798488588
46 2.197709409519352
46 2.380707367519943
46 2.720456744125027
46 1.633323458595342
46 4.254282517622242
46 3.232905257889403
46 2.788781755888878
46 2.614697631055549
46 2.125801697825165
46 5.180261643313295
46 3.596044969782107
46 2.690531420630617
46 3.606528308793469
46 1.806280518505813
46 3.191108517030618
46 3.710333228778786
46 3.160761738832297
46 3.208011892025005
46 2.615552134729327
46 1.997454876863848
46 2.761949757049281
46 2.153946857526826
46 2.013657508357825
46 1.534330905349988
46 2.574485159260285
46 1.889906056422861
46 2.646002460983407
46 2.752782680480049
46 3.982930507621942
46 3.152231610817728
46 3.129074736167883
46 3.300138945362934
46 4.802830048847372
46 2.667708579748389
46 3.918697872541055
46 2.876103758139814
46 2.196295235475178
46 4.805460618178918
46 2.951557349931902
46 2.802214742175779
46 2.995250624935201
46 1.711615309370286
46 3.120004720964128
46 1.702078516104200
46 1.879836421201930
46 4.738758869676762
46 1.714547315875794
46 2.328562753108781
46 3.318764114046522
46 3.639735721696418
46 1.871003061637276
46 2.294701607740263
46 2.656097868566840
46 3.829543113466500
46 3.979916710105025
46 1.698068928560116
46 3.202954298046948
46 1.958417817529627
46 4.526764779925430
46 2.646577412809234
46 4.116305994393436
46 2.161911817955375
46 3.600760411599151
46 2.291501608157688
46 4.269248822435845
46 1.684087565079173
46 2.390390445841976
46 4.458088950389889
46 2.721376369894574
46 2.619100873920401
46 2.744481887733276
46 1.978214715120135
46 5.325233368302014
46 3.003400533664327
46 3.229059496677412
46 2.249194450094620
46 2.938998736134989
46 1.892748797267274
46 2.772890875114393
46 1.777586586378380
46 1.992936807493639
46 2.365624625447709
46 2.740061042933331
46 2.025280742554621
46 2.859799635150971
46 2.322957907908431
46 2.376406436855143
46 2.676204887099400
46 5.378425510307997
46 4.821494262763812
46 4.665548539224661
46 2.323257527330562
46 1.746894586215091
46 2.916196231838738
46 1.848600751169910
46 2.819137633548603
46 1.546642088938861
46 3.232203242128609
46 2.648798929686148
46 6.043289634435961
46 3.480674576158858
46 3.295723933461063
46 2.304054310207931
46 2.288512922061860
46 4.467201248968938
46 4.030329627446108
46 2.296753304941543
46 4.013925399593317
46 3.042820093153828
46 4.950132509306510
46 2.662557682347485
46 2.318525285586842
46 2.213648951964188
46 2.276724626059289
46 6.575860413189345
46 3.829533544971461
46 4.181681714147315
46 3.173395495435215
46 1.453862401756457
46 5.180377098866266
46 2.616974022464764
46 4.779699588132596
46 3.085198655925927
46 2.242317233309901
46 2.973677094601502
46 3.598220021220119
46 3.585750918982167
46 3.418715866413190
46 5.163770386880403
46 3.012770708358774
46 2.160026097620592
46 4.266552498998545
46 2.875406012912233
46 2.732089550154229
46 2.109772178244977
46 2.565068009281432
46 4.198340660651088
46 1.674230748100482
46 3.469355379825496
46 4.901436590352910
46 4.516425556869134
46 3.456261820268961
46 2.185342978361323
46 1.641049239685092
46 3.556617270787283
46 3.141815314840842
46 3.443304971962712
46 3.860747968955105
46 2.680930811614796
46 1.830429560864607
46 3.535281753538404
46 2.712316904613356
46 2.444262521531106
46 4.606384947168076
46 3.773151190904575
46 2.594030811161966
46 3.473239261739104
46 3.544149697885152
46 3.601658537331935
46 1.943033285403295
46 1.917439210252501
46 3.790948873237003
46 4.075048584664786
46 1.687738288517361
46 2.878597901265973
46 3.527258142294237
46 3.489833026758162
46 1.816960630705972
46 1.725960638690603
46 2.067299444880151
46 2.109262683894876
46 3.264257664925375
46 5.293701940465446
46 4.176038832031319
46 2.196197410568326
46 2.466698215511831
46 3.555537850323257
46 5.117792276225813
46 5.618493143566875
46 2.631168380887559
46 2.325223303565270
46 2.713078046094619
46 1.948147831113403
46 3.244706233311824
46 1.631566970090471
46 3.823639274602794
46 3.060524276002846
46 2.848018625980999
46 2.937947864227346
46 4.318309526266020
46 2.262767783861871
46 2.658204286616053
46 2.417126687495153
46 3.468071533275871
46 2.861788653275682
46 2.464612989058131
46 3.433698531066978
46 1.801964178437017
46 3.540469977975908
46 5.301933872028877
46 2.794882968331340
46 1.599531172623366
46 1.263664857254473
46 2.176109371579888
46 4.161680240656456
46 2.860085925467053
46 2.884104263369085
46 2.048054035651097
46 2.658124703014519
46 1.478466683747361
46 1.638864024618452
46 4.014936158724194
46 3.387034781488343
46 1.573803487786622
46 3.699968684301604
46 1.759442800460913
46 4.080638921112566
46 3.863875426406508
46 3.272438248131799
46 2.049819270031567
46 3.322330177226056
46 3.147053078884192
46 1.411075205623133
46 2.088673622521926
46 2.055727539170128
46 3.228390755475952
46 2.381560009894111
46 4.668134075744689
46 4.161426868479817
46 4.771969543240527
46 1.913011586469575
46 2.041919879966726
46 3.213719429901059
46 2.642748702817513
46 2.328056573958860
46 4.495959174750299
46 4.072609462775207
46 3.451765677964292
46 3.472365840169943
46 3.234483746113197
46 2.879914659460241
46 3.517166416907740
46 6.275743131341473
46 1.720696730870980
46 3.193334579702733
46 1.534901201442437
