10 0.028652325330790
10 0.017315933902389
10 0.011420421103721
10 0.016907916213681
10 0.010036561197142
10 0.015061592531618
10 0.011756596164026
10 0.008266719939299
10 0.017781342429512
10 0.011491797153044
10 0.019178204255995
10 0.009512961867108
10 0.012631726410256
10 0.012965340252814
10 0.011168682944901
10 0.010551158642640
10 0.010988778801402
10 0.006256870873442
10 0.007993322150863
10 0.013117434647627
10 0.012471663038986
10 0.013969343854034
10 0.008909059930088
10 0.011278305291834
10 0.012929970766872
10 0.011631248677635
10 0.011781268741228
10 0.010373577863526
10 0.004402974357498
10 0.009978656975432
10 0.009365799644729
10 0.005405547293471
10 0.017803948493564
10 0.009752361054246
10 0.008275559192593
10 0.008093155646492
10 0.007239233591290
10 0.011111622120680
10 0.012237938058571
10 0.009524309014991
10 0.010151987908777
10 0.010571314376172
10 0.014600611174378
10 0.010699631563370
10 0.011516232653850
10 0.010221554591341
10 0.008956678361448
10 0.007583719146261
10 0.012937155251880
10 0.010052753647915
10 0.013653071026104
10 0.011166808937587
10 0.013751399042259
10 0.019711213717734
10 0.010509188437491
10 0.011229126894986
10 0.007751262703103
10 0.011036230396709
10 0.007184583475771
10 0.009178822691668
10 0.008886256008719
10 0.012232933576388
10 0.012448760425278
10 0.011620375432876
10 0.005145886345661
10 0.016182812442019
10 0.004403693822945
10 0.008813053150810
10 0.015233077480578
10 0.008987003035671
10 0.017679043718315
10 0.010491065623430
10 0.014926265597355
10 0.008401857599378
10 0.015751480757208
10 0.010731811911167
10 0.013358083325791
10 0.012527956388046
10 0.012876397622287
10 0.017642131681850
10 0.020156539134024
10 0.015465909195661
10 0.009273911768973
10 0.009625799362965
10 0.018728142350158
10 0.016945286951777
10 0.012318219769954
10 0.009949422192331
10 0.011092264637013
10 0.017477211067045
10 0.019250611488535
10 0.006853126365485
10 0.009497291943137
10 0.012634339122278
10 0.008915864683379
10 0.011702165019476
10 0.015768273812822
10 0.004567429053951
10 0.016300053097096
10 0.005104397353089
10 0.009441272142233
10 0.012201576499285
10 0.007501408151087
10 0.011185317535467
10 0.019915567563353
10 0.008596763861601
10 0.015570600549380
10 0.011864388374972
10 0.012766258569372
10 0.009781144220891
10 0.014448875214932
10 0.018136155464279
10 0.010777895111930
10 0.015719760255694
10 0.005297486478670
10 0.013816429758839
10 0.018218385218908
10 0.021070329596628
10 0.015403496882980
10 0.006323713104916
10 0.012018491865141
10 0.006225212234254
10 0.015534598465511
10 0.006593535615163
10 0.005262201068533
10 0.016035858269730
10 0.013640006617228
10 0.006761865621882
10 0.009601315071700
10 0.005918846422950
10 0.014417343901943
10 0.010157750529903
10 0.012922649112976
10 0.008486190674279
10 0.011170156201858
10 0.010853179541686
10 0.009342672392373
10 0.006175703625044
10 0.011699025485230
10 0.013163226135638
10 0.012399270099786
10 0.014901189400003
10 0.009791401305152
10 0.016289564722736
10 0.008275680794123
10 0.008963038532906
10 0.006267565850409
10 0.007264911652394
10 0.004709818036272
10 0.013054096855855
10 0.008962692463238
10 0.010610915727312
10 0.010320201978728
10 0.013335434960847
10 0.009623896446504
10 0.009486173785584
10 0.010654910214623
10 0.012193708113629
10 0.009612721598649
10 0.012895820543114
10 0.007447355121124
10 0.019271984629719
10 0.020372405992701
10 0.008468028740522
10 0.007683540379565
10 0.012609458232759
10 0.018353269922529
10 0.014520165170403
10 0.009079109094675
10 0.014698519513004
10 0.009437014722353
10 0.010281101832519
10 0.012184576514722
10 0.017483336505747
10 0.017096762245176
10 0.020985382143771
10 0.011711264075897
10 0.013414298133848
10 0.010790714762972
10 0.015789095203597
10 0.010636571282943
10 0.013801508527472
10 0.007914187899136
10 0.008512207045992
10 0.013431404395405
10 0.007553438156513
10 0.006109220520477
10 0.014911003096576
10 0.010114580574161
10 0.012418394368386
10 0.009201011618307
10 0.007911639424340
10 0.008004873098248
10 0.012597980384656
10 0.009858417184717
10 0.007792261807329
10 0.009977060818607
10 0.019415383850506
10 0.009355529129285
10 0.014239688907393
10 0.016268535382796
10 0.015251790653689
10 0.009934460188501
10 0.010427737466442
10 0.013637815051869
10 0.013517412044833
10 0.015741065416875
10 0.012395305911811
10 0.010831350789619
10 0.011728505249314
10 0.011452837770698
10 0.010571193833769
10 0.020615808273693
10 0.013050866713893
10 0.005678173972479
10 0.008484746932143
10 0.019674709212253
10 0.007860563024254
10 0.023017955758747
10 0.009916203913661
10 0.010656893134553
10 0.018338068708033
10 0.009456305773390
10 0.011641989070189
10 0.016523483918379
10 0.011581614874182
10 0.008950452956181
10 0.009810646168274
10 0.015685078035078
10 0.013290608551982
10 0.014315128193417
10 0.010610331686072
10 0.018053024692073
10 0.012806257285639
10 0.009350884260989
10 0.013561113355150
10 0.009523250067613
10 0.011333512049714
10 0.013853210534278
10 0.020182365980690
10 0.014454365983986
10 0.007391005988644
10 0.022368089334540
10 0.016387189503133
10 0.008217947655586
10 0.007553229409304
10 0.011450630037523
10 0.008883357263229
10 0.020564092858771
10 0.011617770986983
10 0.017152732356557
10 0.017665219347750
10 0.013403599103944
10 0.008324539377885
10 0.006374001323004
10 0.007866850763500
10 0.010275310342844
10 0.011127907639109
10 0.008960818457171
10 0.005461650295993
10 0.005565553389745
10 0.008192728133085
10 0.018485176188685
10 0.013103249582791
10 0.011133363070690
10 0.011479057658965
10 0.011752277778035
10 0.005842241980631
10 0.012635706304528
10 0.013511698954991
10 0.008087448921887
10 0.015040369997995
10 0.011132383924063
10 0.009430651421824
10 0.006152464591257
10 0.012123471554015
10 0.009384097995118
10 0.009919966036222
10 0.008276392594454
10 0.011732146462214
10 0.010454216617364
10 0.007587972533138
10 0.011381094195659
10 0.006293105016636
10 0.017009461945285
10 0.006470544855846
10 0.012489957590866
10 0.006679287178986
10 0.013818279364194
10 0.011061025333895
10 0.009777727490552
10 0.009283170830060
10 0.009743311388115
10 0.005890186205811
10 0.015507836268728
10 0.005103939548744
10 0.009894561497052
10 0.008395810445699
10 0.008826736575052
10 0.007561620759362
10 0.016811423977822
10 0.008618896159968
10 0.008354904646504
10 0.012958886029953
10 0.009590103808046
10 0.009125405646166
10 0.010662640471353
10 0.007094126216322
10 0.012606328670352
10 0.020140288117297
10 0.014077692691331
10 0.015053640398042
10 0.005666818486020
10 0.021083142764420
10 0.014073062308259
10 0.011649342012457
10 0.012107034122687
10 0.010604077651644
10 0.010186328372786
10 0.006450441560666
10 0.010645092686595
10 0.013077677634116
10 0.017831946440093
10 0.015036759468138
10 0.009989233642348
10 0.010505124105305
10 0.015572555904503
10 0.009313101652907
10 0.008951960687963
10 0.007480812036854
10 0.017375634550878
10 0.016369381608810
10 0.005915101962258
10 0.005891603815810
10 0.006502740780477
10 0.012780360172910
10 0.009421740394212
10 0.007762980194455
10 0.015872884271719
10 0.007555579514827
10 0.008216690405356
10 0.005427596332252
10 0.005828576209730
10 0.009140083068001
10 0.011231213525534
10 0.011603879321875
10 0.005885150546415
10 0.011192605920287
10 0.013994160397307
10 0.013503297245189
10 0.015050969063290
10 0.010028108427475
10 0.008478911186911
10 0.007723501362339
10 0.007848841821174
10 0.007517843900994
10 0.011147895075113
10 0.010118849705277
10 0.013543676415060
10 0.007140022405299
10 0.008540886264751
10 0.013542880351932
10 0.009290502532646
10 0.011296541201917
10 0.010081493205069
10 0.010139368775409
10 0.016648280362078
10 0.011734102895861
10 0.010654844802974
10 0.010271926948576
10 0.012969500829477
10 0.009103274105413
10 0.016552152857846
10 0.007763495485211
10 0.010899699737064
10 0.015016502196991
10 0.009539208885739
10 0.008970560370436
10 0.010013818950438
10 0.015889123942994
10 0.010119106036605
10 0.015564362079986
10 0.007082580312592
10 0.008339483726737
10 0.008599430874494
10 0.031409219993900
10 0.012166784097854
10 0.012517266274136
10 0.009743446429851
10 0.016874896648041
10 0.005339217429847
10 0.010209265154067
10 0.009534610603909
10 0.012076936540451
10 0.010386358860271
10 0.011868451121283
10 0.007597558810832
10 0.010609425191950
10 0.013218261752184
10 0.014453805443000
10 0.008193652340757
10 0.017206406357222
10 0.011819297376055
10 0.006219056403226
10 0.007839074705745
10 0.007853570751039
10 0.013303168928416
10 0.015152656736010
10 0.008657720995148
10 0.010559148769881
10 0.018821522509538
10 0.006947068752303
10 0.016810938854156
10 0.011345585768037
10 0.009991369178791
10 0.020427664524680
10 0.007589328278264
10 0.008571297678284
10 0.012238397685647
10 0.007170611265032
10 0.014932583647302
10 0.009813705289404
10 0.012632591209500
10 0.022513721198252
10 0.017452940853975
10 0.011526631171414
10 0.014953550723045
10 0.010994364471955
10 0.023175525536894
10 0.005823727519106
10 0.013755940923539
10 0.006898294749952
10 0.011919460934734
10 0.010184657155966
10 0.010421153937272
10 0.017647394400334
10 0.006337933343648
10 0.008415080050557
10 0.010689439356044
10 0.009802570250143
10 0.006789568918691
10 0.014310664775972
10 0.013681236770572
10 0.010853097234363
10 0.008661448972912
10 0.007430408566518
10 0.021752622250685
10 0.011973589538333
10 0.017682382218187
10 0.018479164652778
10 0.008220823998626
10 0.011752746298919
10 0.013733994469426
10 0.011030028899166
10 0.012103754867115
10 0.020614524693357
10 0.013766610069947
10 0.019286979081876
10 0.005709549297919
10 0.009464271914128
10 0.006702693292642
10 0.011483305551804
10 0.007723802690978
10 0.011883700537959
10 0.009235154160998
10 0.011147834527044
10 0.009146723256453
10 0.010386025427861
10 0.015172156051478
10 0.007577024806615
10 0.021660723890190
10 0.015016985559190
10 0.015416547080375
10 0.012653647102655
10 0.013352087848428
10 0.013372576500701
10 0.008818170310671
10 0.015118516703345
10 0.020863488267828
10 0.008956293866616
10 0.012728660976021
10 0.008880515545171
10 0.010413175145441
10 0.011864801082078
10 0.016419940124137
10 0.015589662330631
10 0.014956675623672
10 0.008924039886974
10 0.012937419494977
10 0.010484731668938
10 0.011402861616043
10 0.012638824638309
10 0.014349422428812
10 0.014643968586942
10 0.017148898399587
10 0.008884958094284
10 0.010575925520370
10 0.017615731115722
10 0.018690993327489
10 0.009236813795586
16 0.075611278035442
16 0.052486512481458
16 0.046845470465783
16 0.059528211693213
16 0.053312539718233
16 0.051288566760759
16 0.083619254547012
16 0.049443538682356
16 0.072458354330461
16 0.068639504550521
16 0.072861316244179
16 0.074322915843230
16 0.080706715883135
16 0.122039038873515
16 0.061957887443151
16 0.047305416640362
16 0.072975859001436
16 0.055636332597517
16 0.073403306173171
16 0.086540543706922
16 0.046378896207383
16 0.052531105414884
16 0.083985392302167
16 0.093307902848364
16 0.053733285197394
16 0.099944982648992
16 0.110837939530631
16 0.089430609211453
16 0.067619226343465
16 0.113275777070613
16 0.151539237730413
16 0.040708874607563
16 0.060042165760744
16 0.054201278571145
16 0.053773346573024
16 0.051529903806362
16 0.168246665532457
16 0.081421522975587
16 0.096841817041909
16 0.056961524646784
16 0.090805986936722
16 0.125988914280509
16 0.151318425892118
16 0.117625247809494
16 0.062363721572564
16 0.156810899689631
16 0.049912555236242
16 0.091061872930273
16 0.075299322707714
16 0.135735297014160
16 0.069205253216575
16 0.046865312914072
16 0.052012208804314
16 0.069212881983196
16 0.142394000237153
16 0.073288126267569
16 0.081999593890697
16 0.085885166324661
16 0.086964046691622
16 0.078861111804848
16 0.113154992448146
16 0.055232733607051
16 0.089684659222050
16 0.063307980731290
16 0.079438211477958
16 0.059443661288441
16 0.071787644770889
16 0.079831687235752
16 0.049853130626258
16 0.089025548717420
16 0.094860219118954
16 0.145619830252695
16 0.069441412120670
16 0.081423646004584
16 0.073247192349254
16 0.111148800590426
16 0.080259442812194
16 0.087261146469106
16 0.077104095502562
16 0.073487859539607
16 0.062470671286770
16 0.081822994501776
16 0.111966329269358
16 0.054100497867841
16 0.058097296374621
16 0.056763798611282
16 0.089795402861776
16 0.128506947954979
16 0.060752326774178
16 0.151089003984801
16 0.079617230664022
16 0.095646313702109
16 0.061742584084849
16 0.099890347604679
16 0.056591229249515
16 0.053305830129200
16 0.083642752705160
16 0.064246085220262
16 0.063779515939270
16 0.174801777795082
16 0.043032854254870
16 0.077280379115392
16 0.078177147578042
16 0.074832622823130
16 0.064319051354461
16 0.106069014163398
16 0.060597215806413
16 0.082108052171413
16 0.064668925837461
16 0.062439076536583
16 0.044608238525739
16 0.059173665901988
16 0.073659010661089
16 0.141425180523396
16 0.040854988694117
16 0.061257660341045
16 0.065704654245863
16 0.117772092382078
16 0.098934715354215
16 0.105774065126602
16 0.098833196924167
16 0.069189349782721
16 0.049861401333826
16 0.052190082122218
16 0.044581892363796
16 0.092047510303242
16 0.082008298109586
16 0.082669624283981
16 0.074754249817900
16 0.098093204850752
16 0.091334753168172
16 0.053380426307277
16 0.082599804800157
16 0.048933086768624
16 0.039392402483635
16 0.085079506129302
16 0.125197331722878
16 0.092640069430560
16 0.081030034235241
16 0.089016359193546
16 0.079825474251970
16 0.085341018005023
16 0.067186786200677
16 0.079319317855507
16 0.068578595008054
16 0.145478578714262
16 0.052498654947899
16 0.068895718131013
16 0.066804893497346
16 0.070244544429586
16 0.044013742526960
16 0.121990614580636
16 0.050160884348988
16 0.064781847984044
16 0.038923087903402
16 0.072949191624429
16 0.084067243646905
16 0.084558523945689
16 0.050231273282674
16 0.089002912121250
16 0.064250572025620
16 0.074877817776174
16 0.107077205000235
16 0.067857558459195
16 0.115415619768436
16 0.066906442347189
16 0.075501965187319
16 0.148823736988301
16 0.057237621307288
16 0.036593620405865
16 0.053940527363681
16 0.064845217222413
16 0.049460934272663
16 0.089046370482410
16 0.055512950788868
16 0.093367569572567
16 0.058306351662274
16 0.046859789413925
16 0.082735768086516
16 0.090921464933300
16 0.061353250580680
16 0.059266462634183
16 0.100509365858636
16 0.102791535038505
16 0.097515744091932
16 0.077659569141799
16 0.039710565522843
16 0.090305806060825
16 0.040540663853801
16 0.068181030082518
16 0.048912484706795
16 0.176888100679826
16 0.057787767567545
16 0.063115119859977
16 0.067258534912220
16 0.082136383062928
16 0.050116817726103
16 0.130063410684773
16 0.167703021373771
16 0.067817986946144
16 0.123026502606335
16 0.087860160625406
16 0.059909849867513
16 0.069076395699106
16 0.047182269121248
16 0.060317527179073
16 0.116193247556497
16 0.101460062418061
16 0.080649430799533
16 0.092384317021012
16 0.066515688940402
16 0.086744241289734
16 0.057604481589225
16 0.089483800088681
16 0.060179149674998
16 0.093200007751231
16 0.095881511719787
16 0.131086697630492
16 0.072107138074144
16 0.063454633384959
16 0.123390832994168
16 0.090873464092399
16 0.069883508553899
16 0.051676587647909
16 0.056614906689685
16 0.071796524600375
16 0.116687658746602
16 0.070850142422924
16 0.070253379890502
16 0.049625168381711
16 0.038026039957295
16 0.069392279882871
16 0.070521233626002
16 0.058585491465488
16 0.119342827729454
16 0.094902266154136
16 0.059907438249523
16 0.122529813624647
16 0.164149495175787
16 0.041107986824331
16 0.098423698511021
16 0.062060780757684
16 0.117048820654918
16 0.084839704623537
16 0.069441992701515
16 0.097802816114280
16 0.048450587413457
16 0.066371117667807
16 0.066603593350756
16 0.084754221089891
16 0.124813255671279
16 0.093298887749858
16 0.032634431753964
16 0.090590930399768
16 0.088516361024013
16 0.060772581341548
16 0.108732774669025
16 0.089711004993831
16 0.099088417584422
16 0.093986850231520
16 0.098127300707486
16 0.085485357035830
16 0.059218600852617
16 0.077454545128462
16 0.035628641915378
16 0.079754987179370
16 0.073074281110282
16 0.057900899113322
16 0.068792521243293
16 0.081034404262134
16 0.060552319801481
16 0.064056754088985
16 0.100874789131039
16 0.104832070224058
16 0.115507046473894
16 0.053983329325139
16 0.043654326933510
16 0.057648651089377
16 0.074382463267930
16 0.065578889774477
16 0.049592592102023
16 0.053979975620579
16 0.068151524681196
16 0.068127094741488
16 0.051694908234727
16 0.083056444017672
16 0.083225590135074
16 0.130962155988485
16 0.073983793968129
16 0.111918172745912
16 0.103640953232728
16 0.079344697542241
16 0.079603002902727
16 0.061402868061589
16 0.084605303159009
16 0.062896175577579
16 0.048577122200428
16 0.050932160153495
16 0.106706215947276
16 0.065714509257124
16 0.053929847014753
16 0.077595170139565
16 0.071468910920177
16 0.053097168810810
16 0.067246137003533
16 0.038958729857327
16 0.097045494446958
16 0.030792762500638
16 0.054529257320554
16 0.054845983579821
16 0.113817693234573
16 0.036408455314574
16 0.067921637863683
16 0.090098110146994
16 0.084197359819058
16 0.083124676149664
16 0.114958894726345
16 0.044210802472012
16 0.083021410785476
16 0.117152026823016
16 0.131309092721068
16 0.060194673534253
16 0.070434228634608
16 0.107089096141121
16 0.075708903177171
16 0.097570717592835
16 0.117317783385740
16 0.130692129474374
16 0.053148626493885
16 0.067099132492743
16 0.081790547649085
16 0.111434039046001
16 0.069520153522051
16 0.086236311309199
16 0.046613791068631
16 0.056166918285881
16 0.081106421994014
16 0.095532720768512
16 0.044896442026696
16 0.106013458552551
16 0.071715015011682
16 0.149528757720188
16 0.053545918321709
16 0.086009497813333
16 0.038036452383510
16 0.057831437930876
16 0.040708122730569
16 0.058134262567562
16 0.076920617276313
16 0.102059182156004
16 0.052529577035249
16 0.068437442903503
16 0.082360032480309
16 0.062615090863192
16 0.047715755368984
16 0.057602728701760
16 0.097697989788012
16 0.116900681303787
16 0.061527956438970
16 0.072356335596126
16 0.057058325020518
16 0.049269249100351
16 0.097778343552632
16 0.089340786751321
16 0.074320555834005
16 0.074872878001570
16 0.061965197207110
16 0.071783424364132
16 0.120238393970326
16 0.052271650496063
16 0.080650597451385
16 0.069034723265827
16 0.045509742790845
16 0.111736470622130
16 0.073889037766047
16 0.109053187894938
16 0.075054798604210
16 0.093905255331596
16 0.104876884979853
16 0.097949915781431
16 0.050718863310604
16 0.050078362109226
16 0.063131360710918
16 0.079980712343709
16 0.047386496697372
16 0.092918140256667
16 0.078793790322851
16 0.077809417043643
16 0.057388525263284
16 0.099967249450075
16 0.049963908269683
16 0.091140477345698
16 0.066451436883306
16 0.048167540139476
16 0.083503466159980
16 0.083798205109171
16 0.111347622255083
16 0.110732947342661
16 0.094825782168462
16 0.058075821247966
16 0.054581100662798
16 0.050638627243884
16 0.092947429260695
16 0.039111981804574
16 0.106577894836100
16 0.122988144124731
16 0.039828096776057
16 0.054004116172642
16 0.101905289052122
16 0.125622031177665
16 0.046343696151612
16 0.080744521320998
16 0.089920903832836
16 0.048608829003278
16 0.059740138681358
16 0.065474559581340
16 0.101084542668911
16 0.071140604801332
16 0.143766156725346
16 0.097127247833751
16 0.091715769771847
16 0.090582687905047
16 0.056893191209138
16 0.114557863063713
16 0.060597965220537
16 0.058065841302252
16 0.095944920730126
16 0.093281384968082
16 0.096322072189467
16 0.074341015826490
16 0.085181573284491
16 0.065494201184443
16 0.107177198116816
16 0.159429566225067
16 0.040981327909186
16 0.047428570710844
16 0.080228159410706
16 0.044439045802201
16 0.119192858626985
16 0.048007152978109
16 0.094495716370652
16 0.063410247687884
16 0.063708013415164
16 0.039476750315214
16 0.059312862408268
16 0.082102909070249
16 0.095523278006755
16 0.071631063252075
16 0.067830023732354
16 0.080971526271343
16 0.063358659865484
16 0.074807814885615
16 0.053246354318294
16 0.067902837920946
16 0.146932880282551
16 0.049422304471753
16 0.057703655389772
16 0.063185350195747
16 0.081286407779900
16 0.067363364750793
16 0.101225524822244
16 0.142090531211570
16 0.082788043030718
16 0.051531105426853
16 0.067071169885401
16 0.124965412142880
16 0.106734938567194
16 0.052795477959477
16 0.151904025270104
16 0.087780666265457
16 0.069182770896200
16 0.099436937575098
16 0.090115325028279
16 0.068146835967602
16 0.095863563157507
16 0.081925060982196
16 0.057982742989074
16 0.061446736849887
16 0.062175443058109
16 0.043557159697679
16 0.051370862054622
16 0.115973126710553
16 0.069974277959545
16 0.095672912866217
16 0.056157757741539
16 0.075487510297293
16 0.104304530857553
16 0.068207445500704
16 0.036747971103418
16 0.066106055842377
16 0.150341611444794
16 0.060844421720925
16 0.044009613199795
16 0.076921523861464
16 0.132607879642538
16 0.095392869198988
16 0.081280760533881
16 0.121660703155900
16 0.094021925205478
16 0.044366628973051
22 0.403081690367493
22 0.214419506613836
22 0.286359882446451
22 0.316681072615161
22 0.196644519624514
22 0.164603583199195
22 0.277152622540513
22 0.326251496052959
22 0.407079926467933
22 0.212733494822622
22 0.179601295859682
22 0.222586026414060
22 0.382296109883612
22 0.268514331225834
22 0.263380094645921
22 0.270788514039919
22 0.293885795765016
22 0.297597918557692
22 0.290720667309048
22 0.467510321969786
22 0.325454846012604
22 0.137077213921101
22 0.184914029036324
22 0.238356767921907
22 0.289858672317455
22 0.190178290200679
22 0.175536144651355
22 0.373226752687656
22 0.223341761790165
22 0.283059490087412
22 0.298748565118980
22 0.151322496359716
22 0.204777752700490
22 0.208040985101287
22 0.251950600166018
22 0.197891514338312
22 0.198910886889070
22 0.271335985911024
22 0.206096928068463
22 0.449489025412577
22 0.425523125389975
22 0.207526212157889
22 0.351161467209274
22 0.532704709478188
22 0.522877092688846
22 0.289826352883329
22 0.271170953581355
22 0.395472866817705
22 0.316851105571404
22 0.407629798531151
22 0.179607824857758
22 0.191137454620102
22 0.183414200760511
22 0.309857904907121
22 0.264135200139849
22 0.244262647476906
22 0.457279412117134
22 0.239189313734878
22 0.221925442551460
22 0.170174817907416
22 0.386521443945963
22 0.101850590198681
22 0.233312474708576
22 0.237504522505227
22 0.263732819088740
22 0.187041754812174
22 0.276631338482275
22 0.258853344167983
22 0.394816685806228
22 0.188849747671820
22 0.328348129773126
22 0.570534237288979
22 0.396289694540573
22 0.163429146017738
22 0.362334266306318
22 0.341250564514538
22 0.224147848144444
22 0.342155651954478
22 0.269701599447496
22 0.337632393892199
22 0.223362994107299
22 0.158555052966539
22 0.344017870381347
22 0.181944153397264
22 0.247960576758294
22 0.446610391187887
22 0.251838598551601
22 0.226194005993269
22 0.171550829057274
22 0.318374056111066
22 0.249661872048594
22 0.365192167215556
22 0.224898137765527
22 0.200200215802344
22 0.408191992589883
22 0.140604985324960
22 0.324817121269354
22 0.381444321825817
22 0.286735372156407
22 0.285544939526898
22 0.218702600845496
22 0.308761576803799
22 0.346759417186503
22 0.256144484800826
22 0.233283085911022
22 0.300407796076167
22 0.249398314584198
22 0.240466112624623
22 0.246769088777750
22 0.179239694794314
22 0.207959534352608
22 0.275751655096436
22 0.301218647075537
22 0.159481212715849
22 0.336092685285998
22 0.254053068263982
22 0.162096027519728
22 0.245149431518134
22 0.377558263090116
22 0.169348219914142
22 0.403694395772349
22 0.245053679727116
22 0.216681225416890
22 0.414992688401349
22 0.254185823821264
22 0.245542610713226
22 0.244655574814227
22 0.152043294689571
22 0.334656593390920
22 0.306846403457019
22 0.156811042691015
22 0.629870639524665
22 0.281645308048913
22 0.340116171035966
22 0.179521506299519
22 0.226734979905344
22 0.198935858981297
22 0.274625391249027
22 0.249570390420737
22 0.255030592349906
22 0.203092259854602
22 0.328400444708100
22 0.249817410389857
22 0.230109801414990
22 0.218959247790889
22 0.495642324804306
22 0.250744738284793
22 0.247863379089640
22 0.250581226815970
22 0.240828130950672
22 0.171027669832357
22 0.341398376677124
22 0.290885682856924
22 0.159063010669607
22 0.301320728093035
22 0.398608402457851
22 0.342271829363646
22 0.201803058409160
22 0.256333584043979
22 0.306702938977775
22 0.223527010683706
22 0.404366750813317
22 0.339862348124674
22 0.246277260677922
22 0.203300084817744
22 0.305273896371473
22 0.269346747361230
22 0.221387056919562
22 0.473411307951169
22 0.187227478933350
22 0.211590680664026
22 0.213385445130466
22 0.217129887796399
22 0.438711759684899
22 0.203399400064023
22 0.249367727986187
22 0.348705924769587
22 0.343081270252663
22 0.296355660246738
22 0.471440053018319
22 0.416715085666062
22 0.319744269645182
22 0.233639456236254
22 0.259931786795147
22 0.265696490011584
22 0.260512070539038
22 0.417196763795229
22 0.139368518460149
22 0.303335438545625
22 0.224614273192522
22 0.235230126049808
22 0.229525291865042
22 0.280464503175197
22 0.280888550992017
22 0.315653725559331
22 0.153368020528659
22 0.136109393767930
22 0.246135233736167
22 0.313666667945575
22 0.140140786597246
22 0.207376586720456
22 0.393720519158986
22 0.228684974839747
22 0.274993551647254
22 0.234048958863642
22 0.367090848111247
22 0.346627856274348
22 0.275215231664732
22 0.200358883712550
22 0.174913873669350
22 0.256279730911556
22 0.332846689752607
22 0.245453407806352
22 0.142112115449860
22 0.350373955007764
22 0.390380507126028
22 0.296197607335485
22 0.326594085295040
22 0.326224311341744
22 0.210640395194971
22 0.286911626246085
22 0.260600662792165
22 0.371114599641631
22 0.319245222569637
22 0.284044963977037
22 0.174787979443991
22 0.153760214976667
22 0.249670850652931
22 0.252966190731870
22 0.326690597624293
22 0.150535269843000
22 0.399094588171465
22 0.354790812333825
22 0.184745070755755
22 0.191365435178886
22 0.234664584226801
22 0.221763181165532
22 0.227866668187537
22 0.233161707588906
22 0.236863904199895
22 0.273677754265437
22 0.186652858152002
22 0.307202314470670
22 0.277869632230110
22 0.221199091522870
22 0.289106920974498
22 0.383075239591735
22 0.227656247498589
22 0.308403412075286
22 0.130305837374644
22 0.293055880995066
22 0.206045106295057
22 0.192003134744400
22 0.240670421723093
22 0.383685107546055
22 0.363359748363263
22 0.401355363456595
22 0.368271345556613
22 0.390029504307331
22 0.478890942620100
22 0.312973901503517
22 0.174918901986163
22 0.242520504818956
22 0.308900748684889
22 0.324841010679282
22 0.374842773061209
22 0.259443612943730
22 0.205917574200438
22 0.290309797308722
22 0.270036281106516
22 0.291245703090896
22 0.336719504201363
22 0.193244924060337
22 0.281530214764347
22 0.700279834791644
22 0.214098351122225
22 0.251549267436131
22 0.140820287263542
22 0.183988048582879
22 0.373423685330623
22 0.215157467190239
22 0.367912096442284
22 0.190497699023783
22 0.441509352026374
22 0.269685308002624
22 0.366427038265451
22 0.350956009280952
22 0.349688887007093
22 0.243122117148637
22 0.295921345084213
22 0.373486759066655
22 0.247196285358771
22 0.231216338792886
22 0.243513752257797
22 0.375811721354576
22 0.182439303820564
22 0.332040597997998
22 0.403650059951244
22 0.237607388696852
22 0.256018489806093
22 0.316620429657065
22 0.435768172566175
22 0.407068594883203
22 0.177828534316762
22 0.211263381711351
22 0.261711959708907
22 0.322909766037503
22 0.223429268163651
22 0.249281262888949
22 0.340333890812409
22 0.322288104248670
22 0.151357958993698
22 0.171503234466178
22 0.232345232396526
22 0.243110116905897
22 0.251077721052007
22 0.458925392594103
22 0.389537014738622
22 0.200738352623450
22 0.141709919412950
22 0.285496717327363
22 0.132809594979775
22 0.301374353894797
22 0.225259524361969
22 0.358064289897702
22 0.344448406519140
22 0.274218472203667
22 0.141769058967828
22 0.485620054200989
22 0.268467291381377
22 0.261764770078107
22 0.233999859725310
22 0.403875847965787
22 0.252032535256995
22 0.200172624466431
22 0.281208244010779
22 0.224385997914322
22 0.160624850327508
22 0.424255931070667
22 0.251242126845636
22 0.193432291433816
22 0.200058474761886
22 0.152967911307062
22 0.154657256946256
22 0.433118349000093
22 0.302229316723390
22 0.365790787147349
22 0.384330006735818
22 0.131753004339060
22 0.289439006277003
22 0.144297027198735
22 0.152674656786693
22 0.292989669973501
22 0.258993840204673
22 0.417636559469422
22 0.283714150918843
22 0.488619871215555
22 0.532166239398828
22 0.183411116890395
22 0.201719744842276
22 0.210708517657865
22 0.344777173397697
22 0.358421846648648
22 0.264255702270636
22 0.380717726893449
22 0.505227186834934
22 0.233759310524007
22 0.275282350677410
22 0.233767910914550
22 0.239499800342612
22 0.192304437799522
22 0.202467210154931
22 0.396820324520460
22 0.412012394497152
22 0.115073926901984
22 0.409889089787140
22 0.183339060899616
22 0.598265784793652
22 0.278908814341579
22 0.196384635473643
22 0.149493423548600
22 0.355952720394533
22 0.366218954252406
22 0.248997651987254
22 0.199461714197425
22 0.184580915939667
22 0.331035110409560
22 0.224547084359802
22 0.242049709077165
22 0.363991819405540
22 0.212079585840687
22 0.226912899906785
22 0.129588594951064
22 0.459907298050147
22 0.273726463189058
22 0.277281200775334
22 0.200963410274328
22 0.186415792578026
22 0.462631014516214
22 0.347689093751299
22 0.339250770959608
22 0.249203211440023
22 0.304950211559337
22 0.150034180134977
22 0.332192844926708
22 0.280501743787853
22 0.227892838780722
22 0.215824694661047
22 0.284666991147033
22 0.227902215076711
22 0.416593023424197
22 0.241297371471511
22 0.122276951332849
22 0.196646119667818
22 0.374608111379738
22 0.284721539018562
22 0.372248103245556
22 0.360153632017452
22 0.242763390208799
22 0.479979731586245
22 0.223047864413982
22 0.729473100271945
22 0.264249916739406
22 0.183368881064670
22 0.253748275078125
22 0.160572008936063
22 0.442967533764949
22 0.328299598383544
22 0.468693246436775
22 0.345753416867999
22 0.209710695261618
22 0.299938680102334
22 0.154847202287201
22 0.367397624855714
22 0.490291461930676
22 0.461803449653409
22 0.254984584701663
22 0.258257691202178
22 0.455656536190786
22 0.221430815052722
22 0.237021801520578
22 0.188483884614073
22 0.377809562487019
22 0.268105413803853
22 0.172448165599549
22 0.217027999497079
22 0.181003747091520
22 0.216346855133452
22 0.256036842998326
22 0.371695561285238
22 0.404012611417019
22 0.311951434875652
22 0.559656160463131
22 0.215449283703059
22 0.374462312162171
22 0.297676537989126
22 0.185123250356762
22 0.214923002526638
22 0.529538234343489
22 0.195829258845573
22 0.290691859953700
22 0.263232158633640
22 0.334724182462604
22 0.270295841945271
22 0.140900292662869
22 0.161861852520919
22 0.241712627251934
22 0.163627005070184
22 0.280699193300849
22 0.175974981609574
22 0.285451384987679
22 0.273047058156138
22 0.394541724236717
22 0.475589166851710
22 0.144046780362308
22 0.204326196681630
22 0.199786789120956
22 0.241635430402438
22 0.235856644679535
22 0.151673951394354
22 0.301508280763773
22 0.245110489316693
22 0.226222183780540
22 0.200474973061149
22 0.230828362630678
22 0.413890404537250
22 0.267891201801039
22 0.365153717475965
22 0.203251539673172
22 0.575095239084962
22 0.236295338953338
22 0.223964024626476
22 0.295965224383610
22 0.466358269023645
22 0.192589893353424
22 0.276793696861920
22 0.209350800495772
22 0.286991881481311
22 0.218126050726439
22 0.383210288097401
28 1.072044809835909
28 0.867948658698635
28 1.217065166624301
28 0.714037766767902
28 0.445619494203089
28 0.703757289980466
28 0.561023250421722
28 0.663155474205525
28 0.464688698938345
28 0.357822340300922
28 0.747852051688531
28 0.476533397863068
28 0.982313699218696
28 1.206637616879395
28 0.317648901563643
28 0.838858685563021
28 0.706941970462283
28 0.385101765871135
28 0.608616880145405
28 0.562137077220237
28 0.736628106914457
28 0.932319221926614
28 0.769213748290672
28 0.528028535539209
28 0.611420006445335
28 0.731672548693954
28 0.830535670376641
28 0.564909299904014
28 0.716504574577251
28 1.216965593599191
28 0.877158436857114
28 0.918447199747980
28 0.782374955960295
28 0.379945594545105
28 1.032578749229186
28 1.218509034446968
28 0.763602538900977
28 0.719028932836543
28 0.673429887822095
28 0.537049970750911
28 0.498965866940068
28 1.069840874284193
28 0.838273432854507
28 0.514481034172543
28 0.581197478034067
28 0.622507457599954
28 0.533462415223557
28 0.956914795091371
28 1.095324574049164
28 0.818899342391096
28 0.384822456948300
28 0.678990241976286
28 0.749684104335663
28 0.533768266929943
28 1.096784436416777
28 1.183137073378774
28 0.478977960368661
28 1.042224994591300
28 0.722774782116767
28 1.198112449673639
28 0.371261451757695
28 0.454480272473377
28 0.378770919677156
28 0.671380710594932
28 0.793197509234193
28 0.441800133434907
28 0.441734802891940
28 0.431241329904427
28 0.607560998452252
28 0.903606519747219
28 0.412417764511536
28 0.379806855039261
28 0.874206604041507
28 0.964042856799754
28 0.476462963620560
28 0.519581292012576
28 1.723491187409857
28 0.505245326143166
28 1.029285909483113
28 0.797423431209014
28 0.652553876503946
28 0.758940131083339
28 1.164523085104630
28 0.927221275455621
28 0.906126290825058
28 0.576194605783850
28 0.539434135694093
28 0.520801628135526
28 0.398426440799425
28 0.440874400800886
28 0.670159419206514
28 1.042119692606259
28 0.651719769761125
28 1.140194777200104
28 0.498386882141578
28 0.838291432973220
28 0.573190906125717
28 0.466429412723962
28 0.499074688126806
28 1.100302262306673
28 0.595571836509748
28 0.749249770612154
28 0.906883113264694
28 0.799098407657246
28 0.606368451052580
28 1.303986762065382
28 0.723026664702831
28 1.061854208463712
28 0.826909034212390
28 0.990027611090989
28 0.661129563439195
28 0.707127311654073
28 0.966502920782829
28 0.630081882615569
28 0.755202190492897
28 0.577985353702850
28 0.373326214259743
28 0.626130180440464
28 0.700898688734589
28 1.057853528566718
28 0.562046312186987
28 0.471444087233975
28 0.429568192479836
28 0.868707182111552
28 0.457602390815281
28 0.800716296511832
28 1.090200963782577
28 0.433544638354824
28 0.525757712772491
28 0.974937564690174
28 1.455595669180534
28 0.502268528172318
28 0.757181137379650
28 0.736553697158080
28 0.911658058047979
28 0.642076449049932
28 0.874443878256121
28 1.424723104038833
28 1.170700993301271
28 0.991321357070452
28 0.724537388136765
28 0.616070351921040
28 0.617330157863325
28 0.580342022842714
28 0.459983353935636
28 0.422318147037564
28 0.466844679985753
28 0.370305977388223
28 0.766992855915735
28 0.492042003403498
28 0.797207953715102
28 0.959479632617256
28 0.892070213483536
28 0.347968712096659
28 0.540315401204714
28 0.506629162548481
28 0.744169885645244
28 0.426557832042262
28 0.747512790704955
28 0.869462490382340
28 0.725113974066799
28 0.492527625618365
28 0.609430221059952
28 0.914565161011600
28 0.489133362305757
28 0.913653962370909
28 0.763212544254087
28 0.389503318277298
28 0.542719470348203
28 0.647806745749279
28 0.570604176992335
28 0.817286193793430
28 0.914459390454065
28 0.529257287006435
28 0.667224181771024
28 0.775939189306433
28 0.509475899158862
28 0.862232063757121
28 1.339395762786813
28 0.327933171953914
28 0.673059581072808
28 1.537043380596689
28 0.901625758630679
28 0.570695120976347
28 0.338241079792698
28 0.930031159002976
28 0.474714205561006
28 0.652883139187596
28 0.650285839807838
28 0.623886096024696
28 0.682417244065336
28 0.776118552364588
28 0.764691232544732
28 0.612256678273296
28 1.070738039604040
28 0.380732778857967
28 0.813847938986488
28 0.749817261776145
28 0.720045141153077
28 0.631813669382645
28 0.492645745088289
28 0.380573077076983
28 0.565165428675554
28 0.550591729496306
28 0.898673973548361
28 0.488755377467004
28 0.723312876536324
28 0.633138642037911
28 0.643203780699288
28 0.775486754266979
28 0.731298411973473
28 0.905057911489713
28 0.819392380330518
28 0.417591845924761
28 0.786872666881480
28 0.622300965790275
28 0.558760835865087
28 0.470930425913357
28 0.669906518448889
28 0.626244629390245
28 0.626207853252433
28 0.739905700705944
28 1.016723652462611
28 0.844936844461437
28 0.694011942316698
28 0.848388438684729
28 0.518851200986727
28 0.438457645705583
28 0.746439351690051
28 0.766680467589540
28 0.517456641248937
28 0.750205598310879
28 0.793042868338109
28 0.579266318679675
28 0.494416682832399
28 0.949543208355904
28 0.676270843627617
28 1.254148216540973
28 1.119785935639471
28 0.849798435475644
28 0.944080116289614
28 0.606359543343771
28 0.440608746934601
28 0.946510622782749
28 0.814731694407356
28 0.872944564590349
28 1.096920604855314
28 0.889902833935447
28 1.461510760463247
28 0.578463473644092
28 0.573497983420981
28 0.845096998760057
28 0.927493786468743
28 0.748240869902599
28 0.739156333163031
28 0.433480885348317
28 1.091245012910547
28 0.444995606955064
28 0.733610389467493
28 0.530433949520709
28 1.151744871306873
28 0.690722110032469
28 0.988588859515907
28 0.607321464527813
28 0.632033716797040
28 0.462554472676509
28 0.612878878280903
28 0.936288366050999
28 0.959988587175280
28 0.636636524337792
28 0.493522882144471
28 0.848572383411067
28 0.530546479278390
28 0.872886322358114
28 0.699132379658883
28 0.651130707296502
28 0.785812830353179
28 1.049352470436969
28 0.906840975022265
28 1.030443686304706
28 1.040105590544987
28 0.887044820566383
28 0.696025651057026
28 0.670020268806979
28 1.228853734204080
28 0.784001645842410
28 0.908677220765522
28 0.735554786537160
28 0.766028503451746
28 0.853599007687789
28 0.694849676737608
28 0.937629155123291
28 0.544763283288984
28 1.057514085323586
28 0.883420550260346
28 0.967873578595523
28 0.715725487391492
28 0.855821652949269
28 0.488137069830106
28 1.060455741340712
28 0.767933331587489
28 0.725792424663668
28 0.657908031331290
28 0.608650179243349
28 0.559658480560963
28 0.794829579738783
28 0.432470321617405
28 0.474430591442480
28 0.565254847026986
28 0.638705469721136
28 1.105138841331144
28 0.827546236502978
28 0.731354157808881
28 0.697439267369198
28 0.880927951541247
28 0.572542176777828
28 0.942829171868474
28 1.280990596372319
28 0.612997108289296
28 0.799494708893343
28 0.669358603354126
28 1.209734190654443
28 0.501666884243569
28 0.930313433526193
28 0.464262065693153
28 0.470504376350309
28 0.655268335371984
28 0.873667329115230
28 0.734390951152921
28 0.480395376421034
28 0.623940030417493
28 1.147950156586250
28 0.800437313225389
28 0.525371851205449
28 0.745367476442914
28 1.106412180494909
28 0.625371022894591
28 0.576195076078128
28 0.564735056212702
28 0.573829943440559
28 0.753283171067823
28 0.372551251385336
28 1.468847557112860
28 0.633923191193061
28 0.419623253671976
28 0.384063421097306
28 0.928530893356555
28 0.714934784011304
28 0.414165473406700
28 0.526690493786796
28 0.490049326749588
28 0.726869125332972
28 0.754354996813583
28 1.013966513878939
28 0.587761518093887
28 1.027806634387556
28 0.577591728106159
28 0.908799146057816
28 1.047622888389419
28 0.662378808473244
28 0.809294972298434
28 0.501624138025398
28 0.739752589957785
28 0.486994287077656
28 0.849813499880553
28 0.450022545276445
28 0.594998613330107
28 0.550186474080524
28 0.519149875512939
28 0.567361195888354
28 0.477153590007451
28 0.575545795720785
28 0.644972841151599
28 0.471585500970312
28 0.854564915449024
28 0.877614217473657
28 0.777038864933071
28 1.233887203569942
28 0.859760038212047
28 0.805972372846831
28 0.699423461728227
28 0.737200407291925
28 0.725589290271986
28 1.141224243965960
28 1.109704395333506
28 0.535479844535645
28 0.729768105095590
28 0.435894095823719
28 0.780507112408859
28 0.690482371155123
28 0.678583789169876
28 0.491255958347653
28 1.127552649111283
28 0.749895338311130
28 0.832564347647875
28 0.854429643056791
28 0.577050871672015
28 0.522708784458664
28 0.491894476361936
28 0.916346051136159
28 0.662370999478885
28 0.802828949686237
28 0.769664012085206
28 0.809325053836288
28 0.512979002417191
28 0.662038980253743
28 0.522022776941240
28 1.268474766650716
28 0.836220604376296
28 0.664273432216937
28 0.516554788934746
28 0.726197899253265
28 0.811651916429859
28 0.666581917783917
28 0.652424687468155
28 0.542910577857529
28 0.953401801716220
28 1.144769366799204
28 0.590878564726714
28 0.464611543108507
28 0.468967419628935
28 0.717133287807786
28 0.555001664937761
28 0.671592041285054
28 0.497958363338237
28 0.484966061958607
28 0.600549090281359
28 0.592763093726786
28 0.548123842001116
28 0.628909792502116
28 1.298397528842009
28 0.774224204792637
28 0.948265835629014
28 0.358162061798284
28 1.267930912780377
28 0.505276709928877
28 0.509758602863711
28 0.459907942630258
28 0.549940192224858
28 1.162310703946340
28 0.909136239214298
28 0.662429739381208
28 0.563500869543180
28 0.434696533154150
28 0.589117214295785
28 0.866328120963996
28 0.799715287573417
28 1.410582818004555
28 0.810713307138264
28 0.991836191823012
28 0.645779652833228
28 0.554520470621612
28 0.303615197514320
28 0.794923364246856
28 0.520139913253455
28 0.565563959509866
28 0.445991468012572
28 0.569275694468896
28 0.590953293683459
28 0.700629385762479
28 0.472518351389699
28 1.047342134417844
28 0.617282553727900
28 1.042130428234564
28 0.562067562937020
28 0.875901183302777
28 0.567941171387435
28 0.832190665830449
28 0.876926016730079
28 0.698412589248139
28 0.682524151593547
28 0.982954359081661
28 0.772956069543437
28 0.923529902800486
28 0.451971324563441
28 0.692638698518953
28 1.071947007774511
28 0.618316207244338
28 0.437763949904401
28 0.670383434752452
28 0.581582767031264
28 0.868812526642971
28 0.489134459334747
28 0.392954743612469
28 1.660832326333659
28 0.765515826051140
28 0.517750743777195
28 0.502356436779247
28 0.759598874462947
28 1.141760547272566
28 0.527935742313941
28 0.540951288358590
28 0.950984106328376
28 0.735343598839845
28 0.961338347061237
28 0.695047713706015
28 1.035324052326289
28 0.495640203205605
28 1.371715003121084
28 1.149023453292320
34 1.967452090355584
34 0.990861325512800
34 2.019723524949281
34 1.366625685914008
34 1.659656122973801
34 1.516124753608007
34 1.578783371804092
34 1.276019876206856
34 1.297808776468801
34 1.580257406122936
34 1.022160660741900
34 1.250960401878139
34 1.057346308060647
34 1.895829316668686
34 1.452164916912101
34 1.145073476730730
34 2.043970675344017
34 1.228759981501053
34 1.876060802575922
34 1.891954152338794
34 1.181203258357386
34 2.221522836580014
34 1.128265710549264
34 1.443588301123659
34 1.648250419759952
34 1.285318268358782
34 1.721227343016665
34 0.929377660171310
34 1.424683642733438
34 1.527944996601996
34 1.895741850540668
34 1.382492433390642
34 1.949106525606629
34 1.836115099426597
34 1.343744190465993
34 1.798771213350763
34 1.757492741096627
34 1.514123083761684
34 1.655387216334598
34 1.294957721866436
34 2.845877748770393
34 1.905207251582834
34 1.373466847302844
34 0.934854527013241
34 0.925607431201860
34 1.279019664859294
34 2.308487241498330
34 1.349635438799329
34 1.459352800132404
34 1.126032370610826
34 1.114402988260783
34 1.627381803738564
34 1.619869455195390
34 1.180415010078332
34 2.483975001659063
34 1.381910962635353
34 0.976767396927368
34 2.563085253088810
34 1.411480890158782
34 1.266948398325493
34 1.956939504377753
34 1.142610110142551
34 1.407985548222578
34 1.120705723908103
34 1.057379743413942
34 2.222853624677447
34 1.905562139507997
34 1.613629265221049
34 1.513968288123698
34 1.694800219612776
34 1.695218917197645
34 2.025163907549374
34 1.176422642297108
34 1.671867569939424
34 1.060552730699742
34 2.092209946522146
34 0.981076921987373
34 2.434044705203474
34 1.060604037642743
34 1.864155429283507
34 1.243605420982401
34 2.085174595835626
34 0.834815081397547
34 1.747483173746416
34 1.813390061007487
34 1.378351622000472
34 1.102761856626444
34 1.760738198533253
34 2.156060055076192
34 0.975979079033910
34 1.634770835559181
34 1.318361330768199
34 1.960507220542910
34 1.584811131463188
34 1.194770876071507
34 1.283413611000612
34 2.588389325203012
34 1.383353710144832
34 1.502897221763666
34 0.824937934258710
34 1.949526873537627
34 1.942780135579599
34 1.746082762635814
34 1.950558228168813
34 1.068395162907644
34 1.882485417809459
34 1.520110086204355
34 1.797403382484532
34 1.540163044930093
34 0.813199639337239
34 1.096078238154152
34 2.759200556713354
34 0.974541581565793
34 1.601604089088638
34 0.935098330709064
34 1.013712340152927
34 1.346515727176580
34 2.503793738539319
34 1.847836449664559
34 1.472572711385958
34 1.175467889232875
34 1.756009231754099
34 2.585796228374872
34 1.089752808660607
34 1.326292088661679
34 1.679019729340255
34 1.372414478685495
34 1.076040658945123
34 1.393787280636432
34 2.320537928522633
34 2.080342549073238
34 2.201372364383555
34 1.725183225001470
34 2.392142344385525
34 1.293216057401561
34 2.217326632213290
34 1.587158774251290
34 1.569750397994663
34 1.425474667634020
34 1.224831056308977
34 2.714281641424654
34 1.992002981953390
34 1.211668757016580
34 1.291414816111149
34 2.083657254547037
34 2.893481331870134
34 0.867897815565680
34 1.733211006889542
34 1.416982683815214
34 1.886245037339757
34 1.394450222861358
34 1.189610858878729
34 1.340857896186327
34 0.912542709811441
34 1.315800190781589
34 0.927185696042300
34 2.011027374484677
34 1.785581481209682
34 1.254184933199422
34 1.432317282215317
34 1.744966897632048
34 1.550910345265766
34 1.816526805433988
34 1.838453410670567
34 1.878848917416126
34 2.036588586102150
34 1.100007899129005
34 1.737464276077084
34 3.302994849587724
34 1.830103320730117
34 1.028128179711600
34 1.179585600750493
34 1.250520357074739
34 1.477829341977508
34 1.422018160541543
34 1.509546857756806
34 1.725963606757357
34 1.587918018751032
34 1.095275693849835
34 1.527127006254492
34 1.482792508812198
34 2.054440395084390
34 1.797402186012497
34 1.046881397200496
34 1.589930339276898
34 0.998446127975441
34 1.117581558019923
34 1.310452903418746
34 1.952346792615939
34 1.473020051672987
34 1.529963231992128
34 1.794415187633377
34 1.742586092951826
34 1.614142380117364
34 1.893372364798474
34 1.142004815980934
34 1.988620979454902
34 2.512925273491786
34 2.051699048480207
34 1.449249285332246
34 1.041300806331960
34 2.163144287120923
34 2.012178734410307
34 1.406897196731860
34 1.488334292634709
34 2.508412496274755
34 0.901483558298502
34 2.280711685730623
34 1.567093591589041
34 1.456513457162740
34 1.091802302344139
34 1.810652822501741
34 3.226055241426009
34 1.544704746783667
34 1.786892012488229
34 1.049493232087376
34 1.866953696932774
34 1.649992931456692
34 2.194071457685798
34 1.293213167988839
34 1.013624291987467
34 2.913916166862969
34 2.398883341737950
34 1.188260418918639
34 1.816870531768403
34 2.228530099859859
34 1.216982090986172
34 1.639442508931275
34 1.741900041278081
34 2.543123605049733
34 1.037890459794609
34 2.061782321948073
34 2.099422935566498
34 1.830680071653154
34 1.169222184567566
34 1.658898006046129
34 1.814364685579167
34 2.007037942167493
34 2.472533316815296
34 2.281022045518494
34 1.037996896748487
34 1.566981508785921
34 1.157165334913266
34 1.351409298730798
34 1.928579735154593
34 0.736238944930156
34 1.452993047291539
34 1.599386992911606
34 1.469499798964635
34 0.786656726861644
34 2.429613020703434
34 1.682147540351444
34 1.213411256693923
34 1.723046317541540
34 1.063573256745684
34 1.178813945286931
34 0.963987031170503
34 0.818012705166418
34 2.438055573295125
34 1.244237838330270
34 1.533953256927715
34 2.172857059271479
34 1.866285841369663
34 1.024935292907028
34 2.388462342491779
34 1.850267153432975
34 1.839420177371181
34 0.802744104111712
34 1.095607856705973
34 1.600467485525657
34 1.347862325414297
34 2.010834810232359
34 1.478424675467527
34 1.509196833231074
34 1.476599729723298
34 1.267594050998597
34 1.546257308344090
34 1.646270072862822
34 2.022666641823733
34 2.075471164280212
34 0.866288505214801
34 1.590362473974303
34 1.543120001191500
34 1.901352921164422
34 1.672689459035421
34 1.032528741516367
34 2.206184934920182
34 1.006354335344525
34 1.245956206497087
34 0.823761163055222
34 1.544380230854473
34 2.280479532160023
34 1.295624460938447
34 1.553627422333846
34 2.310921655178549
34 0.656538860240548
34 0.936932870406193
34 1.866145265764079
34 1.302815076893447
34 1.117560744871040
34 1.902221079611106
34 2.018521914176902
34 1.594684896547214
34 1.013829455833305
34 1.524191776993404
34 1.252252771020799
34 1.433485451549989
34 2.013479496282423
34 1.485014169157132
34 1.552945589651767
34 1.524487222353422
34 2.212530686037241
34 0.811460917034703
34 1.802961874144214
34 1.879993809428001
34 1.443061659175569
34 2.162915080031807
34 1.070999214032817
34 1.506426886105190
34 1.363264326155387
34 1.474801088500122
34 1.981327329718636
34 1.866179384120285
34 1.168855454535255
34 1.384223441760670
34 1.405724134480108
34 1.100402713941996
34 0.957338679372524
34 1.397740683249999
34 2.868810475139918
34 1.667076352481456
34 0.925137000865431
34 1.237205812231044
34 1.266508539163058
34 1.221805112536613
34 1.749385415627774
34 1.975780394262878
34 1.488021977105224
34 1.761995936579990
34 2.076526526271746
34 1.224405111423845
34 1.647942414968671
34 1.416638270125039
34 1.826723240776417
34 1.972402726958636
34 1.314576268229519
34 1.020199025299370
34 1.987215272848061
34 1.023908778725117
34 2.025539380649223
34 1.745480218403359
34 1.726469312972710
34 1.354025454265433
34 1.032271976196620
34 1.022128594963170
34 1.666441100909708
34 1.088113900814712
34 1.393515601947139
34 1.631061782216901
34 1.087218753655444
34 0.979110311363145
34 1.985903522031599
34 1.446312820058244
34 1.924320407470087
34 1.554154972385327
34 2.088136815628697
34 1.668292093874787
34 1.541399843928269
34 1.981389265381662
34 1.027580329540897
34 0.791172440418543
34 1.148421513746114
34 1.777452870176972
34 1.662034144509797
34 2.118131335477975
34 1.337533007460546
34 0.953437412213263
34 1.969129798196581
34 1.664622319452651
34 1.770822399319169
34 2.044323087933900
34 2.144272087170612
34 1.700535270234817
34 1.497624687407624
34 1.722573866122670
34 0.766068797818679
34 1.575201699083481
34 1.161639364866676
34 1.490052693983595
34 2.769773304127069
34 2.266856493194457
34 3.018090891885545
34 2.087208601800075
34 1.522028869560022
34 1.483571252208912
34 1.176366270249310
34 0.980585653145016
34 1.007889024277008
34 1.753854815345174
34 1.637608053215028
34 1.256752988494350
34 1.170836433257795
34 1.262915453910819
34 1.031516461721213
34 1.379907710151393
34 2.044783929440474
34 2.101620569841477
34 1.393931643038578
34 1.151991069468738
34 1.142438633058264
34 1.138916807961029
34 1.265634214924956
34 1.612798594501148
34 1.609632341713011
34 1.991729582808314
34 0.981892516710267
34 1.740806723355815
34 1.553581763824870
34 1.766078990048531
34 2.079122978145381
34 1.671002229849629
34 2.574848162486561
34 2.412000739928460
34 1.471045130179457
34 0.952756435518158
34 1.021200041742302
34 2.274906960714746
34 1.194752351756756
34 1.641802284376718
34 0.820142826259347
34 1.007489657406924
34 1.091203035591536
34 1.748095777270227
34 1.895235248215462
34 1.599122723985571
34 1.949268797447681
34 1.177898738489111
34 2.197153016178896
34 1.866328416352093
34 1.528625202019348
34 1.816813852056633
34 1.305290739173285
34 1.141415733798683
34 1.826189163843837
34 2.117139396255683
34 1.548489462578658
34 0.831298653967220
34 1.866877375038078
34 1.070695836016585
34 1.753433303280086
34 2.631319153294760
34 2.344692602128664
34 1.388728540256431
34 2.021214496690094
34 2.627288355840475
34 2.092318292923570
34 1.502120403640017
34 2.430571008126546
34 2.651811816525588
34 1.851986620541391
34 2.221819667206517
34 0.913231389607797
34 2.185181070104624
34 2.314885482237144
34 1.635284750254271
34 0.860054324414052
34 1.764981744111690
34 1.357217807778783
34 1.245565635209290
34 1.444545585971295
34 0.902547489756033
34 0.789196878502006
34 1.814473213312908
34 1.819615135543122
34 2.366295217230484
34 1.242078097928559
34 1.921931590060902
34 1.459415264016593
34 1.378472827702814
34 2.533739066632979
34 1.855846288965207
34 2.296797556271120
34 1.997071292101544
34 2.160885810322950
34 3.020429367596210
34 2.523898548542851
34 1.894559904532944
34 1.368860612516850
34 3.043962006760072
34 1.513131891751097
34 1.821894750363903
34 1.568923079196220
34 1.068993907734454
34 1.105338877801277
34 2.236790921277025
34 1.699870904919155
34 1.176904212818644
34 1.386240153808415
34 1.075318709806146
34 2.005092281903964
40 2.409644085355197
40 4.683107620693745
40 2.502327583694177
40 2.953315059201678
40 2.543282622662218
40 3.260105107646167
40 4.916045410002294
40 3.480634905952524
40 2.956276812737991
40 3.250375094480084
40 3.731066838240285
40 2.734719680695600
40 2.932015464282510
40 3.100957429881518
40 3.199773117201378
40 2.765328450590162
40 2.170316690847722
40 1.882317761384130
40 2.516120948671190
40 2.747978435091434
40 2.409985598035663
40 4.532775613008619
40 2.177319536878160
40 4.177714965199918
40 2.836160456585135
40 3.077579274042924
40 5.064717461657557
40 5.096019207134164
40 2.503664399181448
40 1.751624688839551
40 2.198060221952979
40 3.421200633329583
40 2.712151033252871
40 4.215394434988216
40 4.739739077960262
40 1.983266516128644
40 2.001058690605612
40 2.231544630877915
40 1.814325082070797
40 3.118755764950324
40 3.403103193573176
40 3.701745284734056
40 3.799142656881461
40 3.842789672120752
40 2.993300112288742
40 3.863255209686336
40 3.148417132032422
40 2.196124050553699
40 3.828988435916365
40 2.350111106615920
40 2.828676743634531
40 2.156685192328974
40 3.123588626281643
40 2.408309071375978
40 4.483148084357280
40 3.276310243918926
40 2.684427824637943
40 4.097800319468815
40 3.193105192726954
40 3.174800540509164
40 3.511974053315237
40 1.835520443570628
40 2.066479406507312
40 4.725607606077574
40 3.268712410237119
40 3.033047539335200
40 1.711451895536543
40 2.826348078046248
40 2.097415069811559
40 3.384237243365895
40 1.307899771334487
40 3.349992085884637
40 2.711972514309736
40 2.422764261903458
40 1.852994936835508
40 3.620967456188298
40 2.213941361938901
40 2.628463636361014
40 2.208856392517593
40 4.720210061435751
40 2.900084743479521
40 3.349435702379235
40 1.912522365418036
40 4.724104101097386
40 4.336073478132295
40 2.559080711195747
40 4.929532685590445
40 3.023622844451918
40 4.346658461372297
40 2.709696093285432
40 2.618088981785651
40 3.510154198356853
40 4.101094597572812
40 3.365088084875174
40 5.042339330390826
40 2.958145686885076
40 3.829964070378209
40 2.452024773508802
40 1.732262853480211
40 2.979710337199521
40 2.674237119684173
40 2.648910054113275
40 3.288760846753227
40 3.345535030070627
40 3.849770108166963
40 2.355006706444527
40 2.974816800407403
40 2.803889993340359
40 3.699510747667315
40 3.380278531134268
40 1.884670325976412
40 4.294690812755048
40 2.111787731214544
40 5.136163328413486
40 2.341090045493408
40 3.125609363126483
40 5.113045599901804
40 3.226917633564979
40 3.878917934310785
40 3.340778094664186
40 4.567279819355228
40 3.350953114486762
40 3.751970311407657
40 3.598045364347924
40 1.917231832425868
40 5.480378230389531
40 3.483285987962456
40 3.600496604103672
40 1.826363315184083
40 3.677055274745073
40 2.995803385259178
40 3.449798410082440
40 3.231650789935543
40 3.188919531177177
40 2.375970826859266
40 3.600309746617538
40 2.198396535297055
40 3.900989728304801
40 4.475270147982399
40 2.121762764545878
40 3.394163263080092
40 4.425828026823799
40 3.325930029955177
40 5.201426511306998
40 3.366913830703973
40 2.804513364230605
40 2.624699757746291
40 1.881197135649672
40 2.955696580720122
40 3.610839236103191
40 2.336983969726712
40 4.511087955782385
40 5.927838314279686
40 1.612561316639077
40 2.476061955395894
40 5.447844067205843
40 3.974345117557899
40 1.513206245127451
40 2.690815456247108
40 3.280976904572472
40 3.804193481176679
40 1.957997412575908
40 4.176005718719825
40 2.451946498094654
40 3.058634748334043
40 4.478982043310578
40 2.839655905617594
40 3.603841641981122
40 2.692308570568546
40 4.206532342906113
40 2.650991028049434
40 4.988177731917139
40 4.969858538836340
40 2.733964923333602
40 2.780459321111091
40 3.152510458576929
40 2.929278074089185
40 2.554159356417939
40 2.295811937117948
40 3.334107603557332
40 3.528121114991782
40 2.045695403336194
40 3.017215573092725
40 3.875457628238482
40 3.948747709035091
40 2.817440402389334
40 2.661400673814235
40 2.444863399234518
40 2.247789666146077
40 2.848056790128362
40 2.675015209577893
40 3.736132898667135
40 2.311735189782929
40 2.758689478978420
40 6.002552210107485
40 3.724074568774698
40 3.977423066751234
40 3.519608970210039
40 5.540335134157482
40 2.920492217569942
40 3.240012162895797
40 4.716725274523606
40 5.022789521636765
40 2.206240983744111
40 1.871415927691494
40 1.536382014914824
40 2.369819559862166
40 2.912752917182428
40 4.955440048834458
40 2.429075260353851
40 4.259255311707125
40 3.598567787916130
40 3.977633241709874
40 2.846629996101059
40 4.526786155987446
40 3.460745233439221
40 5.271944369662648
40 2.603761460715448
40 2.797921583579797
40 2.620240779863961
40 3.506221177842862
40 3.964329589412952
40 3.436138992590989
40 2.205898212610312
40 3.146169792982062
40 2.778080714312702
40 2.874317946508990
40 2.949498549904735
40 3.717891595587881
40 2.446704268789833
40 1.830627215088692
40 3.832644513675340
40 3.693442053183517
40 3.485566375014749
40 3.359787286897587
40 4.408393827032797
40 3.280252027590904
40 3.094521621125558
40 2.085766132785731
40 2.304106179454521
40 6.280365260155872
40 4.762636874629213
40 2.544416100034118
40 3.582449385839670
40 3.443655311137713
40 2.250580089375441
40 2.160182204000016
40 5.513762759650231
40 3.342884929287054
40 2.553189290278274
40 2.929673844115852
40 3.012060489401332
40 5.158203547906192
40 3.608716139554657
40 1.875700041058356
40 3.261397006331983
40 2.469862600320363
40 2.500717993547118
40 5.165355841355236
40 3.572793825762972
40 3.111384154596148
40 3.073873974971809
40 2.194936980911372
40 4.052184172008573
40 3.098036665929238
40 3.227099848660169
40 3.987506343679824
40 4.695787593190149
40 2.890637571908899
40 3.632546438867262
40 2.479951842031868
40 3.512333257501068
40 2.480916037883424
40 4.189162086748157
40 4.241635041627058
40 3.842533292294778
40 2.814253625434191
40 2.270913779534936
40 2.205208165409935
40 6.800763614176583
40 3.054199737506327
40 2.612323286825582
40 1.744232726606627
40 3.627468224331889
40 2.730540796414811
40 5.379405167432949
40 1.269942855746239
40 4.055025504454797
40 3.849698356055030
40 3.130169384107154
40 2.670513222354109
40 1.713787826685441
40 2.600112303476847
40 5.000266329178665
40 3.248944563809372
40 5.648791633560441
40 2.919608375521959
40 3.524244165621606
40 3.179740081908680
40 3.622228358269480
40 1.698842331229088
40 2.807110987201293
40 3.470366446426336
40 2.511364653829318
40 2.620543289991192
40 3.733658359373848
40 3.545765713576481
40 2.688241241541288
40 3.040728416845385
40 2.709370487518990
40 3.221122335236062
40 1.860643049209560
40 4.298757753176835
40 2.216214826872063
40 2.691695142140524
40 2.381104090988696
40 2.495577382325125
40 2.631940877498468
40 5.248167677309699
40 2.389558732744383
40 3.849095900885299
40 3.420752941767863
40 3.082888681611831
40 2.972512494964082
40 3.062018872118125
40 2.184625123067187
40 3.676454745205766
40 3.579778870658854
40 2.868989313336145
40 2.150779146481995
40 2.319566793397214
40 4.431675863314160
40 3.336656857534344
40 5.402510571136615
40 1.883354560835553
40 3.196591168969025
40 2.626504032896170
40 5.544459177124178
40 5.124372323597010
40 2.310993491060351
40 1.636400269744634
40 3.723263188064539
40 4.486193509606546
40 2.691041295054660
40 4.897423415125180
40 1.850266104038666
40 2.245518118213184
40 4.077016098588954
40 2.114384387032754
40 4.632928809342090
40 3.323628991808041
40 1.714203387873320
40 3.518930281388069
40 3.373165156739594
40 3.194240593739488
40 1.691727648011090
40 2.330034317196143
40 2.838007883776070
40 2.973468909326814
40 4.408874198169143
40 5.439916328714524
40 3.928052932135083
40 2.627519938733796
40 4.775226762798032
40 1.639461826831073
40 4.861899637476542
40 2.680409732734798
40 6.579963646947419
40 2.121655334948244
40 2.671219693112439
40 2.938463292808359
40 4.488875093054261
40 1.450830454375267
40 2.917092604775120
40 2.102580537990753
40 1.761638433203452
40 2.297980458207766
40 3.187051693795786
40 2.105526231631908
40 5.005137210398958
40 2.671947926218937
40 4.535664227096271
40 3.686712786047362
40 3.959483378080069
40 2.856122485038280
40 2.555965130654327
40 2.563152188049173
40 2.042490847588097
40 2.410845416258402
40 4.407110019042729
40 1.525394898732608
40 2.832815945586896
40 4.165802947671731
40 1.720170081595088
40 3.054197431430412
40 3.202190600223165
40 4.767440889369874
40 3.558813309267618
40 8.593244089830199
40 3.829552584224079
40 3.742221053462897
40 2.750916176677897
40 3.478040006252067
40 3.164549063969893
40 2.516965288075390
40 4.662643767200475
40 2.362341438890141
40 5.436753904761346
40 2.921331039176602
40 4.660746058598317
40 3.223363997052665
40 2.776975302893630
40 1.247469382713937
40 2.471228743580192
40 3.305558842399980
40 2.582866679330003
40 1.622082461885325
40 2.698732834247515
40 4.130973605208576
40 4.337187657100807
40 4.679454384985910
40 2.474112078396741
40 4.633429716789319
40 3.334488427918840
40 3.844090875899499
40 3.718390865159241
40 2.090864503328648
40 2.123605645031916
40 1.798274004289745
40 5.502290217825682
40 5.990485698825143
40 3.183505091213924
40 4.751745596837934
40 2.374736467565745
40 2.526630502053371
40 1.808440008603387
40 3.151136191971190
40 1.582400043036651
40 3.688315655090344
40 3.618895750943492
40 2.572277447513533
40 3.890448928685114
40 1.704652353401257
40 3.513068017495528
40 4.296672982930321
40 3.652171960002135
40 2.059103035075496
40 1.843758625159767
40 2.939894026362177
40 3.077606991776904
40 2.143285614596017
40 2.579601753368294
40 3.455452998552678
40 2.182292155248787
40 3.779781051303644
40 4.795558180398502
40 3.016380679038857
40 2.415860624061461
40 3.705688252892321
40 2.243802239298246
40 2.823363956174388
40 3.908412426384562
40 4.656501343471533
40 2.738429431728541
40 2.319685792572383
40 3.894072737010047
40 3.492710569996535
40 2.435172795928336
40 2.999444321913423
40 1.837303478421841
40 3.735682516978434
40 1.921903344982009
40 1.365134206538670
40 3.625850323612523
40 3.164780233309175
40 2.104307374383845
40 2.755615875392335
40 3.596202564139872
40 2.469254667754139
40 2.394236855191797
40 3.326196813245124
40 2.028602571384968
40 3.265261298815733
40 2.294916453272419
40 3.421325719820683
40 3.667603499907742
40 4.654487362931135
40 3.201449946972545
40 3.537664677248076
40 2.176195061469158
40 3.671380809891074
40 3.486965534473466
40 4.625388719905274
40 3.229324445277975
40 3.283720761852313
40 5.214467546684082
40 2.825172111740816
40 2.783281353622621
40 2.568787843123442
40 2.419818432261454
46 4.338928688163630
46 7.927022636680812
46 5.899812569280851
46 4.636497440372557
46 7.194802257164461
46 12.052804973733908
46 6.622604628973469
46 5.692013747734764
46 4.782895633988844
46 7.596840411611321
46 4.572646803384576
46 4.059907241199137
46 7.380529025227178
46 5.978810713915185
46 2.527911714678763
46 6.260964328601353
46 3.466126767871545
46 8.423095458263518
46 8.661194988313667
46 3.251118306570950
46 6.549242438583116
46 5.757244249561720
46 7.840134791073884
46 4.974388963241634
46 4.370561971378539
46 5.039924971938410
46 4.024928785992931
46 2.961035073685941
46 5.543470162743013
46 3.033594665183505
46 8.853425276182625
46 4.573345701633415
46 5.856495592513451
46 7.789016018965219
46 3.484412539690924
46 4.411536603670092
46 5.577192553653985
46 5.328534681299778
46 4.481555000248624
46 4.338737662891794
46 2.422703458671675
46 4.335344485515671
46 4.273125489524320
46 9.638193093440947
46 5.721911253840437
46 2.693419618559556
46 5.996023707909988
46 4.954019729942987
46 2.773000645504907
46 7.939804103086268
46 4.819787057426600
46 6.825611381921868
46 8.104501529392010
46 8.749197575298375
46 3.883422774090388
46 2.749033794429619
46 4.306461234325157
46 3.921898205967944
46 5.005820627244239
46 4.805473921031856
46 4.543424500083963
46 2.664648912018769
46 7.839694960303290
46 7.135699566536744
46 7.278970519238968
46 7.522998444048843
46 6.076311937022400
46 6.079771664309515
46 3.625350362790853
46 6.608952119757141
46 6.472515232133818
46 3.799650942134543
46 8.861458523266508
46 6.974177855791956
46 4.175784752639586
46 8.929615546091195
46 7.887723555427878
46 5.566252959362739
46 4.739697578290379
46 6.364767240303563
46 5.971108507189799
46 8.431018492415904
46 6.035080842742310
46 5.403599185146593
46 4.143362646267819
46 12.144233104174091
46 5.161532214687729
46 4.482611700166832
46 8.710267284702363
46 9.413598903102795
46 8.536200793396986
46 6.757501926562422
46 5.776486822101492
46 7.095864174452014
46 5.354358064078018
46 5.601173060699569
46 3.861570877666407
46 5.131517406745910
46 4.727941548968816
46 8.214834707323405
46 3.063863473813814
46 4.736106331226575
46 6.364620877781726
46 8.581443811476881
46 3.436595411771307
46 2.947180126964971
46 5.483132485551963
46 11.855892525935115
46 6.920540067142845
46 5.284237865654700
46 4.563629809126490
46 4.668006976017363
46 3.611666841625302
46 4.449471332401957
46 5.012626147816073
46 4.386538475992665
46 4.562792597121184
46 7.243000809339216
46 5.619061594628884
46 6.549315536230729
46 7.832682359160508
46 5.611342256752168
46 4.081855671173497
46 4.831790059696209
46 3.372979851710855
46 3.428163708658157
46 4.525612912671596
46 4.415686506897532
46 2.967774658178229
46 3.862787922356594
46 3.062477038095181
46 8.422057843011435
46 7.602755573738969
46 8.162927661040154
46 6.010734893765173
46 5.539340490285489
46 8.846075789251142
46 10.661087255998739
46 6.002770216076186
46 2.529904920448570
46 3.896656006211385
46 6.913302242751172
46 5.585171760516497
46 3.321222392488293
46 4.779806617330226
46 6.173713384300489
46 3.713244609706646
46 9.551307017538633
46 11.354579875758116
46 10.571674739144280
46 9.737894608307066
46 4.891508051132273
46 3.274537722888977
46 6.270206698368499
46 6.804327890168182
46 5.990382005119870
46 6.817689433161733
46 5.327698319660810
46 3.158791893789057
46 4.872196124613597
46 7.148142113021592
46 6.432893860093669
46 6.684245967195015
46 7.604387583331127
46 5.006665206140867
46 3.148037126959321
46 7.365891991402841
46 7.779344042850294
46 6.099860600547973
46 7.015165021846943
46 3.739074474316959
46 5.781757682699825
46 6.776764864793697
46 5.205251172339834
46 4.329423662603038
46 8.029021543764157
46 5.656186488534770
46 3.975397091500636
46 7.965178841799038
46 3.696994298599484
46 4.836555282577450
46 6.623900762848732
46 3.779055813648209
46 5.803943393485484
46 7.723762679816284
46 4.498021307641719
46 7.113656275694142
46 3.904248294287831
46 7.720560234001853
46 3.475591250110758
46 6.671110692610881
46 7.433624269057499
46 4.169562508861310
46 3.775608206679355
46 5.869626187152033
46 9.686961432289602
46 5.294117310669754
46 5.741172170265704
46 5.685698393311333
46 7.728191242898879
46 5.627277630024859
46 2.783398526732372
46 5.478370596323828
46 9.914061657512121
46 7.142650409795250
46 3.652333397158221
46 5.960661945304387
46 6.835455128488873
46 6.320633570902796
46 4.069537062575663
46 8.484836740092081
46 6.453429288276161
46 4.252152278538794
46 7.621862081644935
46 11.350034019323669
46 6.323842088320847
46 4.045456826244556
46 7.177711851524634
46 9.323750919136932
46 8.215554423845845
46 6.827924267826224
46 2.848193374948433
46 4.984362624091392
46 9.778670480374569
46 4.518859611817835
46 9.550359066415854
46 3.248591987993418
46 6.807397750201378
46 6.282158355379627
46 6.286740665946700
46 9.873839294428240
46 3.862132332319745
46 4.117949699681057
46 5.123219126198411
46 2.713345036374472
46 5.708676250744613
46 4.804720833669450
46 5.727351136420948
46 4.373282730590360
46 4.110356093707827
46 10.391652181385979
46 7.632418056527054
46 7.680475018457822
46 5.132049991215311
46 8.469664870282443
46 6.736169051846632
46 7.532889394451843
46 7.804537375707994
46 4.207050981944924
46 8.726615173594688
46 5.972044930132534
46 4.130365025741546
46 9.913565806096164
46 6.155398338404103
46 5.219652403905124
46 8.350555529880090
46 3.782387778105977
46 7.183500980728751
46 6.424443878958301
46 7.392312013634264
46 4.626239848882190
46 7.208322634863236
46 7.973224886230938
46 6.248398198111413
46 5.525236913883480
46 4.165229552559080
46 4.375636925448827
46 4.829797603448439
46 4.069121719740533
46 5.541454786291229
46 4.563155655815224
46 4.258395248327734
46 5.584557063952980
46 9.995751131162066
46 4.972108542322545
46 2.955793105316805
46 6.371967663918110
46 5.865933934086716
46 9.118357007003928
46 3.377485180706960
46 8.565044582281930
46 11.758796450804528
46 5.608419070284003
46 4.437807822182094
46 13.847165512040057
46 4.321387301524426
46 4.616838056774778
46 6.789018615874599
46 5.608591457353779
46 3.319373715139366
46 3.741218054995846
46 7.522755499784035
46 7.372278154113631
46 6.272765761180066
46 4.072199811413883
46 5.904223667045729
46 5.096125240475798
46 4.892698660950834
46 5.214903401333389
46 2.701018783276113
46 7.328092202689339
46 8.969479622593580
46 7.093253711324722
46 3.433208457777352
46 5.749223686857536
46 3.901739786758246
46 10.653665669314446
46 5.978637634130767
46 7.501247831647371
46 6.111020825650661
46 7.646965658032068
46 4.177670348905428
46 6.587423955924038
46 7.474682797456052
46 4.308010637040590
46 10.012713848307190
46 5.293097137401075
46 3.113577060547083
46 6.308505710113316
46 5.363116759255095
46 6.247830543099057
46 4.129007376174688
46 6.919442102344871
46 4.365948505422089
46 6.966833448462377
46 5.017125609905532
46 3.735339272276887
46 6.619109472178049
46 6.190982418225492
46 3.009812346866067
46 7.612614598023943
46 5.911316386780401
46 3.873256607958703
46 6.372212798594753
46 5.131933025818721
46 6.611480447679902
46 3.115766505164139
46 10.253586619175499
46 3.939197071563644
46 5.669790581157629
46 5.046639607403586
46 5.096870921940972
46 5.846801890029694
46 5.209278371748521
46 5.057886474733279
46 10.648713404794584
46 7.767969278771019
46 7.522101290536544
46 4.433028671804832
46 3.182614967342343
46 5.438817367996786
46 3.666911947319130
46 3.217548650259718
46 5.024693589239536
46 6.716534405813849
46 6.302867036864644
46 4.728579397777505
46 4.513854368887830
46 7.044386050530353
46 4.885471789785606
46 2.937368106315880
46 6.263954908141767
46 3.910975053758402
46 4.357343332262364
46 6.017602321211152
46 6.555165821262721
46 4.114962340839657
46 8.904954033161033
46 5.654558180001219
46 4.243846249362423
46 4.852690896557212
46 7.191379612463175
46 8.117977333879821
46 4.465370775817863
46 5.871490941886775
46 3.608068553886404
46 6.183765781806442
46 6.667937555277093
46 8.000285440007072
46 2.344376670122089
46 3.895715177872471
46 4.200333848369958
46 4.558257763290870
46 2.520323045715932
46 3.598744864907925
46 4.391748001668327
46 5.654934592817395
46 4.713338131762361
46 7.148647712682997
46 4.379708780144755
46 4.029897034203676
46 8.465091962879690
46 3.719149836733273
46 4.999804762849090
46 6.125179784115817
46 2.984351053077347
46 6.191546675374004
46 4.850879461395063
46 5.072774457971481
46 6.666340426372900
46 5.870683344345895
46 5.898435277743761
46 5.865865805640208
46 3.481390007511373
46 5.436337465550121
46 8.968023185706951
46 5.653541446033271
46 3.353787983570204
46 8.712679707415651
46 5.837597694489374
46 6.412484224823638
46 5.628622084594108
46 9.385303367127594
46 7.342214640216680
46 6.329151873804627
46 6.651942120427304
46 3.763113842654207
46 3.921241302732585
46 3.255748101663198
46 5.667194568997218
46 6.897621422537068
46 7.344253038867252
46 9.165196684492035
46 6.256614729456251
46 7.457013476964981
46 4.660214392862456
46 6.755597393144249
46 5.069317774124628
46 7.013051276277447
46 6.297287944883339
46 6.305513769465398
46 3.658616446249800
46 8.704975723437396
46 6.358603264905175
46 3.534568992477165
46 4.595905649969885
46 6.365258981085510
46 7.400606413031470
46 4.148264609004700
46 4.817976090658485
46 10.322601910389871
46 6.659280867800740
46 6.034207991045077
46 3.686758153936761
46 5.861942694144932
46 3.909961658849959
46 9.059378487734705
46 4.275897008763399
46 3.160288708577664
46 8.749585385152004
46 4.264861705604133
46 5.825686643680759
46 6.870701477846169
46 4.501570412691139
46 10.200107995961549
46 4.538565046704907
46 4.261727016594968
46 7.516131340966993
46 8.136578063067045
46 6.032734150948679
46 4.645127131493379
46 6.423900920982677
46 5.585676481212970
46 6.123696762762740
46 3.448073292163840
46 7.241348490154611
46 4.168996097249737
46 4.867880734831882
46 6.726808618173925
46 7.188406106147471
46 10.085201915166998
46 7.163841985724609
46 5.181930176375799
46 5.103725293239274
46 3.767720214269218
46 5.210687712726497
46 5.012714749677904
46 4.243567825351484
46 6.897141518737975
46 7.067709049684567
46 4.055070572490719
46 6.767970582428125
46 5.587868138261322
46 6.960664505584202
46 3.002724428381023
46 8.127235627256448
46 3.729770474719382
46 5.587358437723684
46 5.109870314369271
46 6.529926866704216
46 4.401973561505054
46 2.753284862844756
46 4.496968905344391
46 5.055083242209331
46 6.959405706858874
46 3.616886351561078
46 5.069928639751816
46 6.991005448877012
46 5.036071483126960
46 4.299361243933282
