10 0.009948201152324
10 0.022953965113873
10 0.021971744411820
10 0.019028737276212
10 0.014153809507791
10 0.025423242886064
10 0.011974002516626
10 0.017291124905077
10 0.011993225500748
10 0.017949744840811
10 0.017122887920625
10 0.015280288304887
10 0.019306011372685
10 0.013247046233424
10 0.015886996293905
10 0.024858903707072
10 0.028242841120856
10 0.015000950360107
10 0.025975356993273
10 0.018860848196295
10 0.021942683857026
10 0.022934257348701
10 0.018092006959566
10 0.014035439173620
10 0.019378216965183
10 0.029398474381341
10 0.015748402676162
10 0.019457088993230
10 0.030785416467377
10 0.019640440364671
10 0.011155266830430
10 0.016761801748862
10 0.010730729071861
10 0.010908441224752
10 0.015132087636371
10 0.011495430684843
10 0.009091500018883
10 0.032504612719689
10 0.016588644256302
10 0.015264013865336
10 0.020239003526162
10 0.019881430407225
10 0.014659807243302
10 0.014250810776014
10 0.021033741411436
10 0.025359588042824
10 0.011183148121724
10 0.017420601765493
10 0.015929132451957
10 0.028160448777029
10 0.018631061647971
10 0.013256336004050
10 0.014230416910957
10 0.007329422567388
10 0.013748294484139
10 0.027008977570853
10 0.012499396514844
10 0.013837031477264
10 0.022932787281607
10 0.011596442454992
10 0.017243815548023
10 0.017270746816118
10 0.012233097173991
10 0.053997287051561
10 0.026575272887457
10 0.010470868687096
10 0.024630388024782
10 0.022726277842956
10 0.011494764336418
10 0.032400286955686
10 0.013339899005780
10 0.014473703069161
10 0.038079047537705
10 0.014566662437363
10 0.030454047704224
10 0.014266295799392
10 0.009378378212264
10 0.015881978374370
10 0.033142219131494
10 0.012817281566119
10 0.012859264026624
10 0.012016748129683
10 0.028362082857110
10 0.015358584990158
10 0.022534258836163
10 0.033178716066701
10 0.015253894490231
10 0.013521029759289
10 0.021307621790366
10 0.016815112173566
10 0.020161567982813
10 0.022097529431597
10 0.016217293891486
10 0.018902063567376
10 0.039454959563342
10 0.016742713001311
10 0.011734503950820
10 0.024568797770053
10 0.019087269019687
10 0.019601323527466
10 0.008370518318039
10 0.022477800048956
10 0.024508026652643
10 0.017503828936324
10 0.014448364938152
10 0.010866316411641
10 0.018878516272181
10 0.020002551728328
10 0.009039270278673
10 0.022939934717107
10 0.014473301907817
10 0.021687396364927
10 0.023307602949424
10 0.015157749555079
10 0.013720129052176
10 0.031066773623009
10 0.022134201987784
10 0.023157989197317
10 0.017611668572639
10 0.011681668993514
10 0.020097722187187
10 0.013857286157414
10 0.025975197290774
10 0.019878637762464
10 0.017005943805377
10 0.014986830270143
10 0.024836078945136
10 0.028627098931341
10 0.022646173258403
10 0.020643824653562
10 0.023982879585588
10 0.018796998129176
10 0.019172042923498
10 0.034063485345065
10 0.021220540971004
10 0.013005925437141
10 0.019741516796027
10 0.020326372622912
10 0.019459209291326
10 0.019024301159459
10 0.016833497225858
10 0.012452083531949
10 0.021475040704781
10 0.034872734353272
10 0.018085456955159
10 0.019024141691188
10 0.012584197610947
10 0.014254269914455
10 0.017640150693739
10 0.016190334498281
10 0.014932945902291
10 0.012513380313762
10 0.014469974881925
10 0.029367088430715
10 0.012229118267487
10 0.028088158442500
10 0.020382184431976
10 0.023487019497621
10 0.021905611757880
10 0.020562213375018
10 0.021184278265526
10 0.014298199822636
10 0.008175126778205
10 0.012592281122666
10 0.014895556657841
10 0.027741858930818
10 0.021856580667190
10 0.027393210021912
10 0.012013740810740
10 0.015132139940822
10 0.018869977536261
10 0.008469643093956
10 0.030007930253484
10 0.020576344718999
10 0.017463183378099
10 0.019657423055014
10 0.023420664401309
10 0.023594829010559
10 0.017775489249389
10 0.018067981833394
10 0.019381161693926
10 0.009621824729957
10 0.012543179071033
10 0.020047202790076
10 0.013476096827984
10 0.015485537437241
10 0.008280026063557
10 0.018154613631151
10 0.017472499962969
10 0.014255621602484
10 0.023146680669624
10 0.016800257162896
10 0.017092087946989
10 0.018015140844108
10 0.036635488081503
10 0.013759308887909
10 0.018719895066084
10 0.024153257738397
10 0.018487844358265
10 0.025754039284332
10 0.016016304151642
10 0.016605935331784
10 0.015195404081585
10 0.027575549122234
10 0.015594935564283
10 0.009593118232892
10 0.030915717923536
10 0.018822156589628
10 0.011375432524279
10 0.016922113502291
10 0.017259280230027
10 0.017907635226888
10 0.011022649680402
10 0.025985135737545
10 0.025718794243654
10 0.024391037962509
10 0.033560169362427
10 0.022980244628153
10 0.016283433950907
10 0.019837233246195
10 0.027862308000024
10 0.012407911712440
10 0.014355720702581
10 0.013904631340712
10 0.012605357175726
10 0.013682587552629
10 0.013383599660227
10 0.022560210743713
10 0.013146172484026
10 0.028213838377997
10 0.010789818317958
10 0.010507602697746
10 0.014520734036415
10 0.013304816218714
10 0.022226098831000
10 0.013651111021060
10 0.027007105541246
10 0.024088294983707
10 0.015645858802058
10 0.015830925545186
10 0.017900861556355
10 0.021412896133766
10 0.035702177669189
10 0.010242067831535
10 0.011001549605179
10 0.018613208688886
10 0.023021559105170
10 0.013465978670973
10 0.016038892338483
10 0.033246992199176
10 0.020540605851328
10 0.021482267294781
10 0.024581525169584
10 0.019140462925955
10 0.015505113800185
10 0.017130589799255
10 0.025056936312873
10 0.014161669479627
10 0.018417701948296
10 0.011613380955770
10 0.015005765846688
10 0.010466975310363
10 0.016951575751609
10 0.017491335229508
10 0.017311820154154
10 0.014446936360158
10 0.010986159022093
10 0.030365032071904
10 0.016100894254874
10 0.013620233120605
10 0.011247637198684
10 0.010319230112650
10 0.008813322015240
10 0.013920516937186
10 0.015680312361334
10 0.022033954609671
10 0.010725576289226
10 0.017556953848893
10 0.010540340751883
10 0.031215368058615
10 0.015195090137964
10 0.011499011094169
10 0.026984649674096
10 0.014632678526525
10 0.017738365300369
10 0.011939468518857
10 0.020784598677737
10 0.035052838073660
10 0.014732659876359
10 0.012367541353897
10 0.022273683830364
10 0.016921567782622
10 0.016200848505682
10 0.022813258945106
10 0.016555675407110
10 0.012298889149621
10 0.014653913289379
10 0.023908556787072
10 0.019517328164431
10 0.021961486151143
10 0.015730610579931
10 0.018141158933771
10 0.014385341278175
10 0.022684314263445
10 0.021273993622102
10 0.016845012687888
10 0.020580214375950
10 0.012386463186382
10 0.014456488305762
10 0.009368577018420
10 0.018580480954041
10 0.011626844544610
10 0.023671269281251
10 0.023511928952275
10 0.015094858638712
10 0.013568682801937
10 0.019727680089312
10 0.022211525878765
10 0.011852115662040
10 0.012541255747490
10 0.014978575749311
10 0.019767371984379
10 0.017627429515218
10 0.018244476675306
10 0.021912569442924
10 0.012168051229428
10 0.023488517630577
10 0.016841836948733
10 0.015546426461028
10 0.033775093144745
10 0.015586227483447
10 0.021296220452274
10 0.015192100535739
10 0.019844360472629
10 0.016003536603552
10 0.015795920626601
10 0.015571943305027
10 0.011828892141181
10 0.012398205449086
10 0.038353560948873
10 0.014106841732957
10 0.019070309400334
10 0.020980213662254
10 0.019870159937985
10 0.014749830852441
10 0.011453956076661
10 0.017411142865337
10 0.014932679692688
10 0.015108729957192
10 0.015653917345378
10 0.024132204137373
10 0.026023560859126
10 0.014730010228409
10 0.027379268584645
10 0.025147482794859
10 0.022400806027770
10 0.040487019216904
10 0.016521959548664
10 0.023432858815308
10 0.021434868038630
10 0.010186233557265
10 0.017365799079381
10 0.014902019493885
10 0.019157411299933
10 0.020664593260353
10 0.018674478499598
10 0.022748530444083
10 0.019351226897952
10 0.020307341040445
10 0.008496198562591
10 0.023036157330145
10 0.010691613700834
10 0.023207484410530
10 0.010878053875544
10 0.013219083192082
10 0.013196482595244
10 0.016584899470448
10 0.016270157512059
10 0.029930822487288
10 0.017238151651271
10 0.012388446742325
10 0.017026547930338
10 0.016715243906810
10 0.019965978871629
10 0.014677638564555
10 0.012289287331063
10 0.014575680731736
10 0.019620056501340
10 0.012358961411940
10 0.029432601200979
10 0.016676758294299
10 0.010328766282940
10 0.026340215334871
10 0.018267727870939
10 0.013693268769159
10 0.018481722352671
10 0.016059622104225
10 0.015942635757390
10 0.016516026816601
10 0.025644452847981
10 0.021142299853569
10 0.012656739190120
10 0.017020474495322
10 0.014277686848843
10 0.026107491077602
10 0.012395403642302
10 0.020703019172751
10 0.008276395038752
10 0.008728475119272
10 0.013587326706049
10 0.023983529951294
10 0.014288173561048
10 0.022462113767702
10 0.028075680508622
10 0.013768078572801
10 0.015931492865356
10 0.023873762174290
10 0.012115811400295
10 0.033516221348897
10 0.021203345841325
10 0.019246106987967
10 0.012269300243492
10 0.021895624977779
10 0.025372825075172
10 0.022018796983786
10 0.016478047167384
10 0.019330595561056
10 0.018818293469205
10 0.014470647345032
10 0.016569179594326
10 0.027874042621482
10 0.012077680665861
10 0.030111340428732
10 0.012262014669757
10 0.011026137374244
10 0.019811646968451
10 0.029784807826739
10 0.010657436483458
10 0.038031876364094
10 0.019883506135366
10 0.020757172778654
10 0.010313485432273
10 0.012091827101205
10 0.017862380570900
10 0.010425574990439
10 0.011521268119970
10 0.013581060910243
10 0.031554550756928
10 0.018495953482172
10 0.010980795547953
10 0.009645202960131
10 0.011347018377349
10 0.019599121653097
10 0.010610173875619
10 0.018175983083836
10 0.018823974234075
10 0.019001729195222
10 0.017020012289531
10 0.013031116985146
10 0.022303705259563
10 0.012687037032209
10 0.015001602634918
10 0.010950556273785
10 0.016522780596035
10 0.017241363996929
10 0.011781117234172
10 0.013350814777075
10 0.012403871156329
10 0.012048537732230
10 0.014345793037875
10 0.024997095749573
10 0.011099765157019
10 0.011357510289101
10 0.023100012760885
10 0.020443297641758
10 0.036011876019374
10 0.016070932229418
10 0.026339159380890
10 0.014703626092768
10 0.014023932352945
10 0.018170093890710
10 0.014802870080249
10 0.020936698855844
10 0.018258733901428
10 0.030963942065542
10 0.010934681780539
10 0.017395463116218
10 0.016091755487350
10 0.020108694553161
10 0.010855892990373
10 0.022235733273182
10 0.019858057252109
10 0.010497436509823
10 0.021540869779041
10 0.025825908762971
10 0.020242744877421
10 0.016006351004102
10 0.012566441969547
10 0.014176585711164
10 0.007251523154538
16 0.116010844850642
16 0.120726058711058
16 0.065947234821379
16 0.096977895731328
16 0.061875442788016
16 0.179785068732359
16 0.219432331842236
16 0.082274584632843
16 0.074349229606125
16 0.094168282860383
16 0.115655250168563
16 0.095948272376627
16 0.178272965929638
16 0.082559613528141
16 0.100058058368530
16 0.085593630300828
16 0.089100389133419
16 0.104834871097230
16 0.171033476515139
16 0.054306029861711
16 0.057640561615933
16 0.062447470298093
16 0.089576592359773
16 0.071342588354970
16 0.047765157533680
16 0.125386407120587
16 0.082638418215639
16 0.088482887024350
16 0.090554179240823
16 0.073219156023860
16 0.140933705958159
16 0.105957968978767
16 0.094920248835210
16 0.153266004572393
16 0.087829343666347
16 0.113957707512920
16 0.080186473824419
16 0.097758494803209
16 0.077363612767090
16 0.113386099883417
16 0.092352444320939
16 0.077975951222154
16 0.115367627255459
16 0.103975891448965
16 0.106142120074506
16 0.078448858967593
16 0.117529497774033
16 0.134249050504508
16 0.109086042518251
16 0.135213726104863
16 0.078922688398386
16 0.106006357026873
16 0.091755242586636
16 0.079316356735391
16 0.181582562943031
16 0.079674354772384
16 0.117334821738156
16 0.123231043230292
16 0.097474803671968
16 0.080361179517335
16 0.117298274502629
16 0.062968185547873
16 0.099829100812295
16 0.117249662490824
16 0.135071860292795
16 0.097063194410871
16 0.091091943132826
16 0.091395072136256
16 0.075237034422464
16 0.083913610424865
16 0.087420039342629
16 0.065992502884709
16 0.095638490999587
16 0.052746127145173
16 0.056810501978176
16 0.131906016995361
16 0.117718449393746
16 0.164930091207840
16 0.137882481072624
16 0.147584929111338
16 0.062620684507701
16 0.044312117987356
16 0.077742690893348
16 0.114260204292111
16 0.070046982647811
16 0.157084300027012
16 0.113277423663663
16 0.059871547979164
16 0.124189758055487
16 0.124542365930003
16 0.100855032303261
16 0.143710410178930
16 0.073575888199578
16 0.097897177837823
16 0.101338756419120
16 0.067652272238480
16 0.113338062293251
16 0.090216907840668
16 0.140691469100973
16 0.062120561388450
16 0.110420099746744
16 0.094553075383509
16 0.170492938873673
16 0.094865532298252
16 0.090691111932322
16 0.154219364604099
16 0.059457638876580
16 0.066468520312317
16 0.113125530495730
16 0.079613791459825
16 0.103359406334632
16 0.111646021446247
16 0.094868945890572
16 0.069726357900554
16 0.107357658286933
16 0.133595045183735
16 0.049176073883906
16 0.070102105368743
16 0.069854809826914
16 0.074583254907464
16 0.068103258226431
16 0.089557636202479
16 0.091938151314934
16 0.123743413558333
16 0.061653778157220
16 0.160929925683948
16 0.149903999676363
16 0.132723835471132
16 0.107860534728207
16 0.119928666896267
16 0.108363880929043
16 0.067051679993613
16 0.095475127010480
16 0.135745222470506
16 0.159274628294970
16 0.089618666850258
16 0.082885810123937
16 0.141183127891051
16 0.066036966730823
16 0.137891308356785
16 0.160863558581671
16 0.077482622097894
16 0.146430001775649
16 0.061613761312334
16 0.067553504027946
16 0.119479159520307
16 0.156535440047006
16 0.089707656054238
16 0.166062690088955
16 0.084225164752272
16 0.069991249999181
16 0.156227512360341
16 0.131652134147971
16 0.096469533965061
16 0.103920795648945
16 0.092395014949174
16 0.083300754294535
16 0.066129470522640
16 0.187595261148720
16 0.118480614524078
16 0.085529068534769
16 0.098137694668034
16 0.066408269537735
16 0.093121844675907
16 0.088853145267046
16 0.130047169658530
16 0.092863150695851
16 0.073785123175408
16 0.138311568179003
16 0.080465552081919
16 0.131369077184438
16 0.081444976264447
16 0.150428448988300
16 0.097006861669124
16 0.113482499551058
16 0.104196070946174
16 0.154903074073499
16 0.109423350487718
16 0.077603045239243
16 0.065328281782099
16 0.095356598966446
16 0.089847865054779
16 0.086490922916936
16 0.105419090908568
16 0.156832238609838
16 0.066470114294068
16 0.120689145232273
16 0.093072143681893
16 0.091873148085465
16 0.099060016997794
16 0.105191527753530
16 0.080484638914680
16 0.146663665290020
16 0.109185101505116
16 0.102332527115397
16 0.126443506407820
16 0.093817635666005
16 0.088217426363113
16 0.101140030023184
16 0.064465648534008
16 0.041441637957059
16 0.064456324723848
16 0.105533992314075
16 0.130369066145160
16 0.075985959747033
16 0.113206629017306
16 0.081147253313392
16 0.092297770886493
16 0.086053868671500
16 0.105973145155237
16 0.093750869336272
16 0.140538565138765
16 0.126450871222650
16 0.153755974199804
16 0.139198076127051
16 0.175063137521594
16 0.108073195912083
16 0.167375941357223
16 0.172451889179333
16 0.105504514399765
16 0.100242529749716
16 0.148671959955087
16 0.110928395754486
16 0.061611229323016
16 0.083676112750468
16 0.100207427182535
16 0.161222840118127
16 0.133763100235788
16 0.097478555560661
16 0.156806485407786
16 0.066257791779767
16 0.150597401176725
16 0.086671925104682
16 0.063558340971419
16 0.091274812310572
16 0.073011112804207
16 0.194624944674087
16 0.091562902170208
16 0.188671146884960
16 0.132316825785342
16 0.103831084237477
16 0.072210757754960
16 0.139337633120877
16 0.097021482514074
16 0.158192170115317
16 0.131384972564447
16 0.103981973844847
16 0.122872391991042
16 0.090456431501377
16 0.090749653636387
16 0.096886260856899
16 0.175103960304715
16 0.082022998519308
16 0.091261021883898
16 0.072119988239542
16 0.079974108413996
16 0.064910839610789
16 0.078836457765066
16 0.122895140205473
16 0.171655371493653
16 0.080926812701581
16 0.111646243280443
16 0.091791871147604
16 0.098311485363654
16 0.108191713261209
16 0.092978719241222
16 0.111919756513114
16 0.141544397502549
16 0.094080542893329
16 0.065224302868330
16 0.131913751718633
16 0.045990815717248
16 0.136323116299915
16 0.107612902626304
16 0.123307993259408
16 0.146489171158807
16 0.145697742647708
16 0.132723531458535
16 0.077809829392630
16 0.061695780264050
16 0.065647825385476
16 0.092396572389009
16 0.092562153109792
16 0.121213941508237
16 0.075415916027551
16 0.118911208052065
16 0.177953493856893
16 0.098912128469225
16 0.162177987762149
16 0.158530981524788
16 0.079195541613614
16 0.125634812530811
16 0.090181284905514
16 0.093064082704507
16 0.040642646245480
16 0.162347555242040
16 0.113927610207136
16 0.073194171494332
16 0.115313391964109
16 0.120665121935466
16 0.075805532698016
16 0.114149485891745
16 0.179968908894574
16 0.115359736508153
16 0.134951422629438
16 0.102844546901097
16 0.071331240150824
16 0.112639720904025
16 0.100716382807037
16 0.077690336152806
16 0.182879761634558
16 0.085636245533138
16 0.129708028361256
16 0.150957343718092
16 0.088994873333854
16 0.069935299639054
16 0.091297533309357
16 0.054579514764600
16 0.045071125924321
16 0.119629482547269
16 0.062457677287230
16 0.152972587366703
16 0.108395444215069
16 0.103153014169978
16 0.097463355797424
16 0.064920634847170
16 0.050335470784250
16 0.061871024545630
16 0.140768259951489
16 0.110609433704385
16 0.066015305639028
16 0.119000750376476
16 0.155603570142428
16 0.134650977157441
16 0.056602416869691
16 0.081754329889149
16 0.142987716731015
16 0.082017243965736
16 0.121785411206145
16 0.101899585081341
16 0.059021905000475
16 0.113895325338918
16 0.068289841989732
16 0.071453015037793
16 0.071627738015436
16 0.064574242825483
16 0.082259773119125
16 0.142577337948751
16 0.072717131294803
16 0.184292690845416
16 0.114457007576455
16 0.085928964204611
16 0.104426582274250
16 0.092024520178048
16 0.078173188299349
16 0.101169676301033
16 0.089553621275282
16 0.157637509863541
16 0.083606774016620
16 0.090633384138703
16 0.086090560848016
16 0.083702772124047
16 0.100617990830791
16 0.071457365677647
16 0.175491615515436
16 0.093805166525187
16 0.052066393803741
16 0.106323086214827
16 0.094684650366344
16 0.194228049730856
16 0.137725776737078
16 0.106469865617247
16 0.160185367393373
16 0.041415116963791
16 0.108610609556500
16 0.075685066882157
16 0.047476756641243
16 0.074850061637941
16 0.103472204748790
16 0.150323261244988
16 0.136987632637751
16 0.066228974937569
16 0.067793219949227
16 0.063556981230802
16 0.106387079326784
16 0.080450580442089
16 0.096982139102024
16 0.103884460018165
16 0.076918715228482
16 0.055173100829877
16 0.214095224427346
16 0.093414024540411
16 0.095180642715882
16 0.142747675731400
16 0.119279846221459
16 0.076406198269432
16 0.087240342823343
16 0.079271126025594
16 0.097671844227541
16 0.122349687706359
16 0.064432001087857
16 0.073764556875958
16 0.087910648769969
16 0.085013205257876
16 0.197281605704903
16 0.082068787907094
16 0.085691580308321
16 0.114739936035600
16 0.150457020237106
16 0.175469521961178
16 0.061745625076720
16 0.153897785285535
16 0.098112988929260
16 0.171428760524050
16 0.077898060053787
16 0.130401216300765
16 0.101651834550029
16 0.102765403018322
16 0.097654091476552
16 0.081378921785376
16 0.086776817603278
16 0.070812462795734
16 0.108357371833311
16 0.099395105223469
16 0.059091916544467
16 0.142227290228294
16 0.144611110537579
16 0.092836257365739
16 0.066526593608665
16 0.116126248675694
16 0.088032683720100
16 0.106938408127427
16 0.081199804648133
16 0.083319788453504
16 0.075838887249887
16 0.104569794867877
16 0.113286922390767
16 0.048831009603872
16 0.156477003351401
16 0.068092949119658
16 0.190437099970428
16 0.089555990080316
16 0.146420985587192
16 0.069904693969590
16 0.081468791683103
16 0.126579503791115
16 0.076610311249444
16 0.084316441372362
16 0.072887398010163
16 0.107977194276799
16 0.079299130916427
16 0.099595356293925
16 0.099317169351150
16 0.181549393708337
16 0.150292783131059
16 0.096497300722250
16 0.103999555468698
16 0.128775306566545
16 0.109493276401994
16 0.111332130417105
16 0.075039398931079
16 0.063082995090601
16 0.053441546360843
16 0.089630863104152
16 0.068377064276182
16 0.106051815806457
16 0.104712025932478
16 0.074447839883765
16 0.057155395525871
16 0.109575071170385
16 0.123682075579236
16 0.159310435116729
16 0.053770825220956
16 0.092859502174577
16 0.100083919525755
16 0.106119932572023
16 0.095277753375678
16 0.045751426385111
16 0.133833292556932
16 0.088509203029799
16 0.145945201493160
16 0.083456768784548
16 0.064486383647315
16 0.154695304019672
16 0.118081752956970
16 0.112245303897264
16 0.139371844260720
16 0.068126279250692
16 0.096923050658445
16 0.143627189379701
16 0.113904851530539
16 0.078393301497027
16 0.116623423146082
16 0.095094048987128
16 0.042742414943896
16 0.088547302234165
16 0.053378182984601
16 0.095587244902985
16 0.119340045557787
16 0.127634284405020
22 0.507776210925036
22 0.195610192302675
22 0.253133438013777
22 0.139266555961150
22 0.508411240384756
22 0.283142126057241
22 0.218089061339134
22 0.254589791093395
22 0.248127334522363
22 0.332910120699788
22 0.235575941594516
22 0.415520063632785
22 0.379585669906174
22 0.227641954645474
22 0.387595148275097
22 0.149252321178915
22 0.398547601268509
22 0.175223116600463
22 0.708654800276833
22 0.372534921415416
22 0.328437432212360
22 0.198214269822670
22 0.221988298766413
22 0.287227700373816
22 0.489039769493240
22 0.219708096654549
22 0.287515646747481
22 0.216735660905964
22 0.262044938121892
22 0.332402136030501
22 0.351478879006568
22 0.330545800804529
22 0.171932383996842
22 0.115137047773042
22 0.155942345772316
22 0.210256478073584
22 0.361770023897098
22 0.194740566372722
22 0.326454062790592
22 0.339178971484854
22 0.283328133271220
22 0.423729896919852
22 0.205563927951940
22 0.230187026682712
22 0.276756047364073
22 0.201511322651494
22 0.503796548832840
22 0.362463977826412
22 0.558147730772113
22 0.191687512620943
22 0.328168807218613
22 0.290352357735442
22 0.369457371560052
22 0.275423090385710
22 0.215054091533596
22 0.283006015507453
22 0.197143193344232
22 0.296306815817538
22 0.530867908086197
22 0.372124576316164
22 0.172797840407472
22 0.316786187992334
22 0.314413224463517
22 0.184858097188672
22 0.388310102590440
22 0.298187951121978
22 0.303275260263497
22 0.224114807453037
22 0.383307477798884
22 0.249427957721474
22 0.413007856358465
22 0.238764240238556
22 0.182144974299218
22 0.209157603140642
22 0.226720255562674
22 0.503080144941453
22 0.357947287596514
22 0.284480303886255
22 0.418837908150278
22 0.345031596448179
22 0.461551723244118
22 0.404810460752577
22 0.154183434897226
22 0.439112964415968
22 0.203384929695600
22 0.361017896314815
22 0.288488522634972
22 0.166795223440827
22 0.275108666640256
22 0.331388040652920
22 0.221842925613683
22 0.367063545239914
22 0.282161449749088
22 0.349182805063453
22 0.222985850411348
22 0.238290025674244
22 0.380826651323339
22 0.447201803555656
22 0.200553206759035
22 0.430381518127682
22 0.401915446071575
22 0.271055809431288
22 0.252932005909713
22 0.287927691966190
22 0.245595506336261
22 0.185483409955612
22 0.159375682577067
22 0.236646795126287
22 0.418740582497113
22 0.481638788395033
22 0.349799822256427
22 0.510602156734834
22 0.218215020205893
22 0.455256702383781
22 0.328720649017637
22 0.302908091364766
22 0.374920814276214
22 0.194332655502165
22 0.238357682147760
22 0.134662034595482
22 0.460271373772902
22 0.331236322631018
22 0.264887121316766
22 0.217143204353170
22 0.294604139464412
22 0.228223784031778
22 0.469191225341725
22 0.162109555839690
22 0.362419644415657
22 0.290401756415754
22 0.526241905908507
22 0.389523420819905
22 0.485599108509008
22 0.272158788285902
22 0.526476446353258
22 0.350719697177350
22 0.228772749344746
22 0.384130089034368
22 0.209471157935277
22 0.139012028092431
22 0.221929002023411
22 0.249378164641829
22 0.300934242195686
22 0.127206942661220
22 0.514509266235119
22 0.180350357620568
22 0.211244221898118
22 0.201936399349719
22 0.182168316671025
22 0.188025284113970
22 0.176137808451371
22 0.219240678043109
22 0.300863185674777
22 0.284605694133499
22 0.157215394754839
22 0.258538392925172
22 0.313619698780544
22 0.215478497407389
22 0.214814088194538
22 0.338520440349019
22 0.451776372492359
22 0.262215589216004
22 0.473486877000804
22 0.324846847882218
22 0.469189233641755
22 0.465805516459274
22 0.372078197804657
22 0.342975549883352
22 0.247022177020157
22 0.278367059264984
22 0.350902156041257
22 0.287559771898763
22 0.321665077162510
22 0.353531426235187
22 0.243010447590214
22 0.555375272863416
22 0.310323739747502
22 0.395331461550361
22 0.232914130471482
22 0.196512758986906
22 0.281017059852086
22 0.199429254954036
22 0.375651590925831
22 0.149282444292859
22 0.417641541014975
22 0.205043477540467
22 0.316705266340958
22 0.210738436617794
22 0.390603543517159
22 0.186319285656348
22 0.244927195147083
22 0.354835620665128
22 0.296054485213452
22 0.291493914084684
22 0.283384351868931
22 0.384954045482827
22 0.185948733387286
22 0.308325086052810
22 0.262295314818792
22 0.360160734666735
22 0.269722456289182
22 0.273529377602717
22 0.217025520181461
22 0.213640652330992
22 0.289909633648038
22 0.167391607269153
22 0.238379633402068
22 0.470631041995005
22 0.267946332100616
22 0.209013439998690
22 0.299702522813354
22 0.335544540505947
22 0.155460007396560
22 0.190822710294105
22 0.401697930078454
22 0.195698068687838
22 0.242860207904330
22 0.340505855153420
22 0.421689517382349
22 0.196429557689524
22 0.240927428982952
22 0.446954878175842
22 0.163369993712294
22 0.352654115902694
22 0.207132229675361
22 0.251692568054293
22 0.270235517475211
22 0.181418883698042
22 0.215554487645643
22 0.315379422310387
22 0.425608504345007
22 0.293741474803937
22 0.196203299700265
22 0.195901262855643
22 0.282298760090834
22 0.343296881856746
22 0.455350433822240
22 0.188407437618780
22 0.204317185304817
22 0.385510571432821
22 0.518616390480230
22 0.235603715637257
22 0.288401037159775
22 0.210167182614463
22 0.242914279584970
22 0.344395402531558
22 0.120491107670988
22 0.232371208989657
22 0.310156795902404
22 0.111791843741385
22 0.319555807534940
22 0.659931391592147
22 0.188355288971139
22 0.420935906722233
22 0.299216140203534
22 0.201067128519452
22 0.452659435735974
22 0.264084770331997
22 0.371607059864221
22 0.399235626151572
22 0.304641745616367
22 0.465792421003320
22 0.333056502760724
22 0.193006788394491
22 0.259117368580562
22 0.271187869595287
22 0.197698010911270
22 0.252525592784646
22 0.199685787378958
22 0.146001149055141
22 0.210173174058516
22 0.381437615772585
22 0.235947408442313
22 0.236000331713397
22 0.312846920067340
22 0.369854538703459
22 0.226924845814617
22 0.445341072542247
22 0.198233335966649
22 0.281420251060979
22 0.314332936227950
22 0.396156829615538
22 0.263406161838875
22 0.178329188564013
22 0.453392056511744
22 0.358476460233623
22 0.230061777544666
22 0.211805993718145
22 0.143621770256811
22 0.295561539596780
22 0.246274317529866
22 0.420101040061101
22 0.510196981245900
22 0.197590629449064
22 0.322771546504288
22 0.331208771108030
22 0.221418274621456
22 0.320410058390499
22 0.388107030776967
22 0.155974559793046
22 0.224996081699406
22 0.357862351561333
22 0.540383212858255
22 0.299778824961677
22 0.148830507761469
22 0.156564554195910
22 0.210899299681904
22 0.374923882429478
22 0.303899281723898
22 0.338073612743177
22 0.343821102053654
22 0.240915363568650
22 0.208029869746435
22 0.242135446986986
22 0.213907557746544
22 0.282589160174433
22 0.205222208549934
22 0.132857729812543
22 0.381423965075756
22 0.341629919714589
22 0.245441878455603
22 0.283728293205178
22 0.360740474594504
22 0.224626223626597
22 0.325716954824608
22 0.289872883235502
22 0.289024837964373
22 0.187304870107725
22 0.374793626217196
22 0.390814868269909
22 0.295122293701021
22 0.395232131730446
22 0.340466434310153
22 0.462470495750994
22 0.189071170105662
22 0.410600297331897
22 0.396201933915759
22 0.391716962128011
22 0.190675347178222
22 0.203861783229069
22 0.277548630320183
22 0.274865960577384
22 0.195609119971182
22 0.283160555096597
22 0.356061663725127
22 0.197414753164760
22 0.230704689426461
22 0.314975970071219
22 0.337791403552167
22 0.419739622476301
22 0.173506554876904
22 0.324209436586215
22 0.350188637165339
22 0.290835902356445
22 0.198191879060766
22 0.304428618041621
22 0.231933623961909
22 0.282910911224249
22 0.264253785606622
22 0.586205141514267
22 0.246581397991396
22 0.172821623798468
22 0.359568449893128
22 0.493713844979829
22 0.279351930883541
22 0.532685142429289
22 0.264220682538683
22 0.325416984567677
22 0.320923366930252
22 0.319614861072023
22 0.357180018303094
22 0.407013823133296
22 0.328408637071382
22 0.310949213327537
22 0.268729475042614
22 0.469153663355279
22 0.249036130455414
22 0.332801176416709
22 0.175798217865066
22 0.178905285547442
22 0.528196737796676
22 0.401468553879809
22 0.238918083888383
22 0.378061156761987
22 0.247396992493472
22 0.202651080016988
22 0.328101202469146
22 0.124871036957197
22 0.172413672277043
22 0.314590281093313
22 0.218386010685415
22 0.357861723625287
22 0.166551829245597
22 0.367367261385912
22 0.427259312125201
22 0.185068085490958
22 0.271499242530027
22 0.364465112563510
22 0.199801870813955
22 0.245930611676283
22 0.315690486049270
22 0.491606370160014
22 0.362647141781123
22 0.246028771138940
22 0.253929867494041
22 0.280734628409046
22 0.226989218984618
22 0.295060445930684
22 0.244595032341696
22 0.310954874439049
22 0.247153230386551
22 0.246831765868867
22 0.281266739217453
22 0.179296027820869
22 0.312674991612256
22 0.276227357034609
22 0.223590845717766
22 0.177457385364319
22 0.257332413476014
22 0.250619143924826
22 0.316375564783936
22 0.214532492003909
22 0.272228191466524
22 0.251313276650762
22 0.303318392337382
22 0.261654467396557
22 0.294837054654328
22 0.289414747538993
22 0.353729408947172
22 0.394169910656984
22 0.279959771884071
22 0.443975445922186
22 0.162322127325734
22 0.366661089753938
22 0.382005596655870
22 0.235019006391980
22 0.277640785092058
22 0.222112381395168
22 0.469957575048160
22 0.414482413661049
22 0.320362891950027
22 0.364957061568868
22 0.392326922489028
22 0.528550860695233
22 0.236308133248072
22 0.253188089153315
22 0.142191210279744
22 0.274881050418067
22 0.307152673872375
22 0.441728101759817
22 0.362844619723198
22 0.276773691427735
22 0.265507804309086
22 0.324642360904078
22 0.439634844361869
22 0.266389723507642
22 0.221278464937141
22 0.274423157510704
22 0.317463677184882
22 0.230968028613361
22 0.427918129110209
22 0.375269958002287
22 0.190813906491778
22 0.160868378394672
22 0.190538331181430
22 0.334911295951979
22 0.302637301145038
22 0.252425126898002
22 0.248686266325338
22 0.240302018666956
22 0.486592291616545
22 0.372980420117855
22 0.236706384016264
22 0.234323210894086
22 0.262871535968876
22 0.174199933906020
22 0.350690880455033
22 0.191629217444989
22 0.295568006719498
22 0.219446746281399
22 0.186292361595727
22 0.203631621702704
22 0.504354099067563
22 0.269308489349498
22 0.347752506266119
22 0.438601899939921
22 0.569990515609511
22 0.399113181417377
22 0.450519486805527
22 0.267164721492104
22 0.255780395467033
22 0.399784053971667
22 0.287133791533416
22 0.322785894108114
22 0.289522170610094
22 0.207782490064284
22 0.308754087841246
22 0.187954018724456
22 0.481879827537157
22 0.391952063882324
28 0.536157008231667
28 0.448866073363262
28 1.093259444908376
28 0.417805644897856
28 1.135092901681194
28 1.075215040052178
28 0.768138567094094
28 1.532019093449164
28 1.008340300466419
28 0.562061708414733
28 0.805020955276901
28 0.721615932404079
28 0.341672348221993
28 0.749574005473607
28 0.522074487620455
28 0.518277935615018
28 0.580672142685313
28 0.612922986940345
28 0.453992326359827
28 0.637852027183648
28 0.395191467601413
28 0.533538483633961
28 0.707353400488334
28 0.494561544025582
28 0.523427457220877
28 0.518888638301757
28 0.571498240794669
28 0.888685704852794
28 0.984937928429237
28 0.923632071097955
28 0.532418380185825
28 0.691979725177513
28 0.532920914432856
28 0.641621557317676
28 0.773265431585048
28 0.854193473393078
28 0.533217613841567
28 0.764624212986348
28 0.645874391525652
28 0.650489304552021
28 0.644547172061643
28 0.734785124763523
28 1.021243668432623
28 0.513162804074236
28 0.729737812471816
28 0.500349247874132
28 1.063291610260564
28 0.588700133068063
28 0.423033474765618
28 0.568203484961641
28 0.589839510249923
28 0.386739612974326
28 0.535541343967979
28 0.497715039305906
28 0.407317932996738
28 0.386255804238729
28 0.709246866520402
28 0.687185966773987
28 0.760424332276801
28 0.682306425720700
28 0.381265066102882
28 0.393407462857607
28 0.788333277438744
28 0.803112223307354
28 0.560896993323619
28 0.516398002613994
28 0.555745454116388
28 0.573309374612439
28 0.457342880824781
28 0.414229606097703
28 0.515807789050911
28 0.726752732531804
28 0.705684883906224
28 0.849477459485353
28 0.520026508602802
28 0.432799721951699
28 0.471387695848199
28 0.466998137576907
28 0.719506851671963
28 0.361986205571315
28 1.221518940851611
28 0.720748648751126
28 0.529733524096034
28 0.434386102703343
28 0.732271073793468
28 0.634369795224499
28 0.643999894535493
28 0.561916111105681
28 0.809617573189917
28 0.633007495960870
28 0.439517883894988
28 0.578018303790555
28 0.817184559975584
28 0.367091390267225
28 0.642620374768310
28 0.458194293166994
28 0.553445660551780
28 0.997653872100388
28 0.577212670616868
28 1.177450894980077
28 1.093236909101610
28 0.944203709267023
28 0.476196200062330
28 0.325453107518025
28 0.560189954243021
28 0.534753039726814
28 0.766425978987888
28 0.979810765676474
28 0.396410093682997
28 0.824172125247732
28 0.371131893321267
28 0.636442546192242
28 0.619483385796679
28 0.742013235023164
28 0.517646798343902
28 0.571724226690965
28 0.359622979624111
28 0.791344183466155
28 0.378840514066793
28 0.529188334462986
28 0.972931189798650
28 1.034480506159461
28 0.653574321299927
28 0.610394492084256
28 0.701779867597891
28 0.711499392101048
28 0.437758898122664
28 0.691338483896567
28 0.702759225726745
28 0.429238433348079
28 0.622502566762607
28 0.509327869741523
28 0.418891015796148
28 0.502378463472825
28 0.832162239082606
28 0.596284157730713
28 0.382009824336089
28 0.394181393398972
28 0.387410967955556
28 0.675566509396639
28 0.608965069067787
28 0.588562988907974
28 1.158648399079404
28 0.600360651225923
28 1.014448675017316
28 0.532372159232247
28 1.109757216748012
28 0.672376106021803
28 1.072819892540659
28 1.321889233570031
28 0.366684947749005
28 0.658776064523571
28 0.686101857372820
28 0.619186607593512
28 1.139908883201088
28 0.453126748678600
28 0.567149394024979
28 0.571796401436765
28 0.656068702093378
28 0.492025863023883
28 0.743142373250394
28 0.712826201926387
28 0.609006761928611
28 0.756400009388919
28 0.596839752606249
28 0.487234626447361
28 0.419529782296030
28 0.443002430069579
28 0.662715410307496
28 0.592408456813979
28 0.812092040465172
28 0.718914779818997
28 1.535719494502343
28 0.321636180193426
28 0.773393261796993
28 0.789817341596897
28 0.623892750045882
28 0.641376596308003
28 1.228824769095442
28 0.377617831148048
28 0.891643437707105
28 0.743686538398038
28 0.480636464603710
28 0.556878929414867
28 0.640571065972513
28 0.706854332912775
28 0.422296856234825
28 0.590810314529592
28 0.664591528047989
28 0.844046427202692
28 0.618721727993077
28 0.377267770762043
28 0.596951877505624
28 0.487853382203514
28 1.019107225042672
28 0.504561314954935
28 0.843883483806239
28 0.697548905111240
28 0.408124081346644
28 1.428258712557995
28 0.438370824288350
28 1.220865314397693
28 0.655725788416244
28 1.125896471658203
28 0.417074318888234
28 0.593753467941610
28 0.363716105989593
28 0.617865241790557
28 1.099837750391526
28 0.542823741033441
28 0.509083147109862
28 0.329139284922891
28 0.507095416633648
28 0.499040868288785
28 0.858216699184554
28 0.740407481445071
28 0.929483464489166
28 1.274337259899355
28 0.951178471914076
28 0.442702811357965
28 0.266748046039635
28 0.528582666714533
28 0.812857461505510
28 0.585158027517195
28 1.003631793478317
28 1.275304224629672
28 0.793352614149233
28 1.124591836681527
28 0.656434914757376
28 0.679570091837754
28 0.445005302706940
28 0.599715400480390
28 0.819143911964895
28 1.032198379691846
28 0.779903694846922
28 0.493466415539447
28 0.870700340484549
28 0.380247961695237
28 0.762707709417337
28 0.889307718619341
28 0.494834164558319
28 0.508284874731297
28 0.392326580337656
28 0.867673550456380
28 0.875280684776514
28 0.440247671865254
28 0.512652632647598
28 0.762699092595566
28 0.659189493054223
28 0.624161930153688
28 1.222810071212388
28 0.464366107347903
28 0.475975375750599
28 0.614651084427863
28 0.674402951537691
28 0.346405244922535
28 0.709742073710938
28 0.586881601343474
28 0.697000265960092
28 0.542334680320020
28 0.552851151668036
28 0.587970437166073
28 0.778600797616935
28 0.842278793620955
28 0.336242108215581
28 0.367882638631017
28 0.543020180042425
28 0.498257431660681
28 1.504560216716969
28 1.005439442996258
28 0.550628929721439
28 0.660194235642938
28 0.800972237464160
28 0.399087451364803
28 0.893187268741365
28 0.963965163086294
28 0.495249479081878
28 0.873278837163046
28 0.657801634465152
28 0.455809201401138
28 0.480924282369532
28 1.161570972802286
28 0.951690387438838
28 0.935195700120835
28 0.614045468449882
28 0.487614402527958
28 0.585228610725752
28 0.648580312826511
28 0.987542141077212
28 0.279263515082917
28 0.751283043830580
28 0.315514413633441
28 0.651062624772859
28 0.588691588192283
28 0.807189351969051
28 0.767981660975102
28 0.519486042357775
28 0.615892770091585
28 0.390631299478254
28 0.321835458338699
28 1.073379289008348
28 0.936019752915322
28 1.159831065630883
28 1.212694762952076
28 0.502835225826159
28 0.775252468620747
28 0.859765231820824
28 0.475788786866740
28 1.553786817109531
28 0.780960138010903
28 0.730603629183249
28 0.382717125848800
28 0.832545723600748
28 0.338786285300785
28 0.637432515529211
28 0.470654420438432
28 1.511378165483269
28 0.423615744868655
28 0.581587071894307
28 0.675062535060700
28 0.591450284513879
28 1.002098905129817
28 0.565475611309907
28 0.411191670596819
28 0.686827757585747
28 0.823570814777455
28 0.624196582313665
28 0.516306737183794
28 0.985415987506202
28 0.596858061782473
28 0.594463852103366
28 1.007136649033506
28 0.638618239002771
28 0.763856936201782
28 0.527420903223653
28 0.864521215610716
28 0.811932118025320
28 0.519503710749413
28 0.846681664177966
28 0.674967752491392
28 0.764820470192225
28 0.584518301926561
28 0.523442617496696
28 0.525011632347642
28 0.570410242313650
28 0.711702132362908
28 0.659963843960899
28 1.315026383864051
28 1.277841122503956
28 0.614207763700889
28 0.515085627648141
28 0.456064646214379
28 0.803038171645742
28 0.458849829770942
28 0.735174298939582
28 0.688519036895139
28 1.295937666853360
28 0.377614625660661
28 0.472190322849907
28 0.646492009900144
28 0.518207540476658
28 0.514704652575178
28 0.762585842542213
28 0.658240765947609
28 1.065171508457296
28 0.629948202030024
28 0.470565694227396
28 0.524469935045481
28 0.639418388273821
28 0.917717096335641
28 0.707472590779754
28 0.557596373218915
28 1.043661203225985
28 0.820877697080402
28 0.916709238788903
28 0.446943754374593
28 0.655503477708720
28 0.513944912213317
28 0.813758350954238
28 0.448019321467564
28 0.399581496739328
28 0.580368982178981
28 0.727093743174573
28 0.231629521382042
28 0.456206456093859
28 0.618481910823110
28 0.713776931090188
28 0.525913852504496
28 0.447101100627926
28 0.876350622357096
28 0.951908001930052
28 0.597254024758866
28 0.553615580300689
28 0.400074198924815
28 0.521901417250690
28 0.828040740015050
28 0.789652136875517
28 1.263612458081229
28 0.621110417768299
28 0.756474843638874
28 0.868427417401696
28 0.994633761901934
28 0.559081410594637
28 0.824640800104421
28 0.407014596877789
28 0.497171298607662
28 0.760418618317146
28 0.502725660391771
28 0.568968680477086
28 0.885105559553520
28 0.458087461878607
28 1.020805392101530
28 1.251987519790301
28 0.478166826166903
28 0.811691879175915
28 0.611679572320160
28 0.933916290936082
28 0.331142151017863
28 0.589613546768970
28 0.401190426712902
28 1.187339450233107
28 0.638405152685033
28 0.533499606935836
28 0.686972359953096
28 0.483224000674461
28 0.522300460564657
28 0.589616904463256
28 0.485594577736610
28 0.663117764868215
28 0.838199137168337
28 0.482930277049183
28 0.558600562813680
28 0.548492755019443
28 0.518831287734428
28 0.898631730926163
28 0.592188596899019
28 0.823166880331600
28 0.463172058138436
28 0.900087674043682
28 0.785946696447688
28 0.970621372848465
28 0.535061691834096
28 0.505346410156137
28 0.594282774267998
28 0.655513843779028
28 0.853809761904568
28 0.369791779109974
28 0.967990054593256
28 0.906872956672955
28 0.276763609811979
28 0.996109493339727
28 0.526634205704790
28 0.815757885780160
28 0.781620777398315
28 0.339222881969008
28 0.396764601621803
28 1.023352820529841
28 0.954439885298770
28 1.412070253211074
28 0.410941119344347
28 0.766104369691315
28 0.793493030836236
28 0.440627479799251
28 0.628423358070173
28 0.787708575467554
28 0.787348811687411
28 0.850636748706940
28 0.622687292180178
28 0.516270383549958
28 0.889667473860224
28 1.231919623579401
28 0.946821855993486
28 0.590570836396991
28 1.060739315475915
28 0.727626466017381
28 1.433189230992111
28 0.560407687269007
28 0.792082038363357
28 0.545106178528136
28 0.592029877119786
28 0.619039667558615
28 0.830246068164043
28 0.518315782678200
28 0.809890154877514
28 0.913162479029614
28 0.673510445167410
28 0.884531657123787
28 0.621403550752537
28 0.774866804048520
28 0.743224651315629
28 0.947240433420919
28 0.511753556144633
28 0.537695120632446
28 0.651407455715782
28 0.666439288501876
28 1.567801736013715
28 0.513558021408017
28 0.768952950251585
28 0.674178099134209
28 1.346953555872649
34 0.710783264669396
34 1.243586573642706
34 1.444163579262324
34 1.391231368366370
34 1.276283226757847
34 0.730348751409652
34 1.038821635282937
34 1.138472510490778
34 1.084260614525707
34 0.917756814765038
34 1.064041015596310
34 1.546245744450863
34 1.634689033592986
34 1.476386877580591
34 2.993335228811448
34 1.619840551143713
34 1.693220560776086
34 1.194592630570231
34 1.915353428764035
34 1.527234865409286
34 0.951696720611049
34 0.956957697289187
34 1.129352749264921
34 0.884410260148600
34 0.981482063130878
34 0.837192946934360
34 1.560059503490053
34 0.741422905299443
34 1.562435198390374
34 0.683889463741866
34 1.358811077343188
34 0.751923550611647
34 1.235009363889032
34 1.122628216059751
34 0.719272728181878
34 1.212554218665523
34 0.961892939397882
34 0.629078062989530
34 1.088730423554532
34 1.598371116291275
34 0.928852870943557
34 0.875398412465746
34 0.872232919449008
34 0.840335145313489
34 1.129590933438410
34 0.783785650030827
34 1.471015978865116
34 1.205681263414657
34 0.901187217370009
34 0.721020304092024
34 1.930299091336320
34 0.924146235151980
34 0.565612253833102
34 0.739011809003879
34 1.151707984944488
34 0.876319670757567
34 1.636997914181803
34 1.395380055157332
34 1.032282183009798
34 1.750867825225141
34 0.930537727216722
34 1.161480470337477
34 1.493203738282610
34 1.405418967018036
34 1.621129176054337
34 1.445686726000702
34 0.732777560358189
34 0.799141774984068
34 1.622399753820122
34 0.999618767179644
34 0.974904900091943
34 0.791847567398564
34 1.039237121943923
34 1.069670116913536
34 1.212170601037446
34 0.954545632619856
34 1.403920601780094
34 1.193503382851859
34 0.726705440924826
34 0.826522730280116
34 1.274304668438654
34 0.977803855674401
34 1.499260360116073
34 0.792706569547484
34 1.220358074007439
34 1.417070000732255
34 1.360896402455647
34 1.188835860909940
34 1.439695375637778
34 1.290150024518286
34 1.205127011330632
34 0.870157180286100
34 1.243658055891627
34 1.245241613660791
34 1.148089255913261
34 0.888067597901729
34 0.947482623314632
34 0.789491230507495
34 1.653239027743104
34 1.026119238654421
34 0.879305986671672
34 0.834500773474421
34 1.831576714767055
34 0.593752243387540
34 1.380971138234897
34 0.833698448062506
34 1.080596726005463
34 1.168773634969313
34 1.680298805800391
34 0.884286456911040
34 1.235824855890686
34 1.583338542068271
34 0.752755728744136
34 1.184997301372436
34 0.846329761159154
34 1.308216829171420
34 0.779594681976473
34 0.738337395573843
34 1.273961011342386
34 1.222147886801715
34 1.115376460363231
34 1.410187232798353
34 1.350665448389182
34 1.219796622811750
34 1.567955475445818
34 1.296327116063707
34 1.015242657960272
34 1.335677183701079
34 1.194890719376692
34 1.163943428654055
34 1.475953795603750
34 0.606490206751127
34 0.848522403757568
34 1.128900575130746
34 0.856722031434334
34 1.013786962027809
34 0.996682030486853
34 0.971175100576546
34 0.703488836086274
34 1.274903729528150
34 1.284718852923810
34 1.048171738701925
34 0.577444570657905
34 1.516976461629492
34 1.078096122816823
34 1.945242057712979
34 1.132179675675705
34 1.391794880814925
34 2.332722352188538
34 0.844263215251191
34 0.998678781383900
34 0.941459311401197
34 1.252109454654060
34 1.032329842532649
34 1.032262202833796
34 1.449273807879066
34 2.261604424205791
34 0.996581377824959
34 1.809901318748955
34 1.424446422190287
34 1.256878525479046
34 1.005838663001501
34 1.023695501114468
34 1.127151042546650
34 1.553291049301408
34 1.378927991086553
34 0.835383790604072
34 0.732561805832214
34 1.040123094692691
34 0.894407951946938
34 1.397075060113817
34 1.091634900109643
34 0.979755486200133
34 0.771224102713725
34 1.240670750862987
34 1.377810555666045
34 0.919965065232384
34 1.419475336268910
34 0.712178583192509
34 1.181102328284338
34 0.872055540809237
34 0.881231096251958
34 1.415966231570056
34 1.066871106543623
34 0.956934890247901
34 1.197735014612210
34 1.558300347131326
34 0.844339645586497
34 0.966005994105293
34 1.383552740863257
34 1.207721204116213
34 0.777206434638866
34 1.691217414254279
34 1.178588964254636
34 1.342931993122628
34 1.183456153601441
34 1.172576480435563
34 1.334692191810828
34 0.714730412987485
34 1.728122605312197
34 0.559734282588822
34 1.380537951208034
34 1.403262299656521
34 1.981422803677455
34 0.991467776560226
34 0.962937441561613
34 0.799177187444911
34 1.204531015464112
34 0.685402489923361
34 0.948867396837598
34 1.287733516860485
34 1.407858243228776
34 1.311690890546258
34 1.078412438506173
34 0.934638459731863
34 0.613840111265411
34 0.957277405180100
34 1.385242881409549
34 0.523883844178170
34 1.124066871876963
34 1.486229078454627
34 0.858269210371668
34 1.641146503040145
34 1.000025871790344
34 1.131557492383748
34 1.322724498499827
34 1.031745761174738
34 0.919685452375208
34 1.194265772323763
34 1.609686166359428
34 1.348549780622049
34 0.577169901988769
34 0.784438262971464
34 1.764175579807446
34 1.307724498189864
34 1.347344166991006
34 0.906444731171884
34 1.717236247691434
34 1.514654487186172
34 1.363346623666801
34 0.724956623297686
34 0.799016926092362
34 1.223098193575216
34 1.528030920670624
34 1.718689709642391
34 1.111274880572626
34 0.681170612481372
34 0.995175806764321
34 0.961666860098870
34 0.958234211774460
34 0.834610276920189
34 0.936941669154203
34 0.681194651853712
34 0.953472709269132
34 2.145126460331971
34 0.814310120246270
34 1.784456629620204
34 1.003998628266912
34 1.375971367327179
34 1.598381293377634
34 1.519948020977941
34 1.251688277002482
34 1.544775863176231
34 1.544981091945221
34 0.844424954914303
34 0.696784501680301
34 1.877755767335011
34 1.276911544744089
34 1.040600615045601
34 0.821401953420307
34 0.951937887716128
34 1.449336336792350
34 1.667871527684923
34 0.833261387217778
34 1.661506486024260
34 0.853030013918950
34 1.211362595452244
34 0.986914280884336
34 1.667026596950404
34 1.162332845964126
34 0.799125422901298
34 0.920938157393960
34 1.014663083620334
34 1.321569002451773
34 2.610218479342620
34 0.904391378136554
34 2.053781362832378
34 1.341665906594737
34 1.219771595277780
34 2.479273494095326
34 1.376386128057303
34 0.787206420318763
34 0.690359781590583
34 1.362617192605175
34 1.688252085099351
34 1.325943215748532
34 1.233904012079309
34 1.341754774853186
34 1.145460450483046
34 1.935366627031308
34 1.164921642155449
34 1.330500188542189
34 2.541329124519548
34 1.295548927232095
34 1.228077407456320
34 0.824498104098510
34 1.685409944369546
34 1.468755981753270
34 1.150992490378599
34 1.445323197989567
34 0.925387783560487
34 1.468733452982121
34 1.250823523341200
34 2.189484834556400
34 0.930355977684592
34 0.780562649700407
34 1.082979648628194
34 1.213931099547265
34 2.515233730415277
34 1.117813451263103
34 1.080930401709749
34 0.960590414686854
34 1.802350488855626
34 0.873299500078736
34 0.758826132573981
34 0.702035436797225
34 0.889933779957420
34 1.353557618503466
34 0.858513525655918
34 1.700532566436158
34 1.179087944516651
34 1.219062230863867
34 1.623397800316633
34 1.519377731313972
34 1.360875282234891
34 1.524060823413925
34 1.098176624148800
34 1.231424073189624
34 1.084145733924879
34 0.867679405195004
34 1.391946050654611
34 0.783232444411611
34 1.568599699623855
34 1.007619176238140
34 1.055368425642589
34 2.205464660365959
34 1.593546035993215
34 2.211923320859983
34 1.294005256660677
34 1.767701011659395
34 0.725146246539485
34 1.477089903929377
34 1.097425885230392
34 0.755311604489206
34 0.812686400892371
34 1.656995437156561
34 0.677373921857732
34 1.201323768123949
34 1.243807485544425
34 0.988334547147928
34 1.557358602097421
34 2.351766840998512
34 1.310445017618117
34 1.455217689762304
34 1.703607509222484
34 1.011165231720232
34 1.242985112767218
34 2.317812282809273
34 1.017286295712980
34 0.644300444949431
34 0.946597734751544
34 0.994167476010082
34 1.230894052870108
34 1.413146617847712
34 0.783219649542071
34 1.225554933704474
34 1.022930703709103
34 1.465541876564856
34 1.156767788522633
34 0.543209723346346
34 1.152378396426349
34 1.798371772883880
34 1.727263072110951
34 1.330005932544320
34 1.555946306162453
34 0.915408764958245
34 1.540157403511688
34 1.497808730486536
34 0.679114153116283
34 1.809315509487386
34 0.732798151639948
34 0.920821969500381
34 1.507671718952295
34 1.252375894811061
34 1.348117579565714
34 1.377509258893452
34 0.914151637933990
34 0.677618347020212
34 0.732562020563305
34 2.609037220213490
34 1.034674289645719
34 0.951184440741859
34 2.309336974527777
34 0.981959792920780
34 0.888700188868237
34 1.490440633798033
34 1.560364695847516
34 1.020550370806281
34 2.340191659940296
34 0.893999856478060
34 0.923271131449696
34 1.684682975477060
34 0.809888252436994
34 0.612698081200842
34 0.703078445246820
34 1.137926831681790
34 1.279332195713403
34 0.975406931206753
34 0.878013098517327
34 1.156736894035046
34 1.499397432195389
34 0.653539383962206
34 1.163645712658287
34 1.248914901016753
34 1.444928308131143
34 0.727938399302906
34 0.911787303611401
34 0.862364169693577
34 0.891009131975379
34 1.188148585373331
34 1.918115738208059
34 1.548236248469254
34 0.824882227169316
34 1.530907046689519
34 1.153453331484799
34 0.922764259181415
34 1.096286223062494
34 0.987963259741678
34 0.751116373359877
34 0.985282620003439
34 1.088088391389996
34 1.484769334084837
34 0.762840488829565
34 0.594059016792016
34 1.355294060157296
34 0.789082597380512
34 1.468627241549693
34 1.007867741121510
34 1.838073264654096
34 1.238946221907082
34 1.454971519031743
34 0.739151887530668
34 0.753846829072399
34 1.042497250697338
34 1.122063036017396
34 0.951596333479940
34 0.973385324404268
34 1.028779030768174
34 1.541442817141614
34 0.692709447601914
34 1.022403761893208
34 0.918602919647757
34 0.962424953867979
34 0.809034988657875
34 1.172150084466831
34 0.683667281119158
34 1.312441078634285
34 0.738427386036575
34 1.672506357302695
34 1.443518124364184
34 0.892120193168638
34 1.838052100554729
34 1.100295011535010
34 0.683946720084813
34 0.818663254962355
34 0.946790551327575
34 1.180301688460428
34 1.741905364999558
34 0.721222195232690
34 0.697341518051989
34 1.306668061285346
34 0.809824384132320
34 1.711749164094307
34 0.665284891658224
34 0.998284079918723
34 0.874127698843578
34 0.789256752393920
34 1.070909483126415
34 1.170942570597584
34 0.998344501320608
34 0.921423707712345
34 0.702820519733260
34 2.113476833377409
34 0.998900454481531
34 1.447721672976898
34 2.249422787264887
34 1.431993825247962
34 1.134850499673038
34 1.401238646759510
34 1.325983263506537
40 1.664799838463829
40 1.315186228394813
40 2.179616276344657
40 1.757133492066245
40 2.761320538662951
40 2.251482719040348
40 2.819845551602807
40 1.126632125898970
40 1.284412171413646
40 1.827297943181648
40 2.134985391545456
40 2.100071232997857
40 1.876542979889221
40 1.470254763074836
40 1.768118423874078
40 1.121661592652146
40 1.482318745085369
40 2.658082721800060
40 1.592057496972677
40 1.669513664858892
40 1.753809902261425
40 3.381893874396447
40 1.948172564545080
40 3.120334167825666
40 1.811417917317074
40 1.988128552481481
40 1.967476825704903
40 1.039682840862356
40 1.326717853180734
40 2.416636502671786
40 2.404179067167107
40 1.199872106625312
40 2.860732556991511
40 2.561266199459499
40 4.475015909516872
40 2.190860344577533
40 2.350759695747312
40 1.512254066128312
40 1.004216485624523
40 2.700386587808830
40 1.119479329616130
40 2.513182486582142
40 1.314461448743081
40 1.474190620787983
40 1.433339124086611
40 1.617592692410367
40 1.881664011466153
40 2.478383220449114
40 1.347324190382976
40 2.354743526291367
40 2.222127079462712
40 1.821213742031063
40 1.550307018143531
40 2.583022229271121
40 2.377379018077571
40 1.839346770969554
40 3.077364513663053
40 1.449770374380204
40 1.120323578012703
40 2.009135494234298
40 2.720794700828163
40 2.345884150471268
40 1.344148453687131
40 1.223856164681887
40 2.754681996128506
40 5.221542252181125
40 2.653542303336929
40 1.611837621424262
40 1.697901732149774
40 1.613037027047620
40 2.570815757526175
40 1.889971572250241
40 1.179666934996492
40 1.920372324722768
40 2.554099305810274
40 1.174864768520882
40 1.508233054397467
40 1.732409294752129
40 2.568930546714315
40 1.898423380428337
40 1.568211482645186
40 2.189320188997955
40 2.308861335469457
40 1.558214383838813
40 1.263642799429663
40 3.380872162316179
40 2.000492960681651
40 2.379154908934220
40 1.639824033536642
40 1.120627715103572
40 1.749231086082785
40 1.904025224382831
40 2.008748576739530
40 1.859907322040653
40 1.268692328605860
40 3.214819898579574
40 2.372348254214709
40 1.384539799794789
40 2.568523443148012
40 1.913721784721459
40 1.495764570390769
40 2.147536818031499
40 2.172325831610570
40 3.393105166146706
40 1.030944154898402
40 2.556819289708811
40 1.690367948881146
40 2.320643916956796
40 1.208889813541349
40 1.864412080206126
40 1.372174993171523
40 1.814844526684574
40 1.180460527475061
40 1.312901896356678
40 1.456197578217354
40 1.893066302364363
40 1.476308452806788
40 3.279184262244892
40 1.969768788171601
40 2.033679358305317
40 2.885557625532223
40 1.191674599133711
40 1.058099364594545
40 2.706926902110629
40 1.254077756503148
40 1.830081506085376
40 1.626893790594005
40 1.053723768971718
40 1.852002107415249
40 1.627539420250661
40 3.627190303680740
40 2.021999011168136
40 1.746417897506544
40 1.471610933446684
40 2.786501069390674
40 2.042105205055983
40 1.864468800757679
40 2.493108648352209
40 3.554816559816217
40 2.424636163574277
40 1.755157801543187
40 1.540036567795488
40 2.810983381569171
40 2.094893395987082
40 1.539658458065521
40 1.137409667162233
40 2.516259339238010
40 1.858052792292832
40 2.847093229924297
40 1.599347646656202
40 1.639447397909361
40 1.948644114225539
40 0.831157153703753
40 2.299228015128678
40 1.925769739376457
40 1.659189696624365
40 1.185955293570164
40 0.992247257954176
40 2.292188387086839
40 1.284278866079189
40 1.814577245717190
40 2.908248270578341
40 1.744800613437837
40 1.580942027599058
40 2.461057025940044
40 3.072566194399686
40 3.188849535273388
40 1.806922894746336
40 2.162444790937920
40 1.113076082853741
40 1.897717674245882
40 1.989790126947495
40 3.042412878495063
40 1.454760901605784
40 1.800147852715547
40 2.528049335506427
40 2.424262464996537
40 2.441239320361539
40 2.574283196241252
40 1.880317696146633
40 1.941727966134550
40 1.826099636793599
40 1.700488594799504
40 2.119052331500810
40 1.616887573030188
40 2.298746196702639
40 1.616468052712607
40 3.111089602572601
40 1.545374411374273
40 1.697516135688478
40 0.906737545825251
40 1.762339723654964
40 2.565476032759069
40 1.769264369176995
40 2.220006104945335
40 1.340494751774470
40 1.724002615384997
40 1.700329200822823
40 1.293568313505302
40 1.427041551490218
40 2.609620240137398
40 2.495726749858280
40 1.759368145420766
40 1.759865312472357
40 4.484132181114672
40 2.181966672049477
40 1.176104835245494
40 1.573499854314605
40 1.311122424961146
40 3.020926081656565
40 1.551675797115552
40 1.652059320811530
40 2.568679197126036
40 1.468671403287738
40 2.159568476696318
40 2.639405477337917
40 1.759632670729728
40 2.749811171310165
40 3.090574032676217
40 1.906692731973868
40 2.517460243666271
40 3.457338438280286
40 1.553543592321775
40 2.134186701368991
40 2.073321945124089
40 1.247404377290824
40 1.759859038566102
40 2.551467097055907
40 2.347540738604866
40 1.361411339574259
40 1.395968278357226
40 2.331382795219048
40 2.464718367199730
40 1.674621671022939
40 3.370866326123979
40 1.262509075464687
40 2.037300763452217
40 1.240106000478061
40 1.431999560249547
40 1.800320342537526
40 1.756207451653262
40 1.398026020146583
40 0.896439623865660
40 1.114000721057034
40 2.019706630086578
40 1.966985265198011
40 2.077784171228445
40 1.630083899574824
40 2.069771428166219
40 2.224201741886420
40 1.570245342798893
40 2.288996196275640
40 1.442710760736746
40 2.620401647248310
40 2.865448719566734
40 1.632867829532012
40 2.146490777543153
40 1.614983883795359
40 1.442414088288654
40 1.230667077278962
40 1.478341283354187
40 2.130575531185389
40 1.349021548202131
40 1.911668569550368
40 1.614263682409662
40 4.591366684352613
40 1.741547141755594
40 1.943036308108278
40 2.462336944975274
40 1.362354429978506
40 5.121443846281936
40 1.506971014761657
40 1.992112533423500
40 2.084847423468928
40 1.044697896298894
40 2.220838946790028
40 1.604114663696608
40 1.607756811821272
40 2.026370307439012
40 1.794754054555090
40 1.964671652848821
40 1.612286878995325
40 1.215424601071702
40 1.907827119638137
40 1.310203091975220
40 1.530405512986135
40 1.636572641132050
40 2.807396072165618
40 1.900621938497141
40 0.863836054925025
40 2.156664322038718
40 1.927580730508671
40 1.075491783383853
40 1.396683913938205
40 1.546536762151300
40 2.414196995458569
40 1.620395329478534
40 2.212930897989672
40 2.996191036319216
40 2.506172340386319
40 3.676097305878224
40 1.764611981061279
40 1.278078254149579
40 1.332285946070687
40 1.296475671104611
40 1.108475170721535
40 2.658446124399976
40 2.851942303492496
40 2.838462741756905
40 2.348177284759561
40 2.038349036995344
40 1.506474661341539
40 1.249874149178344
40 2.199834625651979
40 1.097700164010692
40 1.402516880089231
40 1.337093858017144
40 1.829228526334984
40 2.372004760268261
40 1.405454752115663
40 2.326020874504916
40 1.711618780958302
40 3.228913207958779
40 2.101649783754539
40 2.487577135136117
40 2.503379351357149
40 1.190049846834459
40 2.465580103364596
40 1.645915962084626
40 1.480428671918894
40 0.902561954049673
40 1.064747727560351
40 1.724203210074698
40 1.384006385620307
40 1.660560994636372
40 1.465326560701367
40 1.310809450126145
40 1.551182184360509
40 1.875956803597846
40 3.299670882328359
40 2.640277652009067
40 4.000394886029120
40 2.513531161832519
40 2.319380419582236
40 2.752279488220250
40 1.962677584529752
40 1.666362257950089
40 2.172685866066033
40 1.178314129147546
40 2.380884699538738
40 1.339000092910036
40 1.219557415990365
40 1.536705539884876
40 2.433077425386927
40 1.799127505496826
40 2.654260441238993
40 1.677649317954740
40 2.195378599168526
40 1.949033070650888
40 2.305568075530122
40 1.918389255973691
40 1.949797200766767
40 1.627994800726940
40 2.348569938799776
40 1.880778222569530
40 2.527548729495694
40 1.591859910999352
40 2.936476782635415
40 1.716370679572431
40 2.583677912900293
40 1.709003492078071
40 1.519107122043651
40 1.382223961920855
40 1.700936688572911
40 2.099184090438012
40 1.443785649241269
40 1.980383337564444
40 1.620260168549657
40 2.990708368724547
40 1.305381894868617
40 1.245423742669606
40 2.771054045708453
40 1.896824233861459
40 1.279314778560499
40 1.618542471846979
40 2.585475967356924
40 0.924199181840750
40 2.037087036255965
40 1.398484865100073
40 1.555111388225257
40 2.848640636126311
40 2.968413272790480
40 2.073093195562625
40 1.267259106438363
40 2.453569414961121
40 0.989047410500268
40 1.162525188231950
40 1.886613819240660
40 1.834587382923135
40 2.127377080259626
40 2.178981370074625
40 2.104037200530799
40 1.747841715566677
40 1.387387734250050
40 1.185932079718969
40 1.414707541441306
40 1.099033873482808
40 2.069290771884725
40 1.771778488653545
40 2.086155141365237
40 2.735605037516085
40 1.030249051893939
40 1.115009946930547
40 1.070268081831447
40 1.977670992371910
40 1.752435240131303
40 1.365086049449676
40 1.077949732118055
40 1.411996777542272
40 1.775688983278545
40 1.390381629423731
40 2.143590783842248
40 1.183299535318907
40 1.387287230665377
40 3.355463573947517
40 2.194759669740335
40 3.126753319718981
40 1.975091516653317
40 1.820346629259916
40 1.080277330500131
40 2.677188678550978
40 1.209458205554069
40 2.557323180154989
40 1.947507170935644
40 1.225498912252369
40 1.036677374183304
40 1.528264953711488
40 1.296093604777698
40 1.723260883094864
40 3.120292398303979
40 2.217957973629147
40 1.226329068306163
40 1.483775030572326
40 2.422170846270292
40 3.918288678217474
40 1.792728341737360
40 2.570997581833767
40 0.764206955623585
40 1.409142365590027
40 1.738503541773428
40 1.850037573052953
40 2.496345863377175
40 1.918648366524092
40 1.667493752554432
40 2.159244135763867
40 1.311682697603120
40 2.011963462518628
40 1.497946644964118
40 1.261690154267772
40 2.144955143183951
40 2.269218571210732
40 0.912313919050304
40 2.335682648519176
40 1.533843065096125
40 1.628860574568463
40 1.505613004555368
40 0.839928443175316
40 1.915832830646107
40 1.735735369097872
40 3.486627760918370
40 1.958870749781592
40 2.177893268444324
40 1.638895229178475
40 1.112010674068445
40 2.375567455291140
40 2.368087210137920
40 1.487802922686310
40 1.651661079764375
40 1.250526112067796
40 0.954243155424157
40 1.796650749985889
40 1.796347425913149
40 1.580778987580491
40 1.330146756385156
40 1.408425148668277
40 1.631783847702286
40 1.118738382361764
40 1.510606174969027
40 1.520867539724973
40 3.330937687385862
40 1.593563971959878
40 1.768272952618313
40 1.650669009404410
40 2.353855822035118
40 1.797266468006047
40 1.911712576235650
40 2.409733791308017
40 1.746794569341391
40 2.105425200258543
40 1.498799451084667
46 2.058264845237843
46 2.835080675485825
46 2.612082037128963
46 3.023068437146009
46 3.123433734933768
46 1.405834531135607
46 2.827785904834841
46 3.462142548544782
46 2.132491172710328
46 2.636516908856557
46 3.024128702181184
46 1.736646217642059
46 2.296594627751273
46 5.527992488903844
46 2.988952056516850
46 2.680675637158805
46 2.709065034825444
46 1.946139680694525
46 3.309589570739639
46 1.194414173665351
46 3.519501947162086
46 2.378539960337056
46 3.019889989749703
46 3.102060309540267
46 4.236235411907705
46 3.314829375479618
46 2.098870772112124
46 2.411611674827962
46 2.842963500340483
46 2.449409477580728
46 3.349892727843048
46 6.118729084102967
46 2.583841218316882
46 4.342484925606374
46 2.635431931906238
46 2.150430245967098
46 5.020831287910775
46 1.642748470246124
46 1.574403460234109
46 2.554214189718367
46 1.357944265705584
46 2.584273743374972
46 4.483154632785673
46 2.146003644912579
46 2.294300909053887
46 1.912256591330431
46 5.604403908480433
46 1.649476803326748
46 1.947529845768846
46 2.930106783311456
46 2.784493024291490
46 3.434886835038622
46 5.100667374340702
46 2.297749190918361
46 2.546197976760549
46 2.371649149209558
46 2.574399498950123
46 2.738270883203174
46 2.121718869199534
46 3.419410465415456
46 1.716028675161133
46 2.294244538437560
46 1.891490397476494
46 2.488320876598783
46 3.004579213334374
46 1.814748761869751
46 1.790719019628626
46 2.544854651610216
46 3.272882139163237
46 2.416590058579341
46 1.601778385658920
46 3.164499762185651
46 3.250442084769360
46 2.285874017065774
46 2.159912816583318
46 3.967462657764077
46 2.370325132550957
46 3.289541958701554
46 3.112671673096124
46 3.886748944702752
46 4.981088133658013
46 1.769929971968778
46 2.341609821843319
46 2.030104173721987
46 3.170827145589226
46 4.472715895701529
46 2.149987754363113
46 5.982114543854776
46 2.957011512256907
46 6.288446653621998
46 2.159565083689670
46 2.735888165493207
46 2.897434821917154
46 2.907100902489484
46 3.332406661752359
46 2.782277922072073
46 1.717736037050524
46 1.485591493685700
46 1.772523766796799
46 1.808166128860978
46 4.863944302965342
46 2.165233344829649
46 3.383189215465474
46 2.773954305518346
46 2.197639932010459
46 3.674023975346259
46 2.124709747750420
46 5.413078684085845
46 1.531027706026268
46 3.117064558342619
46 3.062069238175465
46 3.102584470778347
46 5.090328001491107
46 2.871825523967475
46 1.966934966243267
46 1.633787820783431
46 3.611304313525165
46 2.182983612063238
46 3.010819676161647
46 4.145328514167389
46 2.404330032682589
46 3.099706507996197
46 2.554011770535634
46 2.260157218194874
46 1.797546103273304
46 3.743160544275076
46 2.698988888658530
46 4.427782540210181
46 4.204291221607805
46 4.028846810297405
46 1.584317337297359
46 1.974909062865886
46 1.637155567480441
46 4.221699019823449
46 3.306910221300217
46 2.829288238813972
46 2.001775853723097
46 1.739282256720773
46 2.683945885878754
46 2.613573844987979
46 1.767480753303556
46 2.182246200887245
46 2.773936692258942
46 2.540608606698551
46 3.139460301631895
46 1.781776051024682
46 3.295499482403651
46 1.797827676782883
46 2.778247559416302
46 3.204606723840723
46 2.445947016533219
46 1.469974613803584
46 3.275640750814927
46 2.467174375706652
46 2.393672653171788
46 2.738581141106586
46 2.911049866074237
46 2.160271673203872
46 3.796906509827946
46 6.138366695392638
46 5.019342660106028
46 5.105510095278817
46 2.743507139333187
46 3.233595547130547
46 2.424960204217791
46 1.647136729112370
46 2.191440784118187
46 2.945483750695698
46 2.114346051263623
46 2.034897396695999
46 2.517395231168057
46 1.979418961082367
46 1.346668283977214
46 5.532413644588916
46 2.435322668785860
46 3.721127488789276
46 3.139754944712319
46 1.949645707210947
46 3.861533731804546
46 2.913889134316856
46 4.754688924476085
46 1.146780855351059
46 2.886003486357075
46 2.818149639050024
46 2.933324974698801
46 2.405436823369701
46 2.690995624689771
46 3.158448395619737
46 2.847304531722649
46 1.933297473323257
46 2.891676683334394
46 2.372391003226665
46 2.303472505823516
46 4.126879020047056
46 2.502107556512539
46 3.256649178280501
46 1.494227285322486
46 2.366820197158411
46 3.435656597000833
46 2.614794552282258
46 2.494096210145119
46 4.092793645258196
46 2.893147942231238
46 3.606337090568656
46 3.371275767558765
46 1.383478146515952
46 3.378070204069109
46 3.838675286622943
46 1.945361722448651
46 2.447361278890432
46 1.753363007077917
46 1.616036686677572
46 2.848996214296160
46 3.591348770187285
46 3.885534491776729
46 2.670259296175655
46 1.840403633095075
46 5.858049258966322
46 2.087153670114093
46 1.873781651575541
46 2.411718033832799
46 4.062115263704547
46 1.687085205864179
46 2.231081490687307
46 3.191999476777187
46 3.044292836900047
46 3.185766381104278
46 2.196864986630629
46 2.560161480229731
46 2.754460614446998
46 2.672728829197704
46 1.771886424301792
46 2.709454895908741
46 1.625768124267031
46 0.961628683674637
46 3.025110138717912
46 3.880006207941983
46 3.035027471797957
46 1.923743918085155
46 1.831644813754090
46 1.743033895600693
46 2.062516280065656
46 3.270361809236477
46 2.336762966457909
46 2.116377600623394
46 2.474160433892841
46 4.461655205359842
46 2.364369435126267
46 3.272398104012497
46 2.594528584389686
46 3.097627947186020
46 4.397192686991849
46 3.373381989323761
46 2.306439458378245
46 3.064340990102602
46 1.315171427364861
46 1.831990411749892
46 3.315392207914300
46 2.138410498568826
46 2.150231773716486
46 4.342548918178622
46 1.680177347973089
46 3.529927420164206
46 2.854694973933994
46 4.437513356840882
46 1.827232707530728
46 2.792253533341682
46 1.330563490153071
46 2.573397190408088
46 3.098369317255135
46 4.658280180101601
46 4.237701847177121
46 2.686217213575541
46 4.630921592196469
46 3.981851801037430
46 3.325948538677237
46 3.076982186154575
46 3.962822927607660
46 2.969457731130118
46 2.446181434752909
46 1.857980598894367
46 2.528052921724139
46 2.125535594332536
46 2.034673595880628
46 2.931233459062053
46 3.521474752060879
46 1.985819694147408
46 4.576327528738064
46 2.056237908982822
46 2.964936393982734
46 2.926433138398322
46 3.103054690048633
46 2.365081875501732
46 5.426865786799841
46 3.374357122523937
46 2.564857496566930
46 2.792776911059735
46 2.606056768872781
46 2.699583507529065
46 1.660388669282739
46 3.265978696307936
46 2.649954478319223
46 2.517820388033259
46 2.547393772261688
46 1.576142113386122
46 3.247334324809088
46 2.226447467437553
46 2.349105714940469
46 3.321336974253854
46 1.930743227853119
46 2.661432081320945
46 3.085460336895018
46 2.939258378308004
46 3.082737270829175
46 4.550505675901178
46 3.068884960736079
46 4.956398656746018
46 2.444449505440230
46 2.429581716429614
46 2.919046426769002
46 2.016827389282092
46 2.548571955009699
46 6.131694821758442
46 4.150595048111601
46 3.240933489080362
46 2.233302558810450
46 2.239665371034615
46 2.373275294236175
46 2.807391089630794
46 2.462465214704638
46 1.819044770221569
46 3.171047018291726
46 2.725247902495648
46 3.214978906476735
46 2.008556994010884
46 2.138296580559079
46 4.064703322505999
46 1.629561580477856
46 3.370608686079675
46 2.221760246981219
46 2.085609332918412
46 3.065428883841794
46 2.764969391870967
46 2.643601119552816
46 2.107558546842835
46 2.027516972660134
46 3.690126398276808
46 2.677029166739049
46 4.470643084541875
46 3.020588603868091
46 1.835645522839840
46 3.566308744634519
46 2.149948866383850
46 4.870449843692781
46 3.511579866960995
46 2.695497354664081
46 2.215075478183848
46 2.954174045952790
46 1.797534813294353
46 2.955851834815407
46 3.220856868581859
46 1.636562807184453
46 4.204935915918004
46 2.947724528258175
46 1.986989800213975
46 1.404774596867778
46 4.570278500728573
46 2.607327249035421
46 4.440360978382483
46 2.260722637237169
46 4.098043626459335
46 2.792671637716615
46 1.621441876429619
46 3.058018932206397
46 6.689624184885403
46 3.955059576202748
46 5.369623415898285
46 2.513820868205773
46 4.813801602298346
46 2.710440814276532
46 2.933374062899922
46 4.459320119619584
46 2.892055167716705
46 2.965351422797160
46 2.827009840193146
46 1.875954388943015
46 3.045471946672038
46 2.508066575009501
46 2.734345068520224
46 3.066930657436449
46 3.340755103871851
46 3.282787719168536
46 2.108546114891573
46 2.044419932177801
46 3.236921189709630
46 4.491134813760870
46 4.545152320013977
46 2.471751386437723
46 2.682330496616952
46 1.611170782264526
46 1.929962458499674
46 1.880907703117755
46 4.251831259498728
46 2.914115782966540
46 1.973107664283563
46 3.734026852810181
46 1.772376945653078
46 2.159281329508917
46 2.876147506199237
46 3.042720379903921
46 2.717684016358455
46 1.963325254490811
46 3.605821164965695
46 1.889517056551473
46 2.472964714317270
46 2.736763083129781
46 1.877240776526550
46 2.588568025489177
46 2.869593055829762
46 5.237181490382406
46 3.126630074039988
46 3.298763330522347
46 2.853304964468684
46 4.702039426721159
46 2.881443222549404
46 3.455411558559853
46 1.544807615020368
46 6.350118267522650
46 3.054803602851690
46 4.544284405209163
46 2.867037816901066
46 2.571962428030420
46 2.072009026872769
46 3.007982907814467
46 1.785979974083428
46 2.275082889250347
46 1.846078084049518
46 2.203480885006646
46 2.830845672364435
46 2.376789860510296
46 2.626497997147657
46 2.689551414576590
46 2.950273521876658
46 2.537167447423911
46 2.032588489341379
46 2.261452671048050
46 1.329327781223767
46 2.855547812825198
46 4.348654363176072
46 2.523625145511453
46 1.689824925794756
46 3.911183055981291
46 3.628384327431545
46 4.160479355057321
46 2.729128106005394
46 1.530563898072111
46 1.461638995334969
46 3.082551848684187
46 2.969025476778130
46 2.368922606951820
46 2.033693385794851
46 4.319603997072688
46 2.321306415519309
46 3.912277279760749
46 1.718453135261398
46 3.682571322867288
46 3.504267827032626
46 3.158900527255705
46 2.487391912757234
46 4.931599199716262
46 2.196174978888530
46 2.109072770518501
46 1.802878176313684
46 4.468579280191270
46 4.125433261455696
46 2.120795129337363
46 2.973520616100984
46 1.815609247462273
46 3.828819727862171
46 2.070693736750559
46 3.064449972666103
46 2.161839309867551
46 2.171574778259412
46 1.805200246418045
46 4.598300797339455
46 3.068625938763424
46 3.158779128193113
46 1.563819172760673
46 2.527339163893213
46 3.185431861810742
46 2.800897199512128
46 2.954879023409814
46 3.116914976636057
46 2.423188543935194
46 1.998450644866990
46 5.515628997642947
46 2.438656470362486
46 4.555105742535106
46 1.738748571809510
46 1.786481698398485
