10 0.015078377560234
10 0.016535425360714
10 0.014116153527392
10 0.024712446015937
10 0.023174714521467
10 0.016064199814850
10 0.021546620659449
10 0.007737819031141
10 0.024648644135235
10 0.018402186376510
10 0.012886370366914
10 0.024434338083659
10 0.022417018957192
10 0.015775148144356
10 0.021666892297550
10 0.015172966839307
10 0.030083261794607
10 0.019567231739487
10 0.017347931150806
10 0.011778297819463
10 0.022542016708761
10 0.017663207740703
10 0.011402570405639
10 0.019689159995281
10 0.013268345730588
10 0.023723976639849
10 0.025883327342729
10 0.016271983680402
10 0.007965445770486
10 0.021825327909098
10 0.013892288343119
10 0.019558510465548
10 0.016005587268990
10 0.021866222384519
10 0.016699661694770
10 0.016500016513546
10 0.009428475990432
10 0.012243308886756
10 0.010185930019889
10 0.015906837287176
10 0.012366037649624
10 0.021430615901295
10 0.028637956770891
10 0.012238410118273
10 0.012444794831101
10 0.015307017483195
10 0.022163288868480
10 0.009704148013612
10 0.013641786448503
10 0.012948499587927
10 0.012850861239863
10 0.021003024376244
10 0.012707196245367
10 0.010972675733082
10 0.019826708255564
10 0.017857523960948
10 0.020258133921384
10 0.016869310294979
10 0.016333654246625
10 0.012743938899288
10 0.012868467204174
10 0.013420240347163
10 0.016446381557630
10 0.012802936123758
10 0.016559016046426
10 0.043050121285431
10 0.010194009096426
10 0.017336510606445
10 0.014270980738825
10 0.013927726848078
10 0.023152497234165
10 0.018942724246343
10 0.014466936585676
10 0.028430506212992
10 0.014037488896142
10 0.018827829676185
10 0.016601010048520
10 0.023309706064385
10 0.013436618798595
10 0.022011862984780
10 0.012906941889574
10 0.019726681867270
10 0.021694159656543
10 0.010229643956022
10 0.020745003054547
10 0.021753027045065
10 0.026288079494133
10 0.014127466088974
10 0.024658522309907
10 0.016321666163740
10 0.033705738187960
10 0.023357844873583
10 0.008932543352924
10 0.021754730435672
10 0.020561908195873
10 0.010931911075087
10 0.029780258484544
10 0.023059530037176
10 0.024459205747605
10 0.009834905676426
10 0.021104693472901
10 0.031947771495573
10 0.015427004323164
10 0.023589516697891
10 0.012804610364747
10 0.011145176775966
10 0.021352311020845
10 0.013702435946482
10 0.011346047306818
10 0.012643915350058
10 0.011598129730461
10 0.012319351036819
10 0.010366794660892
10 0.017170923014769
10 0.012384662294471
10 0.038577635166485
10 0.016598267209946
10 0.019414923512953
10 0.024016363862063
10 0.025475681275736
10 0.024124153827077
10 0.030037253740958
10 0.015705980442911
10 0.013510300122772
10 0.011273079588630
10 0.019448583706627
10 0.016493113300864
10 0.012521431688882
10 0.036482860205277
10 0.012906629405169
10 0.017607514710916
10 0.015858687476651
10 0.015966088334322
10 0.022897249795923
10 0.015890215889690
10 0.027612823945794
10 0.018152018666656
10 0.014532070056166
10 0.030919412524879
10 0.013130934324216
10 0.011237237140983
10 0.023444226893291
10 0.026098036139780
10 0.013102192273664
10 0.022159740444062
10 0.016750414804260
10 0.011809853966902
10 0.030551134570378
10 0.019394669823905
10 0.018135851658482
10 0.017123861774772
10 0.023945150391282
10 0.015062208575891
10 0.017795789982629
10 0.017637756659963
10 0.036853452735450
10 0.013926298893061
10 0.019858034361343
10 0.027032632308248
10 0.011156893628293
10 0.014537247275886
10 0.021739067360228
10 0.016936048777352
10 0.016506182855871
10 0.012436725198576
10 0.020551866338100
10 0.022106749150237
10 0.021457690811644
10 0.019043771975500
10 0.014474387591861
10 0.009639492865544
10 0.025051920783040
10 0.015699669924224
10 0.016557013342874
10 0.023079917482732
10 0.023860066340263
10 0.018637253795925
10 0.036860213937321
10 0.009119074353037
10 0.010591906719773
10 0.010235931099379
10 0.011467615772350
10 0.020674002631097
10 0.034854563181141
10 0.018435394378646
10 0.020126065320905
10 0.010067078237128
10 0.015531224468174
10 0.014969640728785
10 0.019052834883313
10 0.030134960763281
10 0.021469922818665
10 0.021390675135198
10 0.016387162724865
10 0.022755955745463
10 0.017492646865571
10 0.009411522664693
10 0.022695584356155
10 0.017045121340079
10 0.034507345251522
10 0.022982188664584
10 0.011579032168616
10 0.023058100585741
10 0.030794231530674
10 0.016660107289553
10 0.019296953473171
10 0.014533213289473
10 0.018046258811705
10 0.012084600285465
10 0.012554797600014
10 0.023157549665525
10 0.019103750480910
10 0.014923651097387
10 0.011343636149284
10 0.018776790231801
10 0.016637961775490
10 0.033132509420658
10 0.011686024568678
10 0.020411009575801
10 0.015896913245275
10 0.027545828955725
10 0.015877610530269
10 0.017631525533839
10 0.014420474836073
10 0.022120660614229
10 0.021293554421159
10 0.014894626016833
10 0.013920012596320
10 0.020630866899546
10 0.017353380422913
10 0.012632997378867
10 0.021190473580573
10 0.016189738489646
10 0.009779913704524
10 0.014322001029325
10 0.012988805221689
10 0.017018056725096
10 0.028944883206875
10 0.021282201676663
10 0.019514832683970
10 0.014272516780813
10 0.032259617223995
10 0.013215402787490
10 0.011292809734764
10 0.023187100234219
10 0.018726158504652
10 0.013810213378401
10 0.022389661176557
10 0.032133858217636
10 0.025703968445824
10 0.012884436508098
10 0.008527435193454
10 0.015605030496428
10 0.017873473017268
10 0.025244839721727
10 0.019839259809435
10 0.016808460588399
10 0.017680872762510
10 0.013035703603567
10 0.021376022518858
10 0.021526473564164
10 0.024531280257387
10 0.028448262097354
10 0.015885477202861
10 0.012611380224765
10 0.017995389869005
10 0.017572641591991
10 0.013543174947957
10 0.014686291349423
10 0.012363722154392
10 0.009882222265723
10 0.014516723556213
10 0.011254619841085
10 0.015185216880646
10 0.026688610471030
10 0.015948451666534
10 0.013108851519157
10 0.013978651642879
10 0.019807193234327
10 0.016268824178800
10 0.032024272660505
10 0.012477543866276
10 0.011661469519571
10 0.012923857095709
10 0.014274369414039
10 0.023829015335652
10 0.016399647775266
10 0.016215484783463
10 0.019189405998508
10 0.015079361606016
10 0.026740972371930
10 0.008788857489854
10 0.014017253581072
10 0.017253208047026
10 0.032071066302672
10 0.010977845589818
10 0.028662251192546
10 0.019364181494987
10 0.021005430002103
10 0.010748269782391
10 0.021745308633345
10 0.013759013913335
10 0.013779271726632
10 0.017019085558604
10 0.018917904731084
10 0.015481817541148
10 0.017619913446435
10 0.017140076914826
10 0.013201420005103
10 0.037393386345067
10 0.011443780422900
10 0.019388704835185
10 0.017400208225851
10 0.011484912934751
10 0.019506521581284
10 0.020526073258978
10 0.022218312876998
10 0.021472751394292
10 0.020995672354736
10 0.017515793656942
10 0.014887987037636
10 0.034142061530601
10 0.010372522772119
10 0.020843805026491
10 0.010266524932940
10 0.030484527101976
10 0.025362452370395
10 0.012852836122083
10 0.019175221351272
10 0.017978905013610
10 0.024353230220242
10 0.028819422282522
10 0.021520830213897
10 0.016906413933621
10 0.012785322633878
10 0.026520052261704
10 0.009695647426767
10 0.016338443661150
10 0.017881516837204
10 0.012051735607283
10 0.011122377777565
10 0.027990562470012
10 0.014762814504075
10 0.012533203924048
10 0.016927662862370
10 0.013430799446694
10 0.024570124653156
10 0.016919557007773
10 0.018081827984565
10 0.019775527620089
10 0.016662079410858
10 0.015239122349888
10 0.012871095704046
10 0.016837763924818
10 0.029347360991235
10 0.015103256026971
10 0.013372524026013
10 0.026839006653325
10 0.011951488424774
10 0.013943410074771
10 0.016158840676736
10 0.017845636471022
10 0.013674294642503
10 0.012526857421035
10 0.017937742613265
10 0.017723469269208
10 0.013231433556804
10 0.021007897337188
10 0.016758755851022
10 0.011446068377357
10 0.022897261759835
10 0.029535387020813
10 0.013240111849396
10 0.015286873865900
10 0.009405271881503
10 0.012128260433684
10 0.016648813315206
10 0.015242485336729
10 0.012232233160834
10 0.016807343645790
10 0.021231763796471
10 0.024280224962764
10 0.013156265570975
10 0.031574342346996
10 0.026386858087547
10 0.010003276199559
10 0.030018350765707
10 0.016785049375493
10 0.016812731420387
10 0.011672493327735
10 0.015725736285959
10 0.007385758995264
10 0.024151204007208
10 0.030292409863895
10 0.012926393978500
10 0.020599772485335
10 0.021999628971897
10 0.008153764782757
10 0.019314661275403
10 0.024946444345393
10 0.017660746919457
10 0.012813661503085
10 0.023038120796874
10 0.018328790969068
10 0.019087039933761
10 0.024144151061696
10 0.009811981643453
10 0.010360110794668
10 0.022805841506412
10 0.012145475972368
10 0.021989657732958
10 0.018397860815199
10 0.025290282839639
10 0.027099935946758
10 0.013213689445327
10 0.012661932569373
10 0.008801102537029
10 0.022116985586616
10 0.016277367872960
10 0.019540525669609
10 0.022854096585865
10 0.011448287796312
10 0.017223610291413
10 0.017945925390879
10 0.016718177883762
10 0.018879844114706
10 0.007868109849346
10 0.014157210692317
10 0.011635426675801
10 0.015703463243573
10 0.013870011550497
10 0.016743572820391
10 0.021650943449722
10 0.019200607510374
10 0.036313311562058
10 0.012370212078060
10 0.022670972018162
10 0.026114749334091
10 0.025190960049189
10 0.006371446521952
10 0.018940002407507
10 0.031938504129648
10 0.011743788433899
10 0.011499666827912
10 0.022484118602151
10 0.027291965683405
10 0.017285383182645
10 0.018017243055536
10 0.021689912925644
10 0.019965384535609
10 0.021905091103729
10 0.014928902543067
10 0.017572443781482
10 0.013890889909444
10 0.013477255212156
10 0.021160703665361
10 0.034887204627005
10 0.016090926978479
10 0.020326113211967
10 0.014815009611392
10 0.023638984839284
10 0.017642745246441
10 0.012615117224070
10 0.017650767425444
10 0.028043040453202
10 0.021838574667589
10 0.014346576802548
10 0.015510107032106
10 0.011949976410497
10 0.022150469216002
10 0.020759998089576
10 0.022140374956995
10 0.013372911392057
10 0.026822550383791
10 0.025200493633497
10 0.026034876098217
10 0.015893490945315
10 0.020790679074475
10 0.013426202316256
10 0.016319130183151
10 0.011958885391338
10 0.033243687282157
10 0.010454412107604
10 0.019121889484977
10 0.013869201729511
10 0.011806267587346
10 0.009991805410925
10 0.012807605433215
10 0.018508672530340
10 0.014709489789025
10 0.025868146471492
10 0.015253459741845
10 0.016126212996476
10 0.018008542220100
10 0.028990157306417
10 0.009057920820598
10 0.014038418183886
10 0.025459722131354
10 0.019149000714050
10 0.021761916444456
16 0.051232481739066
16 0.136947431278101
16 0.126913857978209
16 0.118851164173905
16 0.184069559793839
16 0.147966196130721
16 0.070859999796722
16 0.069304598586748
16 0.176767707805700
16 0.125958852353379
16 0.105327664944036
16 0.062290533024046
16 0.066959570262162
16 0.064816121945107
16 0.090845307723934
16 0.166892296429998
16 0.136444766767300
16 0.079248656212113
16 0.115929787449272
16 0.074888122473198
16 0.096073246164195
16 0.082372570227742
16 0.105203639644827
16 0.132911356039737
16 0.177618833765092
16 0.131421635594570
16 0.087995820380486
16 0.115786147828115
16 0.071742549325159
16 0.179193332594195
16 0.071126578949482
16 0.120594138479753
16 0.075221338474258
16 0.093162010441875
16 0.066206922897479
16 0.044565027062229
16 0.156174640759134
16 0.082921859337810
16 0.084692241448100
16 0.151558162214584
16 0.080350255799157
16 0.173206108628680
16 0.086606233068153
16 0.147933697191052
16 0.170375049865366
16 0.099019381016460
16 0.113571251855180
16 0.094568793610574
16 0.082394952032321
16 0.112697698193140
16 0.124584383577426
16 0.100469138961254
16 0.069074248015490
16 0.117362051718818
16 0.049312882940002
16 0.077483054822739
16 0.073585914466469
16 0.169064288926992
16 0.117891072440819
16 0.073465116172397
16 0.072141675765082
16 0.057244361836520
16 0.079093459048484
16 0.083932535667341
16 0.093109472733145
16 0.116462519552490
16 0.207325204477118
16 0.195808786090042
16 0.069929260400764
16 0.148972735515948
16 0.077368986673748
16 0.098373787408339
16 0.143342518238177
16 0.088629241102985
16 0.083677315116972
16 0.153461353051956
16 0.068773281671059
16 0.115685135349210
16 0.118578221486377
16 0.088461241029800
16 0.097688037702491
16 0.108815624471161
16 0.059747651517198
16 0.062182168011096
16 0.080573520783203
16 0.114468574340667
16 0.125800879023738
16 0.085765246993562
16 0.108400397835312
16 0.101687192527468
16 0.083668568770911
16 0.101137970627316
16 0.204899695506203
16 0.086223348602217
16 0.079348669984392
16 0.112187850073778
16 0.100154291464848
16 0.150500562131350
16 0.105574107608407
16 0.072791821376882
16 0.064093476721136
16 0.137375873720585
16 0.182722762165303
16 0.113699808264586
16 0.211619290233033
16 0.076311148450721
16 0.136929894573845
16 0.110834285039747
16 0.061965000285417
16 0.071603231586220
16 0.154706609710703
16 0.075989348173493
16 0.060261852317790
16 0.088708642184525
16 0.158919050289052
16 0.139429457033210
16 0.094991966735460
16 0.116736744839373
16 0.076591483926541
16 0.075695637819645
16 0.138442734337342
16 0.098161560641960
16 0.112868942273968
16 0.073089621972149
16 0.099669100837346
16 0.136470379753615
16 0.067055067244810
16 0.130721847440950
16 0.067742927441319
16 0.091871233140070
16 0.058242278776703
16 0.077889502881290
16 0.075764286685489
16 0.121266012092050
16 0.166608058349655
16 0.070758673905921
16 0.101648175391349
16 0.059228362070651
16 0.103029885084724
16 0.089132339597440
16 0.170528608400562
16 0.049083236082584
16 0.136857667531416
16 0.064483452770839
16 0.050369042176140
16 0.161563309400639
16 0.173522092779463
16 0.091388390127823
16 0.138741388024575
16 0.079159755273308
16 0.134184651691212
16 0.094721363445085
16 0.077013089966824
16 0.133747944081332
16 0.100207441716416
16 0.091495125007185
16 0.066765551024107
16 0.160383844061665
16 0.063120920662460
16 0.061424045989423
16 0.120617260192593
16 0.134517831865167
16 0.074971771029982
16 0.085448478600175
16 0.072101778574192
16 0.086536285585156
16 0.094059543052907
16 0.132059062982546
16 0.093995247713096
16 0.167461852031574
16 0.108341683949202
16 0.141698855460872
16 0.127719740438669
16 0.110290314134507
16 0.095973116556380
16 0.127961154941290
16 0.100399155532090
16 0.158512693393594
16 0.086153228494263
16 0.139001204383070
16 0.146418705957655
16 0.084070938322255
16 0.093398073984905
16 0.112082329098078
16 0.115474504500423
16 0.110347607215087
16 0.097053303777914
16 0.074864843182271
16 0.088615733176237
16 0.150011534208024
16 0.126621372828157
16 0.121178870552269
16 0.084607366264188
16 0.069603776729677
16 0.067800155233058
16 0.103266937536931
16 0.177192549296846
16 0.106850483261769
16 0.086015059663072
16 0.058672057149549
16 0.127269413619117
16 0.067971807284868
16 0.133406147254592
16 0.115011148417036
16 0.182741396338120
16 0.157748517487123
16 0.054243863808236
16 0.062389497882274
16 0.128211502786114
16 0.083554038065780
16 0.087941577123766
16 0.056201088190520
16 0.179809078996495
16 0.101308631919311
16 0.051899604127583
16 0.151065190083701
16 0.053756492405185
16 0.135111390036788
16 0.092890699376499
16 0.061059303908357
16 0.125248147937649
16 0.071323506903230
16 0.122183723507989
16 0.136039976456926
16 0.060169804394438
16 0.070691336666868
16 0.106848783230716
16 0.110909466135549
16 0.069063163671806
16 0.068387755445235
16 0.131496067144825
16 0.081201599768935
16 0.108524785321274
16 0.134785693877154
16 0.071801198078250
16 0.073646594290066
16 0.087367438175081
16 0.069827911069684
16 0.089570709321172
16 0.072292801070144
16 0.155062866877366
16 0.094275848058568
16 0.103129973222015
16 0.129817807194118
16 0.103600023206993
16 0.118738021302576
16 0.146574589801827
16 0.086703618851163
16 0.119057437799980
16 0.075256413133615
16 0.091667886636679
16 0.094711389722527
16 0.061854373580434
16 0.212781922822611
16 0.082668019521703
16 0.117996442024837
16 0.182081042157360
16 0.058950970703416
16 0.060868311050857
16 0.067815183893826
16 0.108764496334346
16 0.139552763269882
16 0.115671465031824
16 0.084455662393520
16 0.113960399418407
16 0.095720598793981
16 0.077560135378365
16 0.070650371539943
16 0.108787264468219
16 0.061543106365585
16 0.107858349789887
16 0.154350220897688
16 0.080939079624123
16 0.120060592648047
16 0.067269544328214
16 0.235284947596340
16 0.084741365262178
16 0.124073219612509
16 0.075804155910180
16 0.120063566167378
16 0.065449677081100
16 0.125989912024490
16 0.061348323493609
16 0.069821769166373
16 0.101466081333631
16 0.070990732591898
16 0.080215676246755
16 0.088557978530226
16 0.075072372419422
16 0.092685419722316
16 0.162500608472394
16 0.076148998896682
16 0.072437700413246
16 0.154001529954900
16 0.133745755006939
16 0.094691101472323
16 0.070406013041467
16 0.115667670390873
16 0.073802155622373
16 0.073924997418342
16 0.111639731827918
16 0.117966383910213
16 0.061658581388459
16 0.097305127121671
16 0.094512474076756
16 0.106237904368344
16 0.111333483681105
16 0.101850656058951
16 0.070923509374630
16 0.084591376069779
16 0.110711768954248
16 0.091156518864328
16 0.097673190287542
16 0.146649798596298
16 0.105356738214868
16 0.071223141373817
16 0.102948520657631
16 0.099416157667361
16 0.096123005547913
16 0.076515479404345
16 0.098599900109044
16 0.089149937186700
16 0.052122947588584
16 0.115367130096077
16 0.107525653263474
16 0.085022052435195
16 0.102357640706348
16 0.095713540192607
16 0.054806646186169
16 0.081063032850249
16 0.113067482609081
16 0.094847984398128
16 0.139962354975341
16 0.139843866195195
16 0.102568659405221
16 0.209714571323979
16 0.092867744308669
16 0.098693232709569
16 0.054847598573297
16 0.082768190437048
16 0.173054780601200
16 0.097535823285052
16 0.146164092927763
16 0.101186366270102
16 0.080182624978012
16 0.066710118253027
16 0.091402486722575
16 0.049584446274960
16 0.073738327813857
16 0.117967708691841
16 0.079432016594287
16 0.109350618661430
16 0.090165235630330
16 0.088707395852654
16 0.072895223973991
16 0.076561818091715
16 0.175676598412256
16 0.114656218816529
16 0.079052643881553
16 0.087886075052084
16 0.107931950952795
16 0.150907388219429
16 0.093077704135816
16 0.106671648572469
16 0.073767247379641
16 0.162742943511135
16 0.077465752605029
16 0.124205821447252
16 0.074352067687040
16 0.170720862661806
16 0.077651738279387
16 0.116235135920170
16 0.119175999151792
16 0.069264492755978
16 0.093117391243437
16 0.064468045196740
16 0.055271690426787
16 0.127810151353232
16 0.115076785301059
16 0.099719168807830
16 0.083827803023230
16 0.093874217075568
16 0.180618800518882
16 0.102554373047948
16 0.181520520132786
16 0.103001052342968
16 0.099412585537327
16 0.069496571778907
16 0.078217170128887
16 0.148569219044734
16 0.197470921886167
16 0.070745821692662
16 0.080674833294935
16 0.097002182624995
16 0.247660074070451
16 0.045711903176861
16 0.098881954478433
16 0.145196658987871
16 0.141058098302442
16 0.121321959336345
16 0.093141952968346
16 0.126008139238820
16 0.100774635238613
16 0.075350973462643
16 0.075259671103802
16 0.158032293442143
16 0.089664445954577
16 0.104562869912557
16 0.073492082904342
16 0.145138539202046
16 0.077541244511846
16 0.104242129891915
16 0.085380467539311
16 0.094103893538928
16 0.085519322728761
16 0.095269732293611
16 0.126009771126691
16 0.114383969443406
16 0.107251922936200
16 0.134647271783400
16 0.140307034323406
16 0.125406628494401
16 0.078780261188376
16 0.130080511856698
16 0.089852909704487
16 0.082852268215389
16 0.230598206251379
16 0.089242351580302
16 0.083421013574951
16 0.131433648834704
16 0.098674679442248
16 0.093190743839924
16 0.070931892580557
16 0.080436317836014
16 0.093998884219501
16 0.068381512880544
16 0.091504907562626
16 0.080291612477616
16 0.069211544972214
16 0.090508430385427
16 0.100097155617556
16 0.081089178942712
16 0.113859790979376
16 0.082274568598405
16 0.057613475403019
16 0.172713743586705
16 0.107234240253625
16 0.053356771095850
16 0.236380623561238
16 0.132184334855626
16 0.125059933342238
16 0.114870268080535
16 0.110956084872422
16 0.197088192958378
16 0.067935521497768
16 0.064461569870533
16 0.147516985649315
16 0.143098831003894
16 0.088651342349923
16 0.069840753480440
16 0.065325882164535
16 0.116585706252310
16 0.098907870339620
16 0.076359896908210
16 0.129912514113627
16 0.080679568267501
16 0.098146854544473
16 0.093668860824207
16 0.116195244089110
16 0.080852673172313
16 0.045910150372089
16 0.091932673261867
16 0.072827942505730
16 0.114160020170114
16 0.142327294648472
16 0.082844662605303
16 0.064689274241756
16 0.123460141232879
16 0.149231755821203
16 0.080893457376536
16 0.088816537521099
16 0.081604405500152
16 0.098088507722753
16 0.084231975102154
16 0.092236379770158
16 0.099426587303179
16 0.188738529844698
16 0.057265945811725
16 0.061324160261231
16 0.084950239565504
16 0.100351378294993
16 0.075383071268165
16 0.080096035503500
16 0.169001051561982
16 0.080469293342861
16 0.126299170712474
16 0.083939601989940
16 0.111814351652512
16 0.067109177065836
16 0.162569273748316
22 0.440844977223515
22 0.355327550860733
22 0.286816476122640
22 0.375515338274134
22 0.364740270024468
22 0.199201799537135
22 0.416713308252348
22 0.423518022497723
22 0.312427828712974
22 0.181001017954903
22 0.298567122433330
22 0.398074169580234
22 0.320561880534594
22 0.246178273039794
22 0.299405042834604
22 0.397361237676944
22 0.296751734281647
22 0.534115769205001
22 0.274501285985359
22 0.202147866781562
22 0.558038116533393
22 0.374061065062455
22 0.554953568569736
22 0.276005723965234
22 0.211865912054951
22 0.318491720321022
22 0.306404911059833
22 0.218890865991274
22 0.296793170407591
22 0.314351981436850
22 0.249313030999615
22 0.337691541647315
22 0.358064811594744
22 0.229920394932380
22 0.472489848806622
22 0.377627284274003
22 0.162184709764612
22 0.330250188434333
22 0.235174249826267
22 0.257820336605080
22 0.245144784630460
22 0.344911424942785
22 0.186257540426851
22 0.414626264192565
22 0.155446002293942
22 0.181954858719312
22 0.465831860220075
22 0.452954713183767
22 0.399581421535472
22 0.134129995832437
22 0.242186533319606
22 0.432427530018343
22 0.167787689733510
22 0.419768023553101
22 0.379319339625698
22 0.298222275655304
22 0.194128456017673
22 0.311228196097829
22 0.490196767239851
22 0.208995447288383
22 0.509132719237686
22 0.481009321927430
22 0.295616619821356
22 0.231136316903523
22 0.271793725739442
22 0.265538067740101
22 0.141931214622721
22 0.604394369475673
22 0.263354130668007
22 0.172549283265680
22 0.198641112457314
22 0.317990700000991
22 0.219745323614844
22 0.192234647452628
22 0.183259651088336
22 0.369820135563311
22 0.653063440074276
22 0.381009375649709
22 0.307708129596072
22 0.504312081625835
22 0.380666780496476
22 0.239040863497956
22 0.188346325868844
22 0.195806876113134
22 0.266749943572431
22 0.137085551993867
22 0.366193242502007
22 0.521489909645585
22 0.486412930185322
22 0.476086191741467
22 0.279880937728564
22 0.281659776226806
22 0.230051853379249
22 0.313775715533889
22 0.162999666420998
22 0.400114245640204
22 0.327220076110445
22 0.264320439829278
22 0.174535296746211
22 0.475421807582206
22 0.189339175647251
22 0.345243486878315
22 0.375533744839681
22 0.188052732188098
22 0.131030829279814
22 0.182695212245093
22 0.766249055554161
22 0.186146589487504
22 0.214731630063951
22 0.340765406584711
22 0.249752285804683
22 0.274737222961865
22 0.159380310948064
22 0.842528371676167
22 0.277476208513282
22 0.359588160740442
22 0.270769647445772
22 0.238277872408696
22 0.228459710447439
22 0.288831603444649
22 0.402629117694876
22 0.244164813908351
22 0.287007943243986
22 0.468103323157702
22 0.437162635643744
22 0.270139894639645
22 0.345099412358942
22 0.303782017823410
22 0.207397730011442
22 0.270470572230093
22 0.247148688091833
22 0.264269130211370
22 0.230276432627365
22 0.307329006190836
22 0.311117434970108
22 0.365433778018181
22 0.317514567138331
22 0.462211159001657
22 0.329933782667593
22 0.303334540738357
22 0.310311039792994
22 0.261182057537189
22 0.472377445907525
22 0.215684047297965
22 0.301141538779207
22 0.277625709734671
22 0.218499436009989
22 0.528997087745402
22 0.188504881399048
22 0.518494913114266
22 0.321879783610450
22 0.184792915769667
22 0.274296672212009
22 0.249631885057821
22 0.252178471554028
22 0.372905982518084
22 0.300548701307155
22 0.385212920273955
22 0.284946782423516
22 0.266261218086183
22 0.220346798021900
22 0.454053257885604
22 0.391549099119168
22 0.249488927826864
22 0.466797934212146
22 0.216445052890329
22 0.336756425294963
22 0.243017307697260
22 0.293826071216764
22 0.196744493031716
22 0.288955289412076
22 0.408864231717214
22 0.347172864018069
22 0.358953756149546
22 0.632664927750143
22 0.396934949378085
22 0.205290071795742
22 0.268005146263143
22 0.183475904840156
22 0.286244457121053
22 0.219377588070034
22 0.247932833855732
22 0.408366594304236
22 0.482997298161011
22 0.430875175865989
22 0.492844236286226
22 0.191755878303117
22 0.361046698655203
22 0.351474788150209
22 0.215557624389684
22 0.214777105028946
22 0.237739161970484
22 0.306026664649228
22 0.247961882321151
22 0.275781370535868
22 0.388776989959694
22 0.337656649500465
22 0.359522766854029
22 0.460022747797031
22 0.240091248770855
22 0.425486918344954
22 0.329803867910553
22 0.405775840907709
22 0.334864530732900
22 0.464466674922122
22 0.281228609603198
22 0.271074657731370
22 0.334336286134381
22 0.210338992658317
22 0.419878204031075
22 0.176577676053945
22 0.284127476037846
22 0.326450847672125
22 0.270733396232854
22 0.177456993865934
22 0.337069860484151
22 0.506026568353300
22 0.329916951398026
22 0.241758155889764
22 0.288968683937746
22 0.335175471526947
22 0.202079344389542
22 0.217151314114652
22 0.303801452247112
22 0.199969685417472
22 0.321720234832511
22 0.357045370502696
22 0.423553457040773
22 0.363393390813830
22 0.211090554060191
22 0.211897050804044
22 0.212140911451092
22 0.190024118841133
22 0.597988969775960
22 0.335559378403017
22 0.367113030290472
22 0.450372085311720
22 0.664299482537348
22 0.186769907759723
22 0.265560463010402
22 0.233545264563343
22 0.450640415552421
22 0.391431630490020
22 0.281580824789170
22 0.283361646775993
22 0.391902072709947
22 0.190590151967460
22 0.305958181215631
22 0.264304526083480
22 0.354636522840601
22 0.292906882940930
22 0.157991289222962
22 0.217977307167864
22 0.347199581222197
22 0.475055282476128
22 0.468308345725666
22 0.263917679934525
22 0.247574207761275
22 0.454940774512072
22 0.157349346003720
22 0.407412187988578
22 0.322738187833195
22 0.416495937073420
22 0.261654746148471
22 0.307109616060978
22 0.212910219426316
22 0.278080218967523
22 0.171189127738398
22 0.302475542982828
22 0.261550139306602
22 0.239636453914546
22 0.337721380718479
22 0.151708641981291
22 0.330810945215400
22 0.166655367887608
22 0.214500921385170
22 0.410266357384706
22 0.240402555216716
22 0.190572714133306
22 0.386212704899423
22 0.392577793023303
22 0.422898223653437
22 0.281676963316388
22 0.208907940583465
22 0.211796548555675
22 0.426779748528898
22 0.329965113635311
22 0.407797194042284
22 0.238278165079817
22 0.217082813944644
22 0.171771738349034
22 0.347712713117247
22 0.241465896626960
22 0.444429980602203
22 0.540577887800546
22 0.302986201080311
22 0.381999996930572
22 0.298590512266421
22 0.304500144267274
22 0.442524329546417
22 0.182551070073978
22 0.220153461024754
22 0.388004950044338
22 0.251369677244441
22 0.385776245207825
22 0.165049507217647
22 0.252233624283298
22 0.330847186278355
22 0.322336969618862
22 0.652649133226301
22 0.408650370918743
22 0.302118807396604
22 0.160905211115515
22 0.221291808961834
22 0.249028531107347
22 0.457987787869961
22 0.293570273715429
22 0.148711100007191
22 0.316072178095804
22 0.282690877253908
22 0.297893999403354
22 0.455310127943741
22 0.208680240870337
22 0.510826036111632
22 0.252937068915990
22 0.389527867958524
22 0.262665573101958
22 0.219210569053034
22 0.385320805969503
22 0.507855855023842
22 0.387687532668066
22 0.476836239860760
22 0.221915697438153
22 0.451938349933483
22 0.298508557522123
22 0.250708023323913
22 0.459437070282378
22 0.511259803960032
22 0.398685529764770
22 0.298727539042622
22 0.233099048475042
22 0.482579888246564
22 0.561329626422521
22 0.361794118986588
22 0.195583154108185
22 0.351762998557340
22 0.325106650614500
22 0.321025504236325
22 0.248591782846068
22 0.427494376118926
22 0.243754287465791
22 0.339338523676170
22 0.178217338981758
22 0.388552602779174
22 0.343924752573594
22 0.380553740603485
22 0.310129994818832
22 0.306041329656936
22 0.295721987423723
22 0.156384423174508
22 0.213586351102187
22 0.323305919668722
22 0.212538479731249
22 0.193893426864761
22 0.306840144500542
22 0.267539202634527
22 0.235050204432709
22 0.265111444922712
22 0.648911808526232
22 0.190267874472582
22 0.365097536740210
22 0.326646522704842
22 0.287946315586265
22 0.319409753442691
22 0.302552544363974
22 0.592082840420999
22 0.416391523970086
22 0.215401305660592
22 0.280429838660954
22 0.327989929977207
22 0.338923884014901
22 0.270107523966467
22 0.250532309854737
22 0.372809714237410
22 0.226395710492967
22 0.233377843432375
22 0.169024911689384
22 0.281108212600258
22 0.422167825671959
22 0.325251151081745
22 0.188245543638946
22 0.384158544304874
22 0.190035673793785
22 0.176468068018647
22 0.247704166363858
22 0.266550682479720
22 0.184379706280219
22 0.193151263172417
22 0.214243056345381
22 0.283182421918764
22 0.216543002577761
22 0.194101009869105
22 0.349320587495502
22 0.412014746223942
22 0.306319920540015
22 0.375375730396900
22 0.334457891496049
22 0.196299427868658
22 0.250121842349670
22 0.303080856185205
22 0.448438141030547
22 0.352587159494196
22 0.200441446779623
22 0.284751667886622
22 0.482031652532093
22 0.235399163431815
22 0.322208177010511
22 0.371944772012712
22 0.522125161743151
22 0.290726725082614
22 0.347937757413578
22 0.327538542743545
22 0.159784252454187
22 0.234073081685600
22 0.354995952701146
22 0.265261202971940
22 0.281389133792138
22 0.269759474990675
22 0.517376518440600
22 0.348829217742571
22 0.265782451782894
22 0.486731712266623
22 0.238445629768870
22 0.301679822162647
22 0.175365933175060
22 0.294156589805919
22 0.355243878243443
22 0.473329421643196
22 0.174789392189908
22 0.316701060596607
22 0.463372720751485
22 0.196796669581846
22 0.378331878739895
22 0.318163758147457
22 0.250157381934933
22 0.291623782070754
22 0.341547897398219
22 0.388883748286775
22 0.321804986793642
22 0.493448467894525
22 0.262206706822665
22 0.407037009946734
22 0.482682311267693
22 0.410383752623086
22 0.312817796236226
22 0.283840757392749
22 0.253173702221856
22 0.349519630913190
22 0.316583021421396
22 0.399712224277430
22 0.245113350105878
22 0.435471934824491
22 0.207428492699222
22 0.310642841038757
22 0.206369790927546
22 0.320136008151508
22 0.262113753545762
22 0.280253845497742
22 0.304060684239579
22 0.226805973144476
22 0.358062459708556
22 0.297913149668033
22 0.424104351819367
22 0.194617621811192
22 0.240852028981814
22 0.144041029824790
22 0.288132706575740
22 0.326827802111140
22 0.455994124552657
22 0.240295042105500
22 0.270138248225824
22 0.191591467640832
22 0.745897445307957
22 0.300822876686074
22 0.400208628610820
22 0.173440175083349
22 0.533218397824394
22 0.238885048596802
22 0.287876801236536
22 0.449120023586653
22 0.490420190762624
22 0.345677684149087
22 0.416632464395017
22 0.212547407828823
22 0.256024791588512
22 0.295261321268406
22 0.207852097639198
22 0.408417612023356
22 0.457066656644202
22 0.400949614243251
28 1.052655141924983
28 0.557247114642781
28 1.037883837105978
28 0.549282285671174
28 0.616137345075921
28 0.530252485217193
28 0.365801878747767
28 1.137821373071741
28 1.257679647611742
28 0.507999819608803
28 0.568923557072159
28 0.839077971363482
28 0.654427210087991
28 1.349695425136665
28 0.777016358340858
28 0.461054821275821
28 0.966527383260302
28 0.724607924428755
28 0.629854210622576
28 1.017947732843433
28 0.470884511436774
28 0.914734294021369
28 0.604800966337046
28 0.413834257356378
28 0.920567902253047
28 0.885296665161981
28 0.441460316888823
28 0.541752634183202
28 0.868930815461567
28 0.863618040588293
28 0.721291301662898
28 0.679261363367114
28 0.696852488774503
28 0.572424027153268
28 1.153041139689853
28 0.476538091337850
28 0.469563141086998
28 0.732345071128214
28 0.688167723918202
28 0.402002232705519
28 0.606560134063554
28 0.523790916305765
28 0.449530190051870
28 0.673871598300820
28 0.749286655107335
28 0.737290480160770
28 0.649527343917033
28 0.479100805088112
28 0.351912056684814
28 0.686845721608015
28 0.562799892136693
28 0.556652896481902
28 1.000347985434314
28 0.630773689910689
28 1.323976335359840
28 0.577552265646006
28 0.500879541530538
28 0.596087403338484
28 0.454640345837110
28 0.671269382071294
28 0.928531589041052
28 0.891285143031876
28 0.492441300810897
28 0.581295873225657
28 0.807534679627860
28 0.996403721790258
28 0.546495308691699
28 0.757833044179391
28 0.616391778745797
28 0.426102966924249
28 0.558069705122696
28 0.613145676520423
28 0.718035296424459
28 0.358770149452955
28 0.809700848127244
28 0.516606238166876
28 0.834068660509633
28 0.707308563973376
28 0.511598400003655
28 0.408114001905663
28 0.768380433757409
28 0.597826334340987
28 0.969096293079990
28 0.559684407861796
28 0.564489065739657
28 1.009402087750439
28 0.497606938406299
28 0.810477455637501
28 0.746619073305636
28 0.378736711323634
28 0.458397537521839
28 0.614815063162697
28 0.409882546239428
28 0.586114542645999
28 0.460092833191851
28 0.650618039866058
28 0.500869477444216
28 0.520998947776503
28 0.694203402651814
28 0.685208099225168
28 0.403358443044942
28 0.493456650536746
28 0.671116107019136
28 0.740179049964155
28 0.295425690348464
28 0.738025534509632
28 0.831200241188970
28 0.529790354399939
28 0.485345366136665
28 0.632349885260406
28 0.474639282698119
28 0.616101571124446
28 1.694288520135756
28 1.095657868094773
28 0.413054598834028
28 0.584483607344277
28 0.634766713884187
28 0.410300565054880
28 0.637235289290103
28 0.308375073257190
28 0.711402200875430
28 0.618412099713701
28 0.412099569230610
28 0.833955013304659
28 1.011616719713233
28 0.636198579849102
28 0.333209320969519
28 0.771645468744071
28 0.703886532386937
28 0.521616523029178
28 0.834683648653893
28 0.453018969817631
28 0.869593638902108
28 0.498883090561012
28 0.347007476261346
28 0.426602182050986
28 0.494190096289299
28 1.536184513380954
28 1.208489851935266
28 0.669895550633325
28 0.387107678273736
28 0.934064717571043
28 0.963539702789223
28 0.632130495085835
28 0.487932749270649
28 0.547702188714831
28 0.543621420638285
28 0.564903278415346
28 0.623344924691192
28 0.663021114899782
28 0.813762172768555
28 0.371115100950667
28 0.634465720220544
28 0.510961206217185
28 0.826927851652810
28 0.570725615697682
28 0.976160228656449
28 0.553273282413077
28 0.279100841180365
28 0.723865270929523
28 1.457615097316194
28 0.764488112712015
28 0.474279319391173
28 0.548538154602567
28 0.520537382152830
28 0.638537287849847
28 0.621062385434834
28 0.644914688419258
28 0.711770111763950
28 0.540255470647387
28 0.705643379758295
28 0.735915870486340
28 0.896086406811917
28 0.653431676357869
28 0.928372301414542
28 0.602878922985822
28 0.460120065762073
28 0.608968417193795
28 0.992619706875820
28 0.786864251711259
28 0.918973353498166
28 0.484711011425594
28 0.643874349390385
28 0.766136741808804
28 0.840246044293488
28 0.581796111305781
28 0.562985516616871
28 0.520361391462304
28 0.942836733658134
28 0.549313313157566
28 0.611498672010723
28 0.374038404330605
28 0.323417952743756
28 1.128601306196225
28 0.599990606030127
28 1.150809455722290
28 0.815402139369297
28 0.852985515010397
28 0.609788357715089
28 0.683831750637341
28 0.655475060470639
28 0.565121947748850
28 0.704434058962847
28 1.119115608990791
28 0.377359250149445
28 0.716629362833016
28 0.524463052021299
28 1.223151710033133
28 0.443615303046875
28 0.916005550875330
28 0.648741333082342
28 0.688229475286570
28 0.824588759903805
28 0.424973502023736
28 0.632096097435775
28 0.970309547540443
28 0.630280472599220
28 0.619363174868032
28 0.630709212166106
28 0.478774965096110
28 0.520316879456245
28 1.457639606128619
28 0.521862823433934
28 0.711431914916124
28 0.493993201413961
28 0.566147438519190
28 0.466314668578865
28 0.615105319631385
28 0.687500516358752
28 0.823746775360423
28 1.267304690856342
28 0.340031480200152
28 0.517500872515294
28 0.751074498194226
28 0.786909237084972
28 1.221200001625615
28 0.525052364781477
28 0.542022359003121
28 0.470209996941834
28 0.631905577022594
28 0.399346409858791
28 0.765818847974250
28 0.700364351641742
28 0.581546965897944
28 0.950490566146954
28 0.908317258564522
28 0.616501199628920
28 0.420155661131169
28 1.284128995551261
28 0.752941447619128
28 0.594019838377518
28 0.666905713839844
28 0.441735925172618
28 0.746336009599491
28 0.870404882007402
28 0.474715233185719
28 0.513387511481868
28 0.259547147547523
28 0.744242831421870
28 1.108030565607441
28 0.341915149547586
28 0.917071147658320
28 1.207934643460441
28 0.865320841103080
28 0.856768935866129
28 0.669855661344889
28 0.655923259580106
28 0.629467257366517
28 0.533607096052557
28 0.429165487471715
28 0.691346792022636
28 0.651246053314418
28 0.435817388620316
28 0.626824310333734
28 0.522227166765271
28 0.479006671859310
28 0.776730577682224
28 0.949739034865562
28 0.634439912560707
28 1.124391795879609
28 1.266801507535281
28 0.615622430580482
28 1.127224278984188
28 0.915860970596177
28 0.710770027322368
28 0.513790209141103
28 0.774784546363064
28 0.995283853808276
28 1.375100138638673
28 0.697959955472490
28 0.573527368971829
28 0.557848877530243
28 0.968586994640770
28 0.688085317881456
28 0.992238375198361
28 0.654592377419176
28 0.740586727088312
28 1.079142143129913
28 0.917970903451124
28 0.517026088554340
28 0.544629606837513
28 0.775099101241789
28 0.950313610009681
28 0.513581853493954
28 0.707199997658356
28 0.487047403161609
28 0.507778262349170
28 0.810712967131304
28 0.674192562995574
28 1.271659988801657
28 0.656518222031035
28 0.480358049354500
28 0.698485293495379
28 0.322794648703192
28 0.658440349861329
28 0.761229533333699
28 0.612494902195375
28 0.672868766199322
28 1.027030812141168
28 0.531005385446998
28 0.834947399538458
28 1.445206160923284
28 0.966466405361806
28 0.347296780744510
28 0.452757801999413
28 0.669996248596364
28 0.800691872855063
28 0.712430735168359
28 0.684927836527951
28 0.469676058636487
28 0.596641982017904
28 1.024414240269813
28 0.510282825807074
28 1.759697347889720
28 0.604152442498390
28 0.788818779773565
28 0.424138605279582
28 0.350712432753532
28 0.795226863430599
28 0.632503558590757
28 0.698397800112947
28 0.523314099141252
28 0.727557670158617
28 0.379692622110177
28 0.717983054251084
28 1.219440934073357
28 0.523557501810010
28 0.565702413664293
28 0.789893802182205
28 0.636009845640104
28 1.061009757574963
28 0.546662954313751
28 1.074146427804331
28 0.684012912979036
28 0.601060501338952
28 0.457274276252309
28 0.386711129594144
28 0.590636541074559
28 0.712639970042327
28 1.110722018764635
28 0.951896559990069
28 0.637747405583891
28 0.527842090992415
28 0.545192208833384
28 1.051876534188907
28 0.471355540184089
28 0.735103153908238
28 0.637597297187415
28 0.573869872863120
28 0.521420863085148
28 0.981615755316361
28 0.740127695190644
28 0.871170281260166
28 0.514916052281730
28 0.388660530841255
28 0.800038410309919
28 0.515876803356725
28 0.579899210560171
28 0.632350119275080
28 0.597189680635974
28 0.500089599287453
28 0.531881176137567
28 0.571735425138198
28 0.536026030277204
28 1.009801145483128
28 0.760373053087594
28 0.661236628621602
28 0.605261640036127
28 0.470036387186259
28 0.673915810553720
28 0.572611046386966
28 0.443931590250518
28 0.356915105507581
28 0.855686012907879
28 0.532460101944575
28 0.596457549577351
28 0.694116163768375
28 0.489978078634008
28 0.796410281269428
28 0.388748279172376
28 1.011821259898070
28 0.758870144610211
28 0.354372838189926
28 0.668038099642637
28 0.463921333864151
28 0.520296084197760
28 0.470688603018079
28 0.682601191599822
28 0.823676200374167
28 0.283760205597364
28 0.479184668985268
28 1.039110414277619
28 0.680590013328292
28 0.462924451859780
28 0.524600117425546
28 0.388603693672091
28 0.868355096872170
28 0.489211906466164
28 0.459884688036399
28 1.185873600687280
28 0.835160956994175
28 0.506913100040298
28 0.532728528444539
28 0.600753715397853
28 0.797607889110520
28 0.592495959063573
28 0.643279565706615
28 1.166521141678667
28 0.515495669981138
28 0.446381170566494
28 0.459492695867492
28 0.831140185091214
28 0.871067716281789
28 0.788155949840983
28 0.610260321274066
28 0.536183079854692
28 0.973230495923913
28 0.631420883373270
28 0.793694129408412
28 0.875717676320876
28 0.579692056662112
28 0.624008864155606
28 0.486843070261494
28 0.718874886273963
28 0.421681484280672
28 0.519383154533348
28 0.705361883823369
28 1.114252911077835
28 0.999003862811974
28 0.690034665641854
28 0.696141645977601
28 0.900386439189341
28 0.643168601086185
28 0.697974822021999
28 0.550718714453875
28 0.534809049146465
28 1.006733414625103
28 0.389369634118196
28 0.598366696176465
28 0.627740682975098
28 0.895202904211342
28 0.542354762788182
28 0.740750627817035
28 0.527658244634201
28 0.716816454728336
28 0.490538838700722
28 0.677018806239308
28 0.396224430240740
28 0.525245735969663
28 0.714275017398427
28 0.657330493268175
28 0.500392578894063
28 0.621969259754112
28 0.775458992552916
28 0.969956184331703
28 0.637522984975128
28 0.788285408891848
28 1.049048193732306
28 0.929429780347959
28 0.794649487914578
28 0.383948151087434
28 0.619761609918833
28 0.719450698422005
28 0.876918312597522
28 0.620627474517167
28 0.794890276416064
28 0.824337396154873
28 0.492265449479330
28 0.420229304245701
28 1.098318964224543
28 1.247379206810370
28 0.559726351751174
28 0.659285101869674
28 0.766344781797229
28 0.406257362902300
28 0.356836018660402
28 1.693868260975839
28 0.948570108990745
28 0.826429303112243
28 0.574996150606608
34 1.529463519910623
34 0.713185031485584
34 0.934267363358801
34 1.647563054827942
34 1.096982148776610
34 1.118610492304120
34 1.975888517213364
34 1.911248375962560
34 1.039454048307015
34 1.022255438204306
34 1.566124352980200
34 1.214578069164850
34 1.532957301823481
34 0.892064006380046
34 1.337929408177097
34 2.180298960167324
34 1.022377376078424
34 1.105777519780110
34 0.593476748080360
34 1.011474983043156
34 1.866509869201040
34 1.190827479553423
34 1.818709318800641
34 0.701604358812152
34 0.717584904686596
34 0.861969063731724
34 1.843931280802694
34 2.198951228315713
34 2.067652688443889
34 1.046320226077524
34 1.205938294823256
34 0.886114042811128
34 1.509794493622311
34 0.857388092759189
34 1.706441627543883
34 1.716997530206251
34 1.655674850014444
34 1.053288798133911
34 1.889057723399401
34 1.593457844778920
34 1.249575748013332
34 1.201346846311584
34 1.820128087672209
34 1.031077222325820
34 1.025354828337678
34 2.155505329570676
34 0.729423197073345
34 1.307336488670188
34 1.013959161986035
34 2.081876513758974
34 0.711989900011128
34 1.169895199975433
34 1.025244995201761
34 0.854414993689498
34 1.307598456124863
34 1.517904451840270
34 0.677374453936827
34 1.422973176394754
34 0.824238614267450
34 1.015517200426903
34 1.060339731467161
34 0.830365780947182
34 3.090614492290188
34 1.098430094821627
34 1.483075707232850
34 0.744860657683923
34 0.542909463876877
34 1.044419665989901
34 0.862414224989906
34 1.068176817648428
34 1.544973907544052
34 1.198877541112815
34 0.884625277018097
34 0.527884094115782
34 0.996953419040634
34 1.611657322536225
34 0.837391043244221
34 0.804984085081172
34 1.075554336987777
34 0.893813292291710
34 1.665527764454100
34 1.051713998750375
34 1.419958533208603
34 2.627552667531529
34 1.519681279075526
34 1.996892723124408
34 1.147734291557888
34 1.173461214852680
34 2.229753844980312
34 0.916000126588759
34 1.153680529017745
34 1.116048296344667
34 1.587077434905889
34 1.194566773986010
34 1.002727762914588
34 1.615133796114969
34 1.086730619261868
34 1.079119371815556
34 0.687997595914004
34 0.924814119758761
34 0.808133714952593
34 1.261314080786873
34 0.993460070334161
34 0.866580972196095
34 0.954507391577446
34 1.373198462911268
34 0.884218820709758
34 2.197869067236181
34 1.999449831234519
34 0.820003489536286
34 1.189854312318603
34 1.499911799704111
34 1.459231711263687
34 2.071940470133927
34 1.407084059429220
34 1.439909599400707
34 1.604540113594333
34 1.110662259848891
34 1.623891487794877
34 0.817169129558811
34 1.087837806343104
34 1.548255888808550
34 0.914144861818105
34 1.287719243701028
34 0.865513911629470
34 1.711540198885258
34 1.311803244498446
34 1.426635067078266
34 1.518784508493442
34 1.167653122686323
34 1.978247747270373
34 0.987368607094520
34 1.087626801246864
34 0.817824603526673
34 0.912319414544784
34 1.307994860646027
34 1.720128334474782
34 1.412734560566043
34 0.978639190933035
34 1.833606115572863
34 1.546951778628161
34 1.191514192107278
34 0.638657393464341
34 2.352552576987224
34 1.593590025390488
34 1.258752565131535
34 0.950281934831769
34 2.593383237459371
34 1.703978939481935
34 1.229538930434339
34 0.861162221351012
34 0.840181186095809
34 1.555000191218917
34 0.578585140918478
34 1.020207245650318
34 2.558157256032441
34 0.823469524031640
34 1.546035263606584
34 1.871455894724368
34 0.903230435573259
34 0.853114362895177
34 1.669328952190768
34 1.631603497950259
34 1.607048726656253
34 1.208941894178733
34 1.615997633531217
34 0.870534665102677
34 1.006109269013932
34 1.234869125386304
34 1.029065553411076
34 1.428736945547041
34 0.627668423375636
34 1.743400740397596
34 1.425729002303109
34 2.351757013778190
34 2.347176048791163
34 0.981957095359919
34 1.390889951345001
34 2.418025906725403
34 2.166542086624933
34 0.890141809477795
34 0.855874577243934
34 1.752976240303882
34 1.049054511933284
34 1.627505803426388
34 1.268064270555679
34 1.150446278874493
34 0.839898847130769
34 1.255376111615646
34 0.969784340684709
34 1.291674015834237
34 1.279723032855575
34 0.975216202147240
34 0.608020181191031
34 1.255134094775362
34 0.890337550063616
34 2.208546627163474
34 1.357416465745821
34 0.685137565286674
34 0.917528628343727
34 0.696478065427950
34 1.186697403243326
34 0.857533172064709
34 1.741594402020887
34 0.689867868789718
34 1.413127828033828
34 0.989232281653321
34 1.294178021607396
34 1.098414198423463
34 0.608731273507303
34 1.293449771763714
34 0.958729808093933
34 1.018895070320045
34 1.174835797078828
34 1.372443392826524
34 1.004831980641374
34 0.791022954623539
34 0.819006713716078
34 1.119623232812062
34 0.904178996582706
34 1.807270162180135
34 1.466323962167810
34 1.087927332631971
34 1.085478359337891
34 1.352391938105874
34 1.366539699366895
34 2.023355519063899
34 1.833308593592687
34 1.917780145698867
34 1.243240173155962
34 2.070477325835355
34 0.981879067980910
34 1.608658555829225
34 1.692201268322164
34 0.653709063253692
34 1.481380372987807
34 0.811378835216611
34 1.472101073346615
34 1.249701015488399
34 1.120202759005624
34 1.235175041421556
34 0.821986466557444
34 1.627047935325500
34 1.888863717036100
34 1.183879522785735
34 1.453771199658618
34 1.441045387970659
34 1.581854897837291
34 0.828378418137105
34 1.249837890285546
34 1.096021290990041
34 0.877831856323676
34 0.941064616613362
34 0.968307048412903
34 1.033763084042590
34 0.606645112869980
34 2.345721950181326
34 1.871999009345600
34 2.454288650689558
34 0.797482600087243
34 2.090348927887556
34 1.404662572313331
34 1.017040549676136
34 1.511934757888155
34 2.444917623816984
34 0.803460961426259
34 0.842303320680128
34 0.836375046675554
34 0.998319503416278
34 0.979452663085033
34 1.050014740877863
34 0.917342579396740
34 1.407530979792805
34 1.424416361147236
34 1.304297492275574
34 0.814398599376837
34 0.923832707905148
34 0.932852360188899
34 1.646346371885762
34 0.937982360009004
34 1.778702089164931
34 1.114627975703711
34 1.715093519986865
34 0.854139669040071
34 1.516658951606288
34 0.875280469793893
34 1.763973282169684
34 0.986334082717062
34 0.933168898022084
34 1.726795724777606
34 1.177509117772704
34 1.515582496754491
34 1.220218133452792
34 0.742944016406737
34 1.423758801899693
34 0.894876487116556
34 1.510680320547681
34 2.411301876108546
34 0.662408603867781
34 1.359371393462996
34 1.825799993856872
34 1.927893607088354
34 0.865596857798050
34 1.142749394963473
34 0.826471452104003
34 1.668764938788860
34 1.599948559599641
34 1.158014674372930
34 1.342462680819803
34 1.344694889284204
34 0.582550445492508
34 0.842282508671103
34 0.896117641284204
34 1.233484976625307
34 1.896496410911146
34 1.113504707868858
34 2.913671441029525
34 1.034482331836039
34 0.733869225805011
34 1.617573019961569
34 1.525599582836013
34 1.069868078408554
34 1.083517367170636
34 1.328304338993731
34 0.766362148010834
34 1.384618352019114
34 0.727254281987156
34 1.337960652636627
34 1.001931442734919
34 0.674467139660515
34 0.987431768746836
34 1.078968456326711
34 1.030298990230388
34 1.998461847365661
34 1.576155643250776
34 1.673867961470659
34 0.945558944294490
34 1.045913095474191
34 0.951414141644764
34 0.627351255218066
34 1.516926899834814
34 1.166681150173336
34 1.130218934363203
34 1.311175975704595
34 1.323039715732274
34 2.040142281297612
34 0.733559654215830
34 0.676495627790930
34 1.157115930054035
34 1.515094900345276
34 1.149262599165715
34 0.589713706575887
34 1.550159287889093
34 0.756668144047676
34 1.018893704187615
34 0.631226714816460
34 0.730355543360655
34 1.784605025410799
34 1.106534446661353
34 1.068339535332484
34 1.163257778046084
34 1.314820951461182
34 1.192053089240688
34 1.962459188617128
34 1.900826939240032
34 1.128562032122434
34 0.942255420489714
34 0.692284449441421
34 2.424077537414265
34 1.044832305988536
34 1.539420343587083
34 0.605348477145863
34 1.125037674851511
34 1.161313744434578
34 0.813192644514614
34 0.777585740761528
34 1.533389489008147
34 1.043435836639556
34 1.516993842634241
34 1.309698816769246
34 1.763653410225212
34 1.221354477239898
34 1.506602224965911
34 1.124270085446008
34 1.142409174075628
34 1.225344733861438
34 1.339568441632185
34 0.733470778347077
34 0.967835046672495
34 1.198634611647445
34 1.022603607080298
34 0.842944911140504
34 0.650560767161062
34 1.372828755713757
34 0.759842660897361
34 1.175402684027181
34 1.508225462890391
34 0.922693892564685
34 0.631047878585091
34 1.327907969841492
34 1.075620509327777
34 1.095499666455754
34 0.770891774206065
34 1.145830723532590
34 0.551032343186168
34 2.103692195854961
34 0.878946349256853
34 0.999199645509760
34 0.896634518156774
34 0.663475344779003
34 0.766676781558778
34 1.738902844882745
34 1.157905490082615
34 1.699393472466998
34 1.345936571247423
34 0.952136533667160
34 1.177738245243926
34 1.200812023473788
34 0.795858319626960
34 1.201545231869771
34 1.135039841051476
34 0.770456814182698
34 1.073244442834687
34 1.237138441191446
34 1.079107168013902
34 2.076039527374793
34 1.369019289668851
34 1.354278242455875
34 1.886695392040949
34 1.408378455932770
34 1.586514353692484
34 1.022334647292620
34 1.711865913596990
34 0.705900846004694
34 0.872829730007061
34 0.962290879008924
34 1.402399643571489
34 1.254366105941383
34 1.919009692752504
34 0.992754206174873
34 2.557353672036360
34 1.147387974882464
34 0.637433481101040
34 0.687407858684484
34 0.787481860744643
34 0.601720094949012
34 0.730207209458131
34 1.528210361209090
34 1.215364515614194
34 1.524288497744257
34 0.952818121422496
34 1.666765715711455
34 1.459034379318575
34 1.473730680091580
34 2.254125523874497
34 2.022181732503812
34 1.540220625437613
34 2.025582513415916
34 0.580737588738943
34 0.754711475000775
34 0.792076711100594
34 0.919698960782938
34 0.937305858841667
34 2.023685307011024
34 1.099554417599565
34 0.708084571036388
34 1.479051125413803
34 1.201016967404132
34 0.985124847737049
34 0.756257895821038
34 0.799586749781166
34 1.426302305297466
34 1.324571808997400
34 1.051771199974268
34 1.300972579402879
34 1.291708168244322
34 0.721863425719810
34 1.308312676363546
34 1.561255085573469
34 1.483017895600985
34 1.298987521048786
34 1.462946465895760
34 2.040878961588072
34 0.950835750779936
34 1.300776157407085
34 2.229061346119474
34 1.311288333618266
34 1.328776806127482
34 1.012336110988861
34 1.554959847322954
34 1.068940852594638
34 1.233388919612421
34 0.837012528824554
34 2.296336801313272
34 1.305855957640488
34 1.259921651945448
34 1.555864603204779
34 1.868024255866411
34 1.908026728975249
34 1.354816156059900
40 1.148811243739630
40 1.807967213725139
40 2.270008166823096
40 1.715886495854277
40 1.307060419064690
40 1.073286327094248
40 1.294302908214748
40 1.601379020192780
40 1.906068072047672
40 2.337459875673519
40 1.391525276159586
40 1.446994741138715
40 1.598491829338019
40 1.551318819672888
40 1.346995474470138
40 0.954491550188333
40 1.111054476849922
40 2.170562068023559
40 0.949803512711281
40 1.746355322717360
40 2.237069520519494
40 1.239001809750144
40 1.720606371714629
40 1.911149459423806
40 2.195033659642477
40 2.003313870322427
40 1.354825353342065
40 1.693647129220203
40 2.516331127066830
40 1.404607303342051
40 1.159762884335136
40 1.368467966633613
40 2.619237442684726
40 1.062498205607072
40 3.207226663364716
40 2.182527107164256
40 2.172340514609775
40 1.008493654101519
40 2.093273332896286
40 1.256141458764752
40 1.883784087045972
40 1.382428062196317
40 1.116266329615316
40 1.559731126598189
40 2.994116461332252
40 1.035892671971453
40 1.477005819081064
40 3.088696383218966
40 2.044229307860122
40 2.486452657739949
40 1.418610739813978
40 1.826805839419753
40 1.343002377500740
40 1.257105671879279
40 1.636092454665420
40 1.179519325706112
40 1.373505826450970
40 2.323685957570529
40 1.352467738791814
40 1.634803038358548
40 1.546676770121003
40 2.928918367101117
40 1.464244560370302
40 1.102180206293628
40 2.429053965691798
40 1.576302805741848
40 1.348828185275032
40 2.464193985969167
40 2.881462960987953
40 2.331011641244734
40 2.417710246355071
40 1.472624556409665
40 1.236095011742783
40 1.231864478190008
40 1.224679705893292
40 1.384446469332048
40 4.175945344060278
40 3.788047066147735
40 2.022443359946417
40 2.936246093303858
40 2.784007710068845
40 4.221445388560060
40 2.324534531386388
40 2.386126629347032
40 1.506262298042461
40 3.604094843160691
40 2.292142033958390
40 1.712958967276650
40 2.622861801665485
40 2.396188054945017
40 1.669881766415173
40 1.344328733173336
40 2.039468984238592
40 3.928703008696028
40 1.887626146154890
40 1.960146868673196
40 2.002273572896840
40 1.153903608004601
40 2.464383248625973
40 2.499715260464551
40 2.000433110801858
40 2.106491922477135
40 1.587275334156386
40 1.189995259434133
40 2.443273343644982
40 2.666728823758822
40 1.633661367148544
40 3.157170712692423
40 1.836537685619168
40 3.643132392824011
40 1.775069092664522
40 2.392317356589192
40 4.053293000109671
40 2.133389707557166
40 2.318547302713020
40 1.986005892564874
40 1.849852542956809
40 2.540865077980097
40 1.891815295948236
40 2.104354172260090
40 2.090397530613897
40 1.670144696838648
40 1.189294080834192
40 2.196434520499260
40 1.368851363435148
40 2.998847503567481
40 1.797895584064667
40 4.302459251005377
40 1.321073940441771
40 1.744595314181142
40 2.353639424316004
40 2.568769521675021
40 2.310963387613432
40 1.860099185660193
40 1.726648244351364
40 2.543055894253698
40 1.516040981967201
40 1.320952636328478
40 2.100292677782301
40 2.521690296481418
40 2.009950433577735
40 1.833182662119333
40 2.407073729536100
40 1.767129046513423
40 2.050283764040007
40 1.836157058167688
40 1.572037814598216
40 2.280421095293763
40 3.546655333929445
40 2.585394840912142
40 1.223947148596549
40 2.157990337704806
40 1.488822398310738
40 1.747911811412817
40 2.025647658200451
40 1.907550347027581
40 2.844803978834721
40 2.149728274401200
40 2.927811012997116
40 1.316360829810248
40 1.257107840346620
40 1.641640509491792
40 1.541469615527031
40 1.187355764531015
40 1.648601106967989
40 2.578836013010404
40 1.972452243740935
40 1.278416029663017
40 1.432899431468776
40 1.179091100330176
40 1.900649867922613
40 2.325748341773547
40 3.015092335041814
40 3.484746026436728
40 1.453573167914477
40 1.519810578377927
40 2.508688763410005
40 1.402039201545900
40 1.279046298612293
40 2.210122468540783
40 1.732787652888993
40 2.501950229488525
40 2.057041362863413
40 1.238817226259303
40 1.661874556887362
40 1.035919135478395
40 1.269792118198164
40 1.716170657955891
40 1.407331668807990
40 1.546921606754523
40 1.290038647694136
40 1.568319544357367
40 2.856817467816663
40 1.065913796390067
40 2.616623716767897
40 1.874566437665090
40 1.756531949965529
40 2.944579378362668
40 2.626305960815600
40 2.003614917620640
40 2.002681035671655
40 2.795219881744947
40 1.436560482302104
40 1.561349474324640
40 1.708323727519844
40 2.108611419594718
40 2.247232373167067
40 1.430646775422429
40 1.468897504052956
40 1.825626314401483
40 2.203451998092879
40 1.422388393486320
40 2.866849119555350
40 1.651104425015600
40 2.415062516767463
40 2.818061549172635
40 2.320658621828414
40 2.083566572069607
40 1.653794966526681
40 1.655921199409844
40 3.153011060118974
40 1.726035903022435
40 2.985458424423379
40 2.096536976035377
40 2.471233207249826
40 2.724948310787351
40 1.618830760921167
40 1.590565488023353
40 2.480020381965000
40 2.326289784865427
40 1.802540525916408
40 2.463253145713889
40 1.033837644266759
40 2.484802277244578
40 3.303285547163041
40 1.170902663686302
40 2.920722109819225
40 1.793326581198378
40 2.519147747257469
40 1.069308794682708
40 1.329124656342170
40 1.642630743617691
40 1.035675139440261
40 1.844375538551835
40 2.563117134386601
40 2.628803330521691
40 3.907571384244068
40 1.676631410630909
40 2.204429959158421
40 1.970933476213556
40 1.532771158246614
40 0.874742040466304
40 1.548354855088865
40 2.003928512234220
40 1.395729701197717
40 1.319445263887584
40 2.544113508568431
40 2.453578368437087
40 1.925110624459318
40 2.175696729960585
40 1.903542822689100
40 1.405034698121060
40 1.375322456506111
40 1.268222755289721
40 1.293538545231726
40 2.104003960298795
40 1.777115383834408
40 1.588208855246782
40 2.587002678652606
40 2.503041751680937
40 2.315231548238884
40 1.546409361623926
40 2.027421133834382
40 2.795649567793488
40 1.468003995229747
40 1.949719119975182
40 0.834889783769815
40 2.425255144274006
40 1.245514733182192
40 1.509090286215292
40 0.905562164735010
40 1.490545715963552
40 2.449312032872212
40 1.458134525683894
40 1.361722084464976
40 2.970242242942206
40 1.494252147944172
40 1.794681405879702
40 3.602719153930875
40 1.634029644248674
40 3.271758352379821
40 2.859066535788312
40 2.029052126237292
40 1.913719384540059
40 2.488921245087079
40 2.656284960108904
40 2.174963750239745
40 1.278508655515690
40 2.362809074015073
40 2.439873384075314
40 3.111999809822890
40 1.500514551010935
40 2.951461605365003
40 1.409071942111265
40 1.874340129621228
40 4.401174655027068
40 2.173108086054025
40 2.683423625203320
40 1.788806284934535
40 2.108141191959484
40 2.120026733639714
40 1.589224884061334
40 1.249540880050862
40 1.230730394603537
40 1.501015040370568
40 3.953250537180720
40 1.052439433790088
40 2.188139157616495
40 1.517061675133155
40 4.122996388856551
40 2.554173082233492
40 1.030277971447966
40 2.493609476259278
40 1.801244166772126
40 3.245869567981284
40 1.453260492475941
40 2.946340324589233
40 1.649804571840200
40 1.482900269028258
40 3.397987920811058
40 1.619038903283588
40 2.095073325616283
40 1.417453318988118
40 1.173291398219545
40 1.062326641192753
40 1.748531829301561
40 1.845430843022722
40 2.605319326696753
40 1.235624910870618
40 1.016186528280745
40 1.953332818596491
40 1.533235809499073
40 2.689470874204428
40 1.546116022156507
40 1.289670548271711
40 2.878607691205435
40 2.016610395521697
40 2.494703718314927
40 2.641220070060544
40 1.054494921404275
40 2.325790018425675
40 2.273074206815494
40 1.996299786230247
40 1.920440743771268
40 2.994121573588385
40 1.913625960036146
40 1.274278319754528
40 1.621253873534963
40 1.918059110013094
40 2.044201504655010
40 0.936112156430177
40 2.500180155684727
40 1.719817513324557
40 1.870055736505867
40 1.343200553933471
40 1.559097149051262
40 1.782841663927991
40 1.097255642163036
40 2.989287631289166
40 1.453088605309718
40 2.037143508128580
40 3.134552685702824
40 2.106596445018381
40 2.009073294671967
40 1.222434951811183
40 1.704211941816157
40 1.908531968350770
40 2.240791048945345
40 1.071978464611398
40 1.715340692101703
40 1.592053046730172
40 1.983631165245471
40 2.256689146015335
40 1.753738056421101
40 1.511417158465193
40 1.378252336959171
40 1.897144984091845
40 2.363698033502322
40 1.374025270763685
40 2.038451265733952
40 1.413919876193342
40 2.886670091989034
40 1.926220794556301
40 2.927109962979998
40 1.040896309529485
40 1.598312866944680
40 2.456206037904818
40 2.222536625145915
40 2.736994132111962
40 2.318928820487421
40 2.888410916288041
40 1.407296172144569
40 2.309140796284957
40 1.564497952209035
40 2.943726286706458
40 1.684443093478524
40 2.480857901397153
40 2.475637981555665
40 1.358379589537836
40 1.643482966861975
40 3.267198230463169
40 1.922848580769381
40 1.834095721488896
40 1.579361001402466
40 2.638033074146225
40 2.185671164192817
40 2.488808189024583
40 3.288239511374360
40 2.037990064995531
40 2.132685468056716
40 1.421643187476132
40 2.692168425045833
40 2.078744784673402
40 2.264944684785361
40 1.441460689419427
40 0.956043093829592
40 2.022521010768934
40 1.748500135978885
40 1.784432235874219
40 1.401176860068980
40 1.991664592417094
40 1.412269534536211
40 2.464366757014912
40 1.052232531979934
40 2.853937429434017
40 1.657168830891136
40 1.663492845112113
40 2.284335484507990
40 2.556946754945368
40 1.347854935278919
40 2.871736345575956
40 1.372539339343761
40 1.741960316567472
40 1.577742480883838
40 2.489700596329170
40 1.699856542178065
40 1.588581368361551
40 1.712909768841573
40 2.084752665050834
40 1.642934149336300
40 2.199606136940277
40 1.761833061591107
40 1.496091813322815
40 1.653839408438113
40 2.271593321736776
40 1.732286168121310
40 1.553682659265444
40 1.848854452628055
40 1.294596008172148
40 3.130299844410407
40 1.106576266042894
40 2.548840606124447
40 1.600661289283531
40 1.012208844926385
40 1.404429250909375
40 1.094641637056460
40 2.053693721747758
40 2.022503917440160
40 1.685718446343875
40 1.074920718815937
40 0.837823711875627
40 1.153366324375865
40 2.377289063218843
40 1.552068126073949
40 2.849712674164463
40 3.287177040906384
40 1.996159354933047
40 2.812119282207918
40 1.590532305692664
40 1.789020191771680
40 1.391180703655175
40 1.831526768457026
40 1.713103010303574
40 0.881178034210418
40 1.902612033982088
40 2.627221858404512
40 2.611378870551342
40 1.821432929088205
40 1.744815687500992
40 1.460048129454083
40 2.092164772022926
40 2.910546537195758
40 2.453993061406331
40 1.681124869246579
40 1.461716328781580
40 1.185994785734085
40 0.871195343404258
40 1.567576205691430
40 2.715889442611781
40 2.138210730702539
46 4.646963124928092
46 2.246137376361510
46 3.540054220409742
46 3.254904766770650
46 3.632235404856867
46 2.112847160303797
46 1.969292722619350
46 2.349816116828946
46 1.727631644476705
46 3.090029525288738
46 3.503703076778574
46 3.855786632123372
46 1.992439594022978
46 3.050814355577899
46 5.999214498694514
46 2.258087216728708
46 3.202953822912153
46 2.204253957809152
46 3.104370956855204
46 3.093365835395620
46 2.032139859146308
46 2.310093963017953
46 1.857510640621111
46 3.996027886156156
46 1.926793793991901
46 3.292118509195886
46 2.824489671239746
46 2.628488877945883
46 4.174492904345469
46 2.001524287333452
46 2.896847809579060
46 1.558517458920056
46 3.981080219764508
46 5.333874674868338
46 1.547729671778475
46 3.298080161934307
46 4.275515297200673
46 2.950366628896101
46 3.826006179707801
46 4.513266877019294
46 3.887752658681186
46 2.557497980002263
46 1.787102331631448
46 2.853175208745943
46 2.113502205987209
46 2.601721890266454
46 2.605789512133288
46 2.061941853866217
46 1.829780447793971
46 2.096422800624878
46 2.483989150699096
46 3.780796779081576
46 2.509809185437581
46 3.231393830515917
46 2.936460160102422
46 1.532372490129646
46 3.455333318821688
46 2.955880129842691
46 2.599687613791865
46 2.128634345720210
46 2.979885895355842
46 2.660720758272885
46 2.383725879250641
46 1.438031046310133
46 4.589554618625398
46 3.875491315576546
46 3.678818357855687
46 4.714650747122057
46 1.988676706026645
46 2.725145985340202
46 2.466673927395089
46 3.665205933117596
46 3.196151853640925
46 3.097136860715413
46 2.264324130333561
46 2.529628401622120
46 4.097772400232889
46 3.728563183973781
46 4.542570098735349
46 1.325180990981616
46 2.462312756858189
46 4.225178051683167
46 3.991473128073602
46 3.000897172871640
46 2.722862163324002
46 3.313831200379368
46 1.640645724299325
46 2.901459532426642
46 3.685921643373380
46 2.597488107576700
46 5.645973385262931
46 1.550696398132684
46 1.720294047451080
46 2.095631100186162
46 2.588036931005963
46 3.742518626158207
46 4.414746240685802
46 2.359014283684592
46 2.561690311236864
46 4.259568333912069
46 2.064828564719358
46 1.641916930184618
46 6.897545803339712
46 1.967400863698025
46 2.513485057604581
46 2.475667172333627
46 3.116391480282563
46 1.973470118945696
46 2.556517755262027
46 4.102482451800542
46 3.957610243479321
46 2.598680716675820
46 4.425755622352109
46 2.488845677368959
46 5.149448575809592
46 3.706993303520914
46 3.191408554962049
46 4.258766214485093
46 5.304613625654822
46 3.057875448020339
46 1.759641284913350
46 2.831314347441762
46 1.863325216359760
46 2.811479269663830
46 3.326996449311012
46 1.427534696265865
46 2.808882416870136
46 4.757684021320475
46 2.468142853165590
46 3.737430665618586
46 2.487199752844758
46 4.143213035845738
46 1.885152092951280
46 3.315601937411365
46 2.943634420068668
46 2.554278950297988
46 1.982549955985780
46 2.967307890424857
46 2.779992172084654
46 2.337196042924820
46 2.882163458960265
46 3.055798550451608
46 4.742060847370143
46 2.433900880116547
46 2.932626298529589
46 3.815536168651957
46 2.289265770887557
46 1.534501363072194
46 3.244108540092874
46 1.801200465537653
46 1.681441633166370
46 3.446967925350514
46 1.784194435565528
46 2.391120396426678
46 3.233684439058072
46 1.696927177597496
46 3.229560905504228
46 3.033522093272837
46 2.197512506726459
46 2.002004538304048
46 2.941052506202583
46 4.064584146160255
46 3.892127990246392
46 3.281843497434880
46 1.951535944216252
46 3.017463800674912
46 2.982254851253811
46 5.427818804187983
46 2.291585384721865
46 2.760141138069891
46 2.922042446860870
46 3.332328605137216
46 3.095338550544010
46 1.728174806040482
46 4.486127703103564
46 2.147165175792716
46 2.097632760590363
46 1.845260785016907
46 5.350079811000187
46 1.993675497646155
46 1.621111632997450
46 3.485524044785279
46 2.834349096806198
46 4.009716630991878
46 2.943310431275879
46 3.330582147081738
46 2.033552841510069
46 2.829970007354852
46 3.112042952975873
46 2.330286982365311
46 3.565128327529077
46 2.898473511139851
46 2.270331754387013
46 2.596702031111842
46 1.478827718612312
46 1.528837528225102
46 2.672859220641556
46 2.172509847305844
46 1.685578311908086
46 2.448461371264674
46 2.548947228447829
46 1.496744951119105
46 2.482975513404643
46 2.655124448113309
46 3.152285234076770
46 2.374132275392056
46 2.413037406016543
46 5.045954959687241
46 2.242514094116477
46 2.008159903717232
46 1.572547919112157
46 3.154548539926938
46 2.492616270520513
46 3.712114362065600
46 2.504875398735557
46 2.233599447705729
46 1.664067680648940
46 2.969248007636358
46 3.421439741841906
46 1.774682936900202
46 2.794096351980025
46 2.818444476010368
46 1.958286641188028
46 2.801218114808306
46 3.303892281374529
46 3.055050579021963
46 4.888566135144833
46 2.360214345826284
46 3.543331611199325
46 2.396058419228796
46 3.348053216667343
46 2.535561173009748
46 3.990067864407520
46 3.321769771514142
46 4.940512781839729
46 3.401749753513068
46 1.932656407849874
46 3.746784017979788
46 3.280450703390865
46 4.321638996157432
46 1.979501044410952
46 2.871761106616341
46 4.777747611568477
46 2.107660168039901
46 2.034808633454726
46 2.831894180653607
46 1.515755831124576
46 4.323163284338864
46 1.589589422520651
46 1.240920002390367
46 2.266062494997775
46 1.856848799871001
46 2.250722299725978
46 3.580914748784046
46 2.829777348287706
46 2.503999528897442
46 1.641661303822929
46 3.138174868516888
46 3.248815712931036
46 2.096237625867474
46 1.813553905167278
46 2.107045351472458
46 2.452047764986259
46 3.621397569427742
46 2.595766449844108
46 2.580726013619352
46 2.466779174990295
46 2.859761009360034
46 2.354968424858106
46 1.925062055161663
46 3.473823422257138
46 3.748118246606579
46 3.733578625244984
46 2.658840713117792
46 3.704905857487275
46 2.086852436604146
46 2.902098888840403
46 4.263031249611049
46 2.600565380099131
46 3.055584979548361
46 2.561773636578495
46 1.536089148403592
46 1.651385872241828
46 3.716229918789814
46 3.015346004730259
46 2.908225057941310
46 2.298650466072881
46 2.452507598576097
46 2.795459450398291
46 5.512369835038726
46 2.831583193012932
46 3.558386248257622
46 2.320893715498556
46 1.711757536812838
46 3.315558677062450
46 2.103372308157114
46 4.566771544933674
46 5.227877521989524
46 1.573060365310226
46 3.452553650767355
46 2.288268982934303
46 2.972197967807026
46 3.050957142509910
46 1.895809373592276
46 2.602578505273057
46 2.000911530064844
46 2.995647900556575
46 3.507793847213309
46 4.183706640871115
46 2.122589944572188
46 4.395760291267337
46 2.849311150016169
46 4.956572437927205
46 1.889478812666403
46 4.074970876942757
46 3.811648691086803
46 1.577597496757652
46 1.929267667592823
46 3.667862201091980
46 2.403331838522591
46 4.257544893708773
46 1.914220776926912
46 1.588997500404147
46 1.952353034184479
46 2.824537991181212
46 3.736520380391687
46 2.190602618239351
46 3.792694142490490
46 3.233708044517898
46 5.207443664274712
46 2.459323508626543
46 2.166573049148395
46 2.494556722926523
46 3.534647839129938
46 3.047394854355148
46 2.645670592919990
46 2.084839292765222
46 3.338476111264632
46 2.636839299908447
46 2.139608398945023
46 2.774462024081660
46 3.878834792464091
46 4.027801974990235
46 2.562348526141081
46 3.079882575763159
46 3.378777577685922
46 3.301034890688896
46 2.559390760972483
46 1.785302462343841
46 1.548489185976209
46 3.130276714722859
46 2.770604067273886
46 4.236879773453304
46 2.657521026660591
46 2.365381053960414
46 2.638120732507558
46 2.130283227559195
46 2.549314865280742
46 2.409166217529768
46 2.856228094718001
46 6.242094687027095
46 5.958454035227404
46 2.042965451471756
46 3.628653087703452
46 2.377647681167497
46 3.102043750720530
46 2.064619573746226
46 3.904740836699651
46 2.408255311719519
46 3.449345346468661
46 2.740534119731872
46 2.537545171810755
46 1.394895070177800
46 1.922058497252046
46 3.506399305284952
46 6.777844621959503
46 2.347136842879562
46 3.115649084666258
46 1.349802157567442
46 3.697973601352961
46 3.259513274646914
46 2.182783922911117
46 3.444097901889911
46 2.288285179224365
46 2.163337944026036
46 3.455353956845321
46 3.179433375825393
46 6.239326949742051
46 2.198874082828347
46 2.467058238889355
46 1.981573934845240
46 1.959024298136752
46 3.649636957133506
46 1.982160156062379
46 2.614946286299382
46 2.590446194157934
46 3.212884741294845
46 3.376082055859413
46 2.429081711390938
46 2.935224523343743
46 1.950760186054453
46 2.472440303145057
46 2.736681320668299
46 2.004217308303519
46 2.184520335673044
46 3.659540581854247
46 2.569794058909714
46 2.840863622459830
46 2.116010418497786
46 3.611380676239022
46 2.570897598633473
46 4.962187518156847
46 4.736538017857685
46 1.811033948836583
46 2.925958355211727
46 4.854353635094270
46 1.630794777165200
46 2.715102883754700
46 1.464685569885164
46 1.517617014988764
46 2.898331909013292
46 3.062784967191575
46 2.382297027372539
46 3.044395939174923
46 2.301540072103937
46 1.583351470012659
46 2.132763342040001
46 1.920387788493768
46 3.091307075812315
46 2.531432801118779
46 1.759349495783605
46 2.390143652505145
46 3.376865182715814
46 2.706243755858532
46 2.993520076317116
46 2.861992711639683
46 4.184637445286046
46 2.851018107905852
46 3.970940475167733
46 1.587977456203823
46 4.318767988494298
46 1.251436808508102
46 2.237389026644098
46 4.566207927499004
46 2.335287570826169
46 2.093955291423800
46 2.361879229376337
46 2.417024071592758
46 3.747430899405666
46 2.244567209589975
46 1.422848365001363
46 2.545177275234928
46 2.307469601419531
46 1.968980013191720
46 1.763966529348462
46 3.503528429072365
46 2.775188125946481
46 2.382146389473053
46 2.510093085501825
46 1.657745012599636
46 4.959124717644398
46 1.919830469298830
46 3.515933740818062
46 2.600519124113228
46 4.543278588077165
46 2.732409852740043
46 2.372991176892776
46 2.282798224962921
46 2.257924519108014
46 2.339345378481712
46 3.184765533487099
46 1.517583507364927
46 2.640650302926623
46 1.761810752697250
46 3.870575306073883
46 2.417373631459959
46 3.563540779752412
46 1.973528890572202
46 2.197280826786625
46 1.627515028568356
46 1.582256866147222
46 4.751559726324778
46 1.775078472645473
46 2.581795028186911
46 2.521173766660511
46 1.860192720397749
46 3.409786324841633
46 3.150517260684617
46 2.922778846221386
46 1.643606957105921
46 3.606268009785166
46 2.681740027501387
46 1.652750732763361
46 3.170925691439666
46 2.985567664540541
46 3.738941068504640
46 1.876877060490439
46 2.645413395249200
46 1.533547215286030
46 2.010183940955654
