10 0.030005772077710
10 0.028065651293325
10 0.017754723447112
10 0.018754286685978
10 0.038843983886652
10 0.031274901876289
10 0.028403032405668
10 0.024739359674261
10 0.014162781751346
10 0.021783526204159
10 0.016073107256494
10 0.022527177001960
10 0.022313263214934
10 0.023318030486827
10 0.012560789731900
10 0.019338798192268
10 0.024557152296704
10 0.032202701904059
10 0.032339533163497
10 0.029906970218147
10 0.053009116762325
10 0.020491014180628
10 0.030400446457801
10 0.025988986730356
10 0.045048922979894
10 0.027451404563385
10 0.043608270395239
10 0.026066427398729
10 0.026257851711180
10 0.013492864662283
10 0.022495583893635
10 0.043857699413049
10 0.054234762486524
10 0.018034956508862
10 0.032958554026343
10 0.023394474814182
10 0.014299727401350
10 0.045335105431560
10 0.031515502252860
10 0.029521980464707
10 0.017152886630037
10 0.021144511751818
10 0.019714322287063
10 0.040928344778052
10 0.053339449938600
10 0.013966829170322
10 0.018854896036922
10 0.016361913456033
10 0.039329920356183
10 0.029120356336598
10 0.017160393698719
10 0.025864509918526
10 0.012452721551236
10 0.033967443124054
10 0.019716286106207
10 0.027024320477266
10 0.020965277944326
10 0.018603403947381
10 0.025466974845785
10 0.026891619889267
10 0.034212384997661
10 0.013807996637561
10 0.025700291514402
10 0.018425507362722
10 0.032482888519390
10 0.025223487496036
10 0.015970671402520
10 0.025774009104466
10 0.019647613873640
10 0.010990036787225
10 0.014240838638757
10 0.023262822509331
10 0.016924809908082
10 0.021973002483514
10 0.044689310488630
10 0.028530812508764
10 0.017902232671846
10 0.015149711359367
10 0.043822401045028
10 0.024121464001348
10 0.032403278337009
10 0.019096971584314
10 0.020686037058818
10 0.012619458351780
10 0.038214007684808
10 0.020098754456713
10 0.020829251512404
10 0.028174085233032
10 0.024098861738688
10 0.018645840119245
10 0.027342990941960
10 0.033638459743611
10 0.026239287303959
10 0.064266528660574
10 0.031577258249708
10 0.023789068660857
10 0.023154633676011
10 0.030651312649814
10 0.026405148480447
10 0.026122249522049
10 0.021321493329717
10 0.049899666042884
10 0.026298182723953
10 0.016036541302459
10 0.029226223690141
10 0.039993183001389
10 0.029000596209622
10 0.046254922150709
10 0.038506811815088
10 0.025201796566196
10 0.026147067315933
10 0.017968066216282
10 0.014176051413406
10 0.024838996990913
10 0.023959993637565
10 0.041699746736798
10 0.022476006631699
10 0.014859296473573
10 0.029004155691431
10 0.023148657681796
10 0.013427155529271
10 0.032334906919339
10 0.027739127012455
10 0.036602676330416
10 0.016706804495391
10 0.018353951638680
10 0.015843460733972
10 0.024143128305296
10 0.020178716368984
10 0.020039198521162
10 0.033450622432425
10 0.042618544115869
10 0.028602953190477
10 0.033024556598460
10 0.019555249441825
10 0.030994630010967
10 0.024527992287721
10 0.027138946733228
10 0.027247155930594
10 0.030533594851707
10 0.022630849434772
10 0.034234975402748
10 0.045620311727056
10 0.049392762835832
10 0.033182968008789
10 0.014254464817672
10 0.021233973672736
10 0.031928393361946
10 0.016367584511115
10 0.015044917047535
10 0.017394731163096
10 0.053628792373279
10 0.023426141778995
10 0.023223020464407
10 0.035961507967368
10 0.013705871166761
10 0.012693199097498
10 0.029487690332856
10 0.017102165155613
10 0.041403254637332
10 0.024630470909647
10 0.027533597954267
10 0.039892821400392
10 0.018102711991093
10 0.024997305268366
10 0.027267350440558
10 0.029670233445344
10 0.019613002458268
10 0.028382110319574
10 0.047299819945438
10 0.034724163465616
10 0.023170777960331
10 0.024795173316643
10 0.025811746782231
10 0.031608242706230
10 0.036810447731521
10 0.048256602084281
10 0.016816374020798
10 0.015147350886149
10 0.017587544143549
10 0.016497616607891
10 0.024344242572883
10 0.027558110084457
10 0.015218219930644
10 0.037245885809470
10 0.020822070471549
10 0.028483928894729
10 0.029714261321630
10 0.027928446603262
10 0.021098848418492
10 0.028445519682188
10 0.029143467926852
10 0.028242993678171
10 0.032123229464229
10 0.021747450724784
10 0.044784085628380
10 0.034126138839677
10 0.041851543937300
10 0.031695064232151
10 0.018802714301351
10 0.026185191482639
10 0.030206274410049
10 0.028734202482274
10 0.032996512677155
10 0.031879963945795
10 0.025585877481606
10 0.029530614745350
10 0.025088813891020
10 0.029123924519592
10 0.038767431611598
10 0.012963296526032
10 0.027914221313092
10 0.016325336091067
10 0.026488028114122
10 0.026823312958952
10 0.046254532722769
10 0.019125085168137
10 0.016161182700195
10 0.025397254598161
10 0.033585893490017
10 0.025885680240331
10 0.015544593307911
10 0.022593022953789
10 0.038527388757798
10 0.017158664953217
10 0.012086055442122
10 0.019170742294844
10 0.035094141139166
10 0.019796208157995
10 0.034158204647239
10 0.026406315088699
10 0.031108166258519
10 0.031497952885941
10 0.023136657364629
10 0.025707888639747
10 0.025042528769929
10 0.034536080851188
10 0.016129603374916
10 0.018199610198085
10 0.034756632178185
10 0.012915015730699
10 0.028584790526361
10 0.026739200025265
10 0.031592054581475
10 0.024181121196521
10 0.019682072815647
10 0.020833067826845
10 0.020257984205175
10 0.020963488783790
10 0.012368555705738
10 0.013166682176120
10 0.048956846569931
10 0.022215077613876
10 0.023284756745806
10 0.047819627938921
10 0.018278971949312
10 0.015292601962493
10 0.039359728740246
10 0.022664434118012
10 0.024011081330975
10 0.018246509031786
10 0.022987788970157
10 0.018092379940456
10 0.027144046055792
10 0.025877045794054
10 0.026603285508360
10 0.015220509668609
10 0.033910689122800
10 0.022068362674854
10 0.023658781402916
10 0.019655757482225
10 0.017030956787318
10 0.027467240027011
10 0.015011481903747
10 0.026206310493932
10 0.013906728587613
10 0.020992216541268
10 0.017636903486955
10 0.031392273043772
10 0.020109150015439
10 0.028211343089676
10 0.037151377389103
10 0.029121329233439
10 0.020763842200876
10 0.036787406606162
10 0.020596421747852
10 0.024452703307103
10 0.020688288144513
10 0.025405798881518
10 0.026191264201055
10 0.028148729140263
10 0.023284586394782
10 0.020041616010414
10 0.036885618797738
10 0.019522465390138
10 0.052233553633811
10 0.025013172443346
10 0.042633873799778
10 0.038376452311570
10 0.033371673063327
10 0.023181558909946
10 0.030884820204551
10 0.012392551155144
10 0.026472896407227
10 0.021981206353023
10 0.027156627221591
10 0.013174010751834
10 0.016833374278297
10 0.016906763776641
10 0.013193720091481
10 0.013087606233082
10 0.028211278978744
10 0.015119703599534
10 0.016127135413269
10 0.033195099070622
10 0.018361556692607
10 0.026558392261964
10 0.017098824731986
10 0.014466378260971
10 0.021442691462699
10 0.017427967659164
10 0.045371683972467
10 0.018703579246405
10 0.024808367911124
10 0.029595132637356
10 0.014836427919181
10 0.035370225902696
10 0.011732757206106
10 0.016651713336117
10 0.020733179315168
10 0.022549070813237
10 0.023869249153269
10 0.027435029096447
10 0.025626599128858
10 0.033718280269009
10 0.027497908034654
10 0.041055898609832
10 0.043324046349425
10 0.041935233735942
10 0.026116500360648
10 0.026260277180497
10 0.027022137364654
10 0.022992436761786
10 0.021036559144259
10 0.022511706829725
10 0.016537645403867
10 0.030361120401161
10 0.012809674071522
10 0.022258983394476
10 0.048401492439116
10 0.037388034837858
10 0.022727781779659
10 0.020909903405094
10 0.021192371696668
10 0.035051146680851
10 0.039042075598698
10 0.022695520039266
10 0.023792488251359
10 0.028061602662857
10 0.019226108761081
10 0.016076679813524
10 0.021863627830374
10 0.027017096791154
10 0.018903335328289
10 0.032207228479264
10 0.042515861652593
10 0.021014083128807
10 0.018209963894670
10 0.035440006781655
10 0.026526513594368
10 0.015174334326910
10 0.015042220789950
10 0.032895688263439
10 0.047299795426044
10 0.010647467941289
10 0.028733881211659
10 0.031245240292860
10 0.021734941825580
10 0.020313202299604
10 0.029373068738259
10 0.031907407915212
10 0.015295674846498
10 0.038352370172248
10 0.019500371112692
10 0.015163123438210
10 0.036985149194277
10 0.023102174612343
10 0.012200273616116
10 0.037884274766654
10 0.025507248831772
10 0.019594043540018
10 0.019769727957037
10 0.015699361730965
10 0.030462201034169
10 0.026635387090740
10 0.034982464594851
10 0.024690319891042
10 0.022282000040546
10 0.023865434737668
10 0.023567559567798
10 0.026256395623707
10 0.018666665866465
10 0.026130440442410
10 0.019475427767064
10 0.031609880532006
10 0.020546809284957
10 0.031451058422785
10 0.028521092682620
10 0.021671659693731
10 0.027461046803438
10 0.022173513696208
10 0.051148971386553
10 0.021453487774653
10 0.022664016308541
10 0.023713886385892
10 0.017646678364115
10 0.021844780148958
10 0.015629636772229
10 0.022742435473629
10 0.027545053857207
10 0.023657544616561
10 0.032471984661355
10 0.034770659430022
10 0.042335072526203
10 0.021942794664507
10 0.032818035358822
10 0.023840840147892
10 0.041546447477978
10 0.039213924707769
10 0.037307310693278
10 0.016636925682108
10 0.028653949702092
10 0.035053994897743
10 0.030580474134270
10 0.010413771990283
10 0.016205549734241
10 0.015301559884530
10 0.016000463082107
10 0.012909233557233
10 0.019912664414151
10 0.037535934347018
10 0.025487247564477
10 0.021243988581645
10 0.012464055987781
10 0.035818657866397
10 0.023588584638649
10 0.020896755142191
10 0.043170922523793
10 0.018702835884157
10 0.022130780482447
10 0.028299215101009
10 0.029936330633243
10 0.027059577032281
10 0.022135742921339
10 0.041981865672119
10 0.025377526937222
10 0.016249519005522
10 0.048354908497389
10 0.025991992043207
10 0.018296385927931
10 0.035771995822536
10 0.022593555722878
10 0.019750766361371
10 0.021282163769422
10 0.016165847394744
10 0.023693561988768
10 0.025150573264792
10 0.044462440844442
10 0.037861287797417
10 0.026922187894044
10 0.026563771191849
10 0.026916503408767
10 0.044825836237447
10 0.018100308504215
10 0.017589919036720
10 0.032170290095394
10 0.025518453192677
10 0.019893892393910
10 0.022773239754627
10 0.037570990619084
10 0.021794352468151
10 0.018810065973510
10 0.049004244522993
10 0.024049640505847
10 0.013116572526585
10 0.017872846094558
10 0.027378872953969
10 0.028627681705081
10 0.022550279465156
10 0.038742759786285
10 0.028961087635595
10 0.022403161397607
10 0.039126648068691
10 0.028978873766649
10 0.019158897200723
10 0.022653216221288
10 0.016005529367105
10 0.013328290276499
10 0.021821574863719
10 0.010872762102041
16 0.109308047510231
16 0.189343632797998
16 0.270223570288586
16 0.248031527851923
16 0.189308444350575
16 0.144771523480609
16 0.235633585918694
16 0.138002803240384
16 0.167783951083400
16 0.107023801655474
16 0.119589527774051
16 0.180053145288945
16 0.205821765741592
16 0.210581529011779
16 0.223278314092204
16 0.135515248929324
16 0.099550450418324
16 0.302493785018440
16 0.180340936378523
16 0.129152993513723
16 0.199527043495685
16 0.152327840321920
16 0.089517818450969
16 0.177708767185811
16 0.181230734625705
16 0.225518952548757
16 0.222677851282414
16 0.139748776569896
16 0.153764167289338
16 0.152980501523350
16 0.296377908977005
16 0.233872858761873
16 0.185204356082298
16 0.202266831489381
16 0.160622738631401
16 0.155143163035113
16 0.142952229879590
16 0.239282599556645
16 0.155039874515105
16 0.178329871973260
16 0.110273346952780
16 0.118690064528666
16 0.192608508228694
16 0.301061033914648
16 0.121640974578078
16 0.224894334109675
16 0.165850476268427
16 0.140740196213816
16 0.242436500084087
16 0.179909590136676
16 0.226279036505858
16 0.182169686920174
16 0.173224853576265
16 0.159210506492973
16 0.175707816567623
16 0.209154851349195
16 0.187071702663989
16 0.130893481311417
16 0.210745862502823
16 0.236702962323672
16 0.216971876068380
16 0.126960154255814
16 0.126709346658433
16 0.199183893733621
16 0.220429977069385
16 0.234608594738607
16 0.135325475870341
16 0.174274725295731
16 0.103242077917200
16 0.131029232364922
16 0.222835570065616
16 0.088245330883699
16 0.167709228445737
16 0.219864577096605
16 0.186543631947333
16 0.165507409873714
16 0.136556800338783
16 0.183667555052127
16 0.179425157173698
16 0.174030143920847
16 0.163775228743288
16 0.217533047348856
16 0.170042761268093
16 0.191443333976962
16 0.180777354644891
16 0.233944316075510
16 0.120579305039688
16 0.232572020347743
16 0.113417405534960
16 0.250984830539551
16 0.132451409443210
16 0.109422393708846
16 0.143992493921480
16 0.159735936923643
16 0.161084273998745
16 0.200936167083334
16 0.286169188321629
16 0.196283234506632
16 0.149490197427296
16 0.128972966562105
16 0.122886624893517
16 0.233829771852541
16 0.227516606498736
16 0.128713040483327
16 0.178175973651320
16 0.233286090422290
16 0.165205725495404
16 0.155986422717831
16 0.274393900292793
16 0.139117773841734
16 0.212762218138939
16 0.158196023883181
16 0.172034650988063
16 0.209959909107615
16 0.082863534125564
16 0.191954958710331
16 0.182726649746856
16 0.159567841582225
16 0.182172554123864
16 0.243571494229179
16 0.210241698214519
16 0.166821106724917
16 0.163170455606081
16 0.190546388654464
16 0.120969266994340
16 0.148136845161112
16 0.162123777406531
16 0.099159941412904
16 0.193592343283485
16 0.137906769752205
16 0.115336621759452
16 0.096393755192346
16 0.124408376083638
16 0.206873945761044
16 0.166419011211778
16 0.147524608444490
16 0.170132428369830
16 0.170529989793125
16 0.148278385508048
16 0.127884937078597
16 0.170529738167847
16 0.106905611846359
16 0.090775771462314
16 0.133967435769064
16 0.132309137799770
16 0.229051044202912
16 0.285629010390006
16 0.277189979925967
16 0.108227306759899
16 0.295868895107916
16 0.318431090080808
16 0.152086811823755
16 0.181517323687089
16 0.118682768218738
16 0.227841184090002
16 0.140399091051471
16 0.160148498195194
16 0.108516153444137
16 0.266500380883320
16 0.111459226264482
16 0.158166747606234
16 0.145636498252066
16 0.218943129014132
16 0.160448129656036
16 0.099199360142714
16 0.144575629367778
16 0.111069409613951
16 0.154842882308075
16 0.140508944918364
16 0.220306939450560
16 0.109891114581993
16 0.160431952430354
16 0.225521691019546
16 0.182453273052818
16 0.203078642244496
16 0.310019100797182
16 0.156654065640159
16 0.237146525946576
16 0.187684649151561
16 0.291342871412966
16 0.236328544600552
16 0.166269745857588
16 0.185878608658458
16 0.152719986509751
16 0.308704107342371
16 0.191628223962764
16 0.221701742070627
16 0.198598925890858
16 0.109661788650646
16 0.208007120643482
16 0.131035447091867
16 0.219090785367576
16 0.134047426156532
16 0.139064723180884
16 0.183335019035828
16 0.190587430281301
16 0.172821163166499
16 0.145179120439212
16 0.129778219170330
16 0.184268628945788
16 0.279856489041460
16 0.271920626914849
16 0.091474089885877
16 0.161136109517886
16 0.206268002238464
16 0.287148580247119
16 0.148236680057386
16 0.222442262368752
16 0.274960002977968
16 0.187151837339733
16 0.083481730375399
16 0.176892961273626
16 0.344833209692647
16 0.143746564626796
16 0.289701264816856
16 0.218475845539716
16 0.194793090112646
16 0.145357917024854
16 0.164428769859946
16 0.100705576350275
16 0.093822528421065
16 0.209253059969851
16 0.180407268720657
16 0.392376767306923
16 0.189054256617313
16 0.177148227767834
16 0.144588502313393
16 0.139903994168757
16 0.152294233240600
16 0.221033523096849
16 0.142620616513801
16 0.116561007791674
16 0.153363250250096
16 0.204633952419562
16 0.124113100570094
16 0.126019620596955
16 0.162092235788500
16 0.132665551952775
16 0.232494839789103
16 0.299448481916904
16 0.145300746209171
16 0.292132637494242
16 0.147086907773887
16 0.122177666447624
16 0.082634413071063
16 0.182338379806258
16 0.111760589856368
16 0.107355470607954
16 0.139746714547869
16 0.168516157958463
16 0.164582807894976
16 0.074422403694372
16 0.174506615566286
16 0.129545052047550
16 0.102062744334761
16 0.164049062253290
16 0.201735551154362
16 0.162863627861156
16 0.082736071630154
16 0.256507445719340
16 0.206083061573889
16 0.105314585710978
16 0.130095676473111
16 0.138332069962387
16 0.217215068137657
16 0.127238158700686
16 0.150849774988171
16 0.110007825668899
16 0.393757386583182
16 0.120115243002976
16 0.062764794126158
16 0.110625653464038
16 0.245665402300748
16 0.186842656729945
16 0.150630844484335
16 0.089947944395327
16 0.072613120968292
16 0.197196296827687
16 0.101623182552331
16 0.295170721910573
16 0.240402765218098
16 0.188945176782718
16 0.155593230124031
16 0.154208037478794
16 0.137494273036337
16 0.206368844972103
16 0.177701473673146
16 0.168573173737853
16 0.130489144231734
16 0.140873636335276
16 0.129479805403801
16 0.251125332110636
16 0.231344580337349
16 0.123913243689038
16 0.143742042433607
16 0.252654811102317
16 0.197318814961396
16 0.144712474460958
16 0.183792565597643
16 0.139138391629068
16 0.147226232845007
16 0.340082572303422
16 0.146764947631879
16 0.151959258409867
16 0.117857080601359
16 0.212627570385441
16 0.148852537939275
16 0.151536842247770
16 0.112620677156489
16 0.158768822763508
16 0.146867238572617
16 0.092418484528751
16 0.125149949730506
16 0.160206962416910
16 0.186077130721369
16 0.136133258311335
16 0.318223799720220
16 0.166707571849505
16 0.161361670970981
16 0.262557771199238
16 0.152210703238618
16 0.259368694157365
16 0.280606183198742
16 0.155799089084913
16 0.087549273350941
16 0.126676642289824
16 0.152317731979264
16 0.127758799084224
16 0.142307840571583
16 0.233546053452551
16 0.215792447422167
16 0.263696798186888
16 0.196220607411669
16 0.193413871245706
16 0.160292914212888
16 0.175141193398594
16 0.124466860149191
16 0.227552733298003
16 0.213673193543192
16 0.082440305622810
16 0.123237106749894
16 0.161382345391799
16 0.251359219017685
16 0.169622592094707
16 0.129635527773081
16 0.297876547619610
16 0.181712778975471
16 0.166551455130123
16 0.098916015267202
16 0.261167847624461
16 0.145575894908208
16 0.112210147695805
16 0.137543509592633
16 0.176383621160043
16 0.201380285433148
16 0.171745965263460
16 0.115865441725133
16 0.111546380580332
16 0.114467013610141
16 0.247620913999553
16 0.201446436074370
16 0.116202824580881
16 0.194465099778032
16 0.120523770051941
16 0.114017846259742
16 0.082051578601149
16 0.152433520865287
16 0.216777065147423
16 0.197149584440602
16 0.138096925195652
16 0.178859166755612
16 0.137435774852974
16 0.201076730286536
16 0.202029678441323
16 0.156699389372384
16 0.112013398524584
16 0.117238122550559
16 0.126549931782569
16 0.147961602236247
16 0.194583248592993
16 0.184999632682082
16 0.282736903433370
16 0.201670369903813
16 0.238436876012529
16 0.180084857841747
16 0.103001534157047
16 0.139594134214630
16 0.228138941811830
16 0.144176216551709
16 0.201979504505522
16 0.261903518057289
16 0.118026670568919
16 0.202047080279876
16 0.159980632799889
16 0.146627983888511
16 0.238101420745816
16 0.155882915139576
16 0.127892508507989
16 0.122034049136275
16 0.230191164834190
16 0.231249311489238
16 0.171546755983334
16 0.100827898803058
16 0.098527634485252
16 0.128553912038270
16 0.152923864261609
16 0.110759591562179
16 0.151527113797380
16 0.224422569251748
16 0.257790943922250
16 0.157219902311643
16 0.320692386218519
16 0.193844607547312
16 0.129312476395991
16 0.131430256432062
16 0.138627776215025
16 0.160202796442652
16 0.129039080900389
16 0.106021019973278
16 0.127574569272288
16 0.215017258408615
16 0.250271013791992
16 0.140670586329811
16 0.210650950055952
16 0.178260403444730
16 0.146937696525395
16 0.120043563073900
16 0.163024038123406
16 0.118136867122519
16 0.106800942507062
16 0.112040220544085
16 0.116420462536222
16 0.223508128377555
16 0.155190832305803
16 0.207585183905343
16 0.139555474368985
16 0.166053394402945
16 0.131469949025462
16 0.181695920835504
16 0.096306411090339
16 0.105889225565008
16 0.131869486050961
16 0.096826669266470
16 0.111922752464644
16 0.227333872098689
16 0.144623835634418
16 0.138003914873475
16 0.194850194027298
16 0.245911822646849
16 0.213817543131970
16 0.187050305114728
16 0.095212780252134
16 0.108678376340855
16 0.180801879539900
16 0.130479942853780
16 0.101244047955716
16 0.225668314374584
16 0.268142727677904
16 0.299963427693515
16 0.204194556640044
16 0.158407323855540
16 0.210807684869414
16 0.272713771454301
16 0.235051712909666
16 0.093399944675933
16 0.111311613560877
16 0.159689930054788
16 0.288098889926518
16 0.093837553179722
16 0.125551756476920
16 0.205026833911067
16 0.139323916869911
16 0.212588831187401
16 0.119075494589407
16 0.139483551390408
16 0.164169568794191
16 0.240981681892647
16 0.131229303579437
16 0.229914083030583
16 0.190171038055641
16 0.270466183011319
16 0.152543471933558
16 0.184181517979425
16 0.099374126815311
16 0.264916116180261
16 0.311861792736845
16 0.215119981027529
16 0.207686476046136
16 0.173970805452526
16 0.194949225050468
16 0.152474825828384
16 0.084107015918137
16 0.104309432200613
16 0.165224022774882
16 0.267520229941249
16 0.117223913715688
16 0.202247630672629
16 0.149839718321985
16 0.228035971870370
16 0.178305067965364
22 0.608537398477019
22 0.501177469161514
22 0.551426969110715
22 0.491256117402229
22 0.774922086068462
22 0.378650698218331
22 0.301867294376611
22 0.569421378230752
22 0.596740727289266
22 0.659892602637859
22 0.559271118725999
22 0.515417018479895
22 0.424061301075388
22 0.487266325877180
22 0.487794899867950
22 0.595748732340837
22 0.712394661058443
22 0.857205361191102
22 0.403001607527679
22 0.596613649965149
22 0.545755246007229
22 0.561543671348941
22 0.701058371686106
22 0.438918824836772
22 0.392196689666082
22 0.604802937278974
22 0.378138246267546
22 1.485972541575205
22 0.907952525869466
22 0.623126154288713
22 0.417405560483916
22 0.351117737127749
22 0.450413260452043
22 0.778306129280518
22 0.696025866244258
22 1.073015090814083
22 0.776082434556527
22 0.353785827819924
22 1.273507644287923
22 0.527560104952518
22 0.667079053233720
22 0.538315608010917
22 0.491271003858738
22 0.453764512810005
22 0.790444770532328
22 0.441584778445656
22 0.907316186639077
22 0.416159197760630
22 0.859417816937664
22 0.695311289643961
22 0.629112606275188
22 0.709774128417471
22 0.449586162082193
22 0.274836914480213
22 0.474186607685447
22 0.422038927937635
22 0.396134299980366
22 0.526296281001492
22 0.570330509706911
22 0.476571652122480
22 0.402919443841456
22 0.492088104677798
22 0.796162506518096
22 0.269538246049440
22 0.692363566148138
22 0.567076692445286
22 0.342266315346229
22 0.863686283456588
22 0.684691797087627
22 0.574626008311749
22 0.721534649339005
22 0.841684367830105
22 0.372982040678071
22 0.486409074375130
22 0.804033439022699
22 0.750910524407161
22 0.758182469729494
22 0.445812473063270
22 0.726147319384969
22 0.463214639742841
22 0.414154259358014
22 1.220353849809658
22 0.546183532802281
22 0.728420729891726
22 0.505644600185095
22 0.590841501660637
22 0.376313413448174
22 0.768065182106002
22 0.577676095216182
22 0.511805994565754
22 0.543756248662479
22 0.688134415401476
22 0.373850952438400
22 0.542888953582191
22 1.014612529828060
22 0.788510391886309
22 0.812174163439246
22 0.894164352799186
22 0.489158926407714
22 0.553061978357811
22 0.547907402784488
22 0.997828422967894
22 0.973383092699565
22 0.418144160588660
22 0.401085137500523
22 0.474974183028364
22 0.726521891395852
22 0.477375609178757
22 0.975596856715952
22 0.620379718229072
22 0.833363114117497
22 0.523491710684343
22 0.650346201147200
22 0.329198346296793
22 0.667592697427778
22 0.533313732058905
22 0.494321224384720
22 0.538804510668817
22 0.834180431689487
22 0.423446670428659
22 1.122758916090461
22 0.551266550083711
22 1.160645090564668
22 0.533002676260207
22 0.958813882514840
22 0.518932273510469
22 0.859767505417577
22 0.662387719914395
22 0.432237718424553
22 0.778590595642813
22 0.524928370287016
22 0.370917286599317
22 0.790427008480406
22 1.022393897039405
22 0.688630658728559
22 0.376775450418365
22 0.521268383941831
22 1.002520960627144
22 0.763557554799274
22 0.549532425930183
22 0.818323348762307
22 0.748796827432452
22 0.507343668269320
22 0.415084134793523
22 0.351964072427741
22 0.548921161041005
22 0.515048059505044
22 0.771739614115938
22 0.532568278099806
22 0.493190850500553
22 0.468683263606647
22 0.745824530442192
22 0.805186822114472
22 0.595728528027022
22 0.791883637038697
22 0.548443892171858
22 0.455111474441103
22 0.696763629492503
22 0.755822739574576
22 0.586061860800898
22 0.578446388697492
22 0.913448547136174
22 0.605563857854505
22 0.425544595621021
22 0.418532448678925
22 0.705407388608779
22 0.766444285632205
22 0.345481955240688
22 0.372036035919806
22 0.300415931371171
22 0.424756678781057
22 0.725536975997675
22 0.460584128810448
22 0.700926272308969
22 0.627987362510187
22 0.670717742241858
22 0.463979244080146
22 0.617423448072632
22 0.666983221111699
22 0.273559322423563
22 0.377927252913570
22 0.509277317653395
22 0.441189039631333
22 0.534352859563927
22 0.729971276473797
22 0.356161377331491
22 0.536566761274855
22 0.396399266786235
22 0.574254871691782
22 0.954311963046590
22 0.526344157431268
22 0.656140700935239
22 0.662206576528936
22 0.497702908990644
22 0.571919126029804
22 0.279846069481234
22 0.366894024184256
22 0.627175557872024
22 0.473608880190483
22 0.489785216433944
22 0.932362522818780
22 0.875947876513558
22 0.703956259769793
22 0.427599765877192
22 0.427460602187891
22 0.696270753293150
22 0.510235675003352
22 1.075148806202392
22 0.836543161929479
22 0.908720178441852
22 0.281598877716980
22 0.469219846924399
22 0.478561648183172
22 0.352913196251340
22 0.764718937133862
22 0.495939600591840
22 0.908551207041802
22 0.658395041465564
22 0.357577657389492
22 0.990929832808477
22 0.577622836711866
22 0.502713365191356
22 0.458520596303134
22 0.661875572702828
22 0.804324347468495
22 0.710373985373351
22 0.739010473182418
22 0.387404244018380
22 0.822033666396362
22 0.285894783433211
22 0.694028509810845
22 0.895287390466073
22 0.346920186216749
22 0.504200352214747
22 0.579625566168362
22 0.677825214207079
22 0.866051727240189
22 0.661644957441391
22 0.640857981739205
22 0.382174273197991
22 0.656484739075956
22 0.828050151764640
22 0.643296434899552
22 0.522573489803989
22 1.119044006696312
22 0.533192660567113
22 0.579219758069974
22 0.673247222494198
22 0.567670883900252
22 0.625290242578373
22 0.518298765070634
22 0.415140284074582
22 1.060128401209114
22 0.664431851579450
22 0.399766559793778
22 0.420491834072875
22 0.447099308942471
22 0.494783805977935
22 0.400178065417259
22 0.306964504850671
22 0.396545403260641
22 0.436231191274346
22 0.781606824105075
22 0.440337145066235
22 0.323613063599067
22 1.295891207443050
22 0.608087413409451
22 0.463231722966394
22 0.418587359214327
22 0.722777310238135
22 0.483608446634688
22 0.482600407223801
22 0.687526040735354
22 0.855852813827010
22 0.619261141436158
22 0.936235217366936
22 0.601175059471358
22 0.755665844465130
22 0.477993180812471
22 0.668160896313853
22 0.765444667872701
22 0.458730547185987
22 0.448327826539172
22 0.530343304279306
22 1.057111514709136
22 0.851141354701098
22 0.644012326291313
22 0.492654596004571
22 0.445883222615034
22 0.498749015339123
22 0.818603660464675
22 0.525987476309991
22 0.341046851486482
22 0.382736927531188
22 0.640399102141695
22 0.554471306904702
22 0.605514542824957
22 0.935211057066046
22 0.741320157686883
22 0.369268304991462
22 0.602663668514021
22 0.562077118298022
22 0.855542488511122
22 0.501766472567334
22 0.854867459057379
22 0.501676186862587
22 0.474216975935035
22 1.294139113567097
22 0.484277013049040
22 0.493881317413107
22 0.312729237463390
22 0.359089663793736
22 0.803137976868574
22 0.607783013809955
22 0.654831167250364
22 0.596794149440409
22 0.518070239815173
22 0.628069936601907
22 1.309963155529809
22 0.420616480628139
22 0.571241458264347
22 0.406414545981022
22 0.563619040720406
22 0.494764208314447
22 0.675932685178777
22 0.805137587746409
22 0.510935844653604
22 1.169037969822995
22 1.319580277119585
22 0.844492094182822
22 0.764441358138795
22 0.786612404738355
22 0.605634526367085
22 0.652379541694482
22 0.344724033104697
22 0.487084381639983
22 0.590350160087439
22 0.536834162130015
22 0.399227250645469
22 0.720016795708693
22 0.760609788295844
22 0.467857377054489
22 0.458359303443043
22 0.673177220550487
22 0.476384769863226
22 1.393723149055136
22 0.780386235254453
22 0.501088028112578
22 1.472103140247406
22 0.696762782296623
22 0.420507524102357
22 0.539442335310766
22 0.387720553152071
22 0.292875490665597
22 0.339982385638053
22 1.017081979172211
22 0.691824930751144
22 0.475702935341684
22 0.367617449490453
22 0.434963655946664
22 0.247485723835569
22 0.500991130658068
22 0.794911543435838
22 0.849367265915060
22 0.459473081471767
22 0.539908926620829
22 0.440972124680608
22 0.488561423371263
22 0.592683214920112
22 0.622908130384188
22 0.646193791206950
22 0.669096412800594
22 0.620751839445032
22 0.383585650304608
22 0.717095646311972
22 0.516447315552567
22 0.561236368184979
22 0.443292265398570
22 0.617162051543025
22 0.550981438866379
22 0.430397113974570
22 0.402649767604525
22 0.620370538072777
22 0.654331982150023
22 0.564620687183479
22 0.436540267541711
22 0.720825135916171
22 0.446101297255584
22 0.352501111652345
22 0.380733231015074
22 0.520618216915725
22 0.384443715970968
22 0.794810103601626
22 0.726713407974342
22 0.889324266081949
22 0.696300300345026
22 0.482982426970499
22 0.432867393170183
22 0.348598300820880
22 0.549269883348988
22 0.507035022138788
22 0.609434564092390
22 0.793010988382614
22 0.989528447766393
22 0.540845052445555
22 0.456598187421919
22 0.721434628116365
22 0.343562415363134
22 0.463239052942102
22 0.835327592940685
22 0.518845335862632
22 0.835650794336697
22 0.536993533447820
22 0.608540940875694
22 0.523676669489204
22 0.492628987943309
22 0.464376456584804
22 0.354074467698977
22 0.417510096553943
22 1.080670938236410
22 1.593268506666217
22 0.344255552591001
22 0.653667791600634
22 0.480436159183784
22 0.447030421285381
22 0.619037695046608
22 0.928921666756581
22 0.576744908679558
22 0.615752653011135
22 0.472504745534199
22 1.002570249957652
22 0.493456031166574
22 0.479063288706049
22 0.525254300654533
22 0.468215813546959
22 0.578896564095760
22 0.533042245552662
22 0.875359082816090
22 0.707448833157227
22 0.668701152909420
22 0.381664774905231
22 0.610381034543293
22 0.815402205790837
22 0.368810875187885
22 0.729272643557698
22 0.445482870408234
22 0.777011718912980
22 0.788470574721507
22 0.464835591145532
22 0.447732751382484
22 0.490542892566511
22 0.612921922078749
22 0.440345571603754
22 0.773816483178843
22 0.652605681554598
22 0.627380384703775
22 0.848074409775090
22 0.491937078877902
22 0.824178613922466
22 0.362333517267676
22 0.659405958908479
22 0.479295587112666
22 0.675200173304073
22 0.556751799951860
22 0.596144564097014
22 0.677033046231568
22 0.402089564042111
22 0.832439956753953
22 0.610378530837548
22 0.867868741341338
22 0.559400261778169
22 0.283480339721592
22 0.364807812143021
22 0.949299995413965
22 0.504895878477084
22 0.956802881165609
22 0.543289405348806
22 0.631359332063793
22 0.597307817181083
22 0.628797562755566
22 0.482067079931423
22 0.388169843215699
22 0.862452147767911
22 0.507853956691036
22 0.677104129896073
22 1.351084664773596
22 0.599039386330014
22 0.468553443044343
22 0.516341351154842
22 0.571923015914369
22 0.440075447037347
22 0.313182856966954
22 0.467609033737046
22 0.673085425250988
22 0.996899632858185
22 0.737581702022832
22 0.381942417096559
22 0.485010732771913
22 0.907761709024132
22 0.465879688106760
28 1.516284251871846
28 2.399938049282934
28 2.730053336418237
28 1.271142424366781
28 0.916109033728572
28 1.420248326529154
28 1.661612248927127
28 1.029763034549644
28 1.497641413169262
28 2.553784661092416
28 1.871933700913933
28 2.260710332804543
28 2.577586845513178
28 1.614856332253320
28 2.589387971082396
28 1.524528302063806
28 1.222614283896033
28 2.365825156615289
28 1.761126463647686
28 2.540135035910298
28 1.289833667098220
28 1.559313682707938
28 2.183661311983920
28 1.523207957715517
28 1.458826200022695
28 1.285360449467363
28 1.102488077736488
28 1.315717871201652
28 1.002816636103331
28 2.725375237223817
28 1.215144616948136
28 1.252421703114360
28 1.181841756998796
28 1.417038395910608
28 1.871639342458358
28 1.175900623427927
28 2.059152411226012
28 1.259217229133778
28 1.667503021196912
28 1.445395221057779
28 3.802783678188923
28 2.521226509023109
28 1.448164735915977
28 1.358896170388691
28 2.302210172941039
28 1.725717253284833
28 1.654869228603532
28 2.408586002935222
28 2.442886290943649
28 1.471750806573240
28 0.952923468446031
28 1.232804404244824
28 2.056571419770089
28 2.367279329928192
28 1.066129278911580
28 1.113525086450653
28 1.636230309902550
28 1.945494548995118
28 2.088648308561546
28 1.272695693427215
28 1.309862356301651
28 1.744074722705402
28 1.423654336246805
28 2.203641135300770
28 2.147107083244354
28 1.473875251842075
28 1.828231521429892
28 0.820541258518575
28 1.828569477029945
28 1.139874374489064
28 1.304086109000147
28 1.638636854261702
28 2.106556058618493
28 1.362495085524092
28 1.476636744920166
28 1.798914906623858
28 1.026929422438581
28 2.094411489723551
28 1.128597605328609
28 1.448986834633825
28 2.108617009616370
28 2.055706631485226
28 2.398225411093899
28 1.954585230999011
28 2.864224549744975
28 1.507408468319234
28 1.701512660369149
28 1.225183628383379
28 1.741649934333259
28 2.257639801130638
28 1.876534726302546
28 1.547433686533694
28 1.811436750848428
28 2.073350891766627
28 3.589189585905736
28 1.222188933500266
28 1.726621234894033
28 0.975788753495416
28 2.355970637581007
28 0.692473269653246
28 2.474309847182280
28 2.425098319942575
28 1.136562174916987
28 0.843733229096622
28 1.310186615187458
28 1.750610235993831
28 1.081601222119506
28 2.358007464011371
28 1.213053425839761
28 1.485507835839311
28 1.657042913753456
28 0.781454162696829
28 1.313658157008818
28 1.682525966144208
28 2.429737248584443
28 1.769408937361416
28 1.723587728287953
28 1.675539467070290
28 1.439972537623716
28 1.192524934717636
28 2.233225432645829
28 1.755909535271826
28 1.511787517098132
28 1.336636397819906
28 1.106307666097517
28 1.951701037890729
28 2.463351363898747
28 1.698617024733406
28 1.606792810675737
28 1.332154832217896
28 1.997076243774756
28 1.959944622455834
28 1.930645573964509
28 1.265295027304919
28 3.363072733217157
28 1.331176757630685
28 1.245206346535752
28 1.316102820002911
28 1.131790768557146
28 1.373327552573682
28 2.053438564072603
28 0.965129922425285
28 1.077162282740501
28 1.840662019509087
28 2.569832432873396
28 1.617555971885099
28 1.382421160578986
28 1.506843158524721
28 1.024499817317012
28 1.359082042892825
28 1.371022665990802
28 2.097713528455178
28 1.322803706922610
28 1.179856726423521
28 1.131066804776455
28 1.448138197000997
28 1.244635641474032
28 1.057187073113148
28 0.876994307967185
28 2.574875721013131
28 1.183101701865930
28 1.332581144594225
28 1.932540734441830
28 1.564794155336998
28 2.401606029503459
28 2.157216507778848
28 1.036692103100869
28 2.352127614039783
28 1.777614087055025
28 0.882039255698063
28 0.836897564882346
28 0.940307703637134
28 2.561114078241816
28 0.927187107278390
28 0.868124697611630
28 1.821853463343015
28 1.558764460974780
28 0.938761673079480
28 1.282292037466630
28 0.815176350471508
28 1.837696333861028
28 1.110548599068307
28 1.131345018229140
28 1.728425125617703
28 1.012900369117376
28 1.758731290714253
28 0.900341467743886
28 1.881759462157424
28 3.274577101990940
28 1.947635213841584
28 0.905068197536431
28 1.141015859253669
28 2.547570551681999
28 1.109305838827196
28 1.455283770942685
28 2.031798353465535
28 2.062973356520597
28 1.608333587380049
28 1.231435860371853
28 1.980536411674410
28 2.411928243444697
28 1.152651268226664
28 1.179192484395963
28 4.257653725652493
28 2.100943040414434
28 1.236995061842730
28 1.559386672723950
28 1.548135023555658
28 0.755126962252532
28 1.659694012837298
28 1.474943921630616
28 1.209665975227405
28 1.898548088441214
28 1.715339054891379
28 0.937353187806219
28 2.301885675992568
28 2.374151952067403
28 1.761686514827148
28 2.217718413472021
28 2.691437431213621
28 1.441210758729239
28 1.696444705064923
28 1.435403363513712
28 1.474017861759580
28 1.379003970691462
28 1.833764986845453
28 2.049238197070305
28 1.359526460419753
28 3.421223910365592
28 0.827058789783169
28 1.923193603019111
28 0.906060419626139
28 1.066092244786836
28 1.658694317000134
28 2.269528340895649
28 1.654240266239311
28 0.998702258867836
28 1.025507490068212
28 1.315484109098521
28 1.382114116751564
28 1.975894228376877
28 1.345437295210258
28 1.768623774928777
28 1.363394667426050
28 2.324376353194381
28 1.343007795623027
28 1.569183177114552
28 1.082083630674041
28 1.560293783685833
28 1.205310139211859
28 2.205473611309816
28 1.809383134495546
28 2.226028998201389
28 1.582067872170635
28 1.441015352191490
28 1.338300222518275
28 1.674048935129510
28 1.320549690050425
28 0.986748724984123
28 1.174130553416369
28 1.105107763548434
28 1.803672096763226
28 1.572985499762882
28 1.989567826671816
28 1.538077928709955
28 2.374598276199395
28 2.191211646265945
28 3.555723354631069
28 1.225268916177955
28 1.652946910357172
28 1.328468228459138
28 1.054243307939924
28 1.244842785711762
28 1.385630690216855
28 2.217884584250351
28 0.934860997794686
28 2.235532042164588
28 2.376914076782247
28 0.882064792578656
28 2.009040077122680
28 1.667242100997421
28 1.683293583627693
28 2.029665485192063
28 2.322238310470786
28 2.775352700660092
28 2.196945214878577
28 1.737341769253405
28 2.249444933081813
28 1.209479770916730
28 0.847684204851014
28 1.479662638745620
28 1.554287499944170
28 2.091428063015591
28 0.895712885691692
28 1.009776307794830
28 1.601124276863041
28 2.023350634191205
28 1.135937707761268
28 1.561485628821254
28 1.206350420073379
28 2.340080278011414
28 1.630802670549522
28 1.155748409851962
28 1.850305520429462
28 1.895468149270342
28 1.448954130683207
28 1.344369304262169
28 2.006698657483511
28 1.597352126972000
28 1.557118141497122
28 1.377145091395261
28 1.511038695386503
28 1.725800204610790
28 1.975171118494019
28 1.140357630756946
28 1.865366718598668
28 1.692553177762953
28 1.028289193994532
28 1.618249547613797
28 1.247862058860452
28 0.848464676490958
28 2.292507283523226
28 1.967117790181309
28 1.321296130476741
28 3.478337143402112
28 1.748290110089941
28 1.943589902763909
28 1.466337657693871
28 1.202730463924212
28 2.184016108339165
28 1.271405936582345
28 1.371684077379942
28 1.344610040022166
28 1.537606811694322
28 1.465204327328842
28 1.654934663676599
28 1.222124732100320
28 1.344467761902240
28 2.439458647955489
28 1.460775838213638
28 1.875616024079926
28 0.986312107984202
28 1.505977554022299
28 2.105411279691691
28 1.511527344277127
28 1.030666069206475
28 2.607981395915943
28 2.332315810509161
28 1.582948112334052
28 0.972975242642065
28 2.265865134299718
28 1.427882540581191
28 1.602299820239418
28 1.524643609278410
28 1.559583478737901
28 1.371448693437130
28 1.211433786324999
28 0.729128559326383
28 1.433354837451893
28 2.149885347050740
28 1.986179725971123
28 1.699878189412436
28 1.372915605800965
28 1.164466748865303
28 2.016469610654876
28 1.398172362572248
28 1.252318580130807
28 1.827365218808702
28 1.694265132881025
28 1.888526773584793
28 1.577078157669438
28 1.163598494101737
28 1.612481358426722
28 0.922886818317719
28 0.950621135242312
28 1.461524864315334
28 1.318869772699263
28 0.946676199434079
28 2.972614888424274
28 1.157899831579353
28 1.177393394059523
28 1.194732229246383
28 1.725173141764200
28 1.116626093822907
28 1.146779585437066
28 1.039103482368746
28 1.971363540726811
28 1.298458669774037
28 1.352888108626557
28 1.080169518489268
28 1.115888950452893
28 1.838553656290840
28 1.311063031520361
28 1.194949218061873
28 2.031552186242787
28 2.073909007704298
28 1.533158630697135
28 3.099911441852790
28 1.164371165403432
28 2.458316736198231
28 1.144070615269698
28 1.580462047152583
28 1.013484180275616
28 2.079645574480620
28 1.425023554720563
28 1.052536341065931
28 1.122400147398896
28 1.153509526570772
28 1.067985056892639
28 2.930090816642145
28 2.521151799276640
28 1.799326030310930
28 2.185840790831476
28 1.344144459458038
28 1.373438431897880
28 1.178861879401818
28 1.282210377760617
28 1.184329209267456
28 1.489843810805437
28 1.659018003453498
28 1.432741865094082
28 0.915023399062765
28 1.451257384548365
28 1.907053346824112
28 2.113122983875910
28 1.523323086456405
28 1.440892244787545
28 1.588085091495385
28 1.199856273138196
28 1.000558004694756
28 1.746001741080652
28 1.061703863948752
28 3.251811774856550
28 0.857225358135606
28 1.944319601657423
28 2.184602872710482
28 0.902805760042066
28 1.354432609796514
28 1.348672985411267
28 2.475744014055052
28 1.861448594787986
28 2.309960748565035
28 1.819847744803733
28 0.884117770025349
28 1.632541387346950
28 3.124367480163761
28 3.016787580950074
28 1.385293619010117
28 1.468700703114413
28 1.450689245488213
28 2.244350893359488
28 1.754094731645262
28 1.030333940448182
28 1.762797383953532
28 1.376145196018007
28 2.350963083187374
28 0.826896032704336
28 1.312229523969468
28 2.749570554376365
28 1.788608394787581
28 1.437602068541869
28 1.099529674257886
28 2.499307747947871
28 1.147727573531852
28 1.196146905281396
28 2.329370737766059
28 1.077639183121722
28 1.240240626333439
28 2.029341830166690
28 2.576220175366598
28 1.640566391301018
28 1.827951134005835
28 1.394777189367104
28 1.478689452432376
28 2.096792974396438
28 1.935329806151308
28 1.691502414744950
28 1.891599679996406
28 2.411633974515563
28 1.707591882397399
28 1.263694166230441
28 1.753184287834991
28 1.727525061395972
28 1.430044041714384
28 1.532256159093396
28 1.959297702875141
28 1.291415226992079
28 1.770075890105272
28 2.520541001720872
28 1.162407809343768
28 0.980435231239919
28 1.549488098880020
28 1.193737636092727
28 1.308999057967784
28 1.569116842814002
28 1.887482538455835
28 1.650519343633626
28 1.830459998824201
28 1.210200710369309
28 0.839866075763399
34 3.383073980607546
34 3.796927008505533
34 2.068999754661230
34 5.941623897864271
34 6.136672629669564
34 3.388176095904152
34 2.956879073345041
34 3.373442214999281
34 3.026203839326488
34 2.211143371977241
34 3.414455537418869
34 1.760233684980828
34 8.103894450873884
34 2.815563264658297
34 2.744120573090473
34 5.402776724915162
34 2.898554863637955
34 2.723761960451813
34 4.951978413552347
34 5.588821561523437
34 2.295557068578676
34 2.635987688429023
34 5.282687487858310
34 2.739917864128192
34 3.411020489161232
34 6.001682698077556
34 5.494054154281700
34 2.530276341172700
34 5.139793324115686
34 2.503440348432431
34 2.510085548242113
34 3.146126294331035
34 3.408281859300895
34 3.612994743172713
34 2.315068977453554
34 3.940126345022738
34 3.725049155223163
34 4.484340087473855
34 2.422477258947739
34 3.345263769847961
34 4.642820166704907
34 4.108996712039412
34 6.781099499684678
34 3.719552802988968
34 3.469942663908121
34 3.252767875403991
34 3.564843956495929
34 3.523329312085751
34 6.386049825537865
34 6.838639945691516
34 3.685773831709338
34 3.439070105907374
34 4.536599357184594
34 4.895292876097167
34 3.727756934425434
34 2.994607084960806
34 2.595003718203359
34 4.267932720543119
34 3.759282271689576
34 3.519751744640408
34 2.642796520746209
34 4.435409264287284
34 3.824715354934035
34 4.686588870177239
34 3.024975824626543
34 4.186130888140569
34 3.924438219000342
34 3.433816724355414
34 2.312886577373826
34 4.462091710373150
34 5.782087329118967
34 5.428594269037740
34 3.434996876722710
34 6.596181166950045
34 3.434683519527776
34 2.427684754804711
34 4.216811619406514
34 4.800950911736999
34 7.819249240217851
34 2.876847053329024
34 5.774691910148205
34 2.894538574515655
34 4.728476414209588
34 2.014776633723404
34 2.023146758845113
34 5.403769768938820
34 3.413288982284098
34 6.124275883159869
34 2.057320761374871
34 5.419900325408850
34 2.345812198142537
34 3.799230228499529
34 2.850269663812724
34 2.728002648800098
34 3.798220567830375
34 2.567435973335077
34 6.348829279440105
34 3.544715365199335
34 4.265257047949034
34 3.296408583342676
34 2.555740657755857
34 3.288140927385089
34 3.699792753283026
34 2.626893533249517
34 3.865703955659739
34 2.553713363978952
34 7.574836931965598
34 2.859858124833651
34 4.781502658752886
34 4.358763547637401
34 1.710083715444677
34 3.770049115313338
34 2.678974613145757
34 2.483286727012691
34 4.975302698868962
34 4.014240832436511
34 2.316977094914181
34 4.481387612331024
34 8.087859061970354
34 5.360583497453225
34 4.650975147157116
34 4.571903843390166
34 3.816232273173433
34 4.666267281608174
34 2.981482772972360
34 5.589148079458703
34 3.697517045220913
34 3.487270097992825
34 2.347001081476302
34 3.652417628320057
34 4.243895805131483
34 1.899884941153711
34 3.773296690083599
34 4.235734158397774
34 4.490965112863591
34 2.597395091999366
34 3.654991240231108
34 6.237761101115938
34 3.995385270876818
34 5.882390921951583
34 3.685808063903089
34 6.693235220692811
34 2.850288177453146
34 2.808227793594787
34 5.143092297016458
34 6.353221442805065
34 5.566948274000399
34 3.010763857164727
34 2.500864767221077
34 6.607171536247605
34 2.137703726988584
34 4.873937046575598
34 2.078964440959305
34 2.712793304767127
34 3.007711469256387
34 2.390117167612477
34 5.317028534148340
34 4.734757574574591
34 2.170195487923732
34 2.589693348697172
34 3.644840281161410
34 2.649445555272254
34 7.788052269944087
34 4.822669082244866
34 5.724549828124731
34 4.321309009124080
34 2.275616100290837
34 2.097318688815140
34 2.591741111800475
34 3.885521593475170
34 5.826919206037655
34 2.765001611910513
34 2.380081581103698
34 2.484021698399999
34 2.157349310075221
34 3.751971534005244
34 2.796939002124952
34 6.174018630171921
34 2.712309569317179
34 3.587079662415580
34 2.876671401173748
34 1.889304483082646
34 4.510696444088835
34 3.250231110857149
34 3.892483923387137
34 2.971450310482109
34 2.790340697478936
34 6.325541020246906
34 3.000234361842931
34 7.312350537601438
34 5.274042901856385
34 2.919295494486479
34 5.093891445761688
34 4.549246344347683
34 3.918940286206801
34 4.486166278922253
34 3.937018103843100
34 3.265160124002426
34 5.252279456052279
34 3.323772951170223
34 3.611371006133714
34 4.963341534102087
34 2.442547346839429
34 6.285200256347705
34 4.686555465840524
34 2.713655619537450
34 3.951322191510658
34 4.274895518209425
34 3.711246786171579
34 4.090773630779521
34 4.755407090054917
34 4.754962309027968
34 2.798299295557301
34 3.041242656579873
34 3.394577521764753
34 4.528183045456773
34 2.764765002715770
34 2.077868306650209
34 4.672894619826479
34 4.097069771009424
34 3.212334213337269
34 3.063453810663502
34 1.919403375731962
34 5.046942525652184
34 4.238423647033726
34 3.760632656569816
34 2.034224313735346
34 1.717697986120927
34 3.637013984996513
34 2.180885112669874
34 5.340712312524999
34 3.447687733749076
34 2.093410743356286
34 4.339256168878342
34 3.854244455443769
34 3.288639510796064
34 4.607053757112638
34 3.254436422829258
34 5.496649945220713
34 4.579807373577620
34 6.621842616736147
34 4.138499459601594
34 2.303559273769523
34 3.224496521447173
34 3.060645221728046
34 3.178292314763263
34 2.711731346624021
34 4.113794790543230
34 4.443539635771739
34 3.803999889726234
34 2.359501972364655
34 6.100586808307692
34 3.680700461116246
34 5.497306765630701
34 5.462881200044630
34 7.676466531620528
34 3.868282281586370
34 6.582847778225780
34 3.622949078915794
34 2.613871175585063
34 7.126984876742673
34 3.408427245372416
34 5.716912173504113
34 3.648005657204394
34 5.782052159145302
34 3.347228299889431
34 4.056352756017120
34 2.452156115360669
34 5.520709785791922
34 2.903605139579359
34 2.947567354974322
34 6.206110539341244
34 4.004710624577956
34 1.921995441964919
34 3.166867290587740
34 1.758548057673076
34 3.566024577103862
34 3.193945078940483
34 3.536491096927422
34 7.084594594373929
34 2.318549070539176
34 4.028649183399248
34 7.029749284352966
34 2.708352702211071
34 5.860365592179579
34 3.417230945676654
34 5.254293832870951
34 4.722592704745887
34 3.193874583164945
34 2.061343720164706
34 3.305510767759595
34 2.249669867783034
34 4.738517703636326
34 3.160592137364485
34 6.278884781048710
34 3.094807331499888
34 2.931997149110695
34 3.882681622629789
34 3.406168863166330
34 6.015986895561520
34 6.782894733654610
34 3.548406263695324
34 5.288141440729703
34 4.539521339859623
34 2.199943054515682
34 3.916364694763125
34 2.435030352551726
34 3.196712763530363
34 4.413087185476051
34 3.256449441105148
34 5.249924388277160
34 2.594055220441200
34 3.745266432089888
34 4.954244908633950
34 3.398979161298584
34 2.520127753073702
34 3.993288683056256
34 7.944225947614399
34 4.151828512077712
34 3.243851616909221
34 2.610626792897487
34 2.324367949700904
34 4.604127331952506
34 3.566120914187773
34 2.508452027560439
34 4.340755654749076
34 3.632918193754691
34 4.007880919558709
34 2.314365287689219
34 1.732404721122667
34 4.486603704700677
34 4.460037086407111
34 2.358763397563847
34 5.447812073386158
34 2.010965100083525
34 4.299370878496648
34 2.647566752736791
34 2.564572305575033
34 7.345488432387972
34 3.861280454117854
34 4.447064777244854
34 4.228599401156238
34 3.797976980514278
34 4.630292499659050
34 2.220086782950230
34 2.873124316967215
34 2.491687018769992
34 2.514938192020130
34 5.713952308359846
34 2.877747452986140
34 2.110769227417332
34 4.312986167195623
34 2.204884789241842
34 3.131974963067687
34 4.019221987426599
34 4.223272106647435
34 2.860321379708204
34 4.281998441696089
34 5.888652009849811
34 4.358955468293260
34 5.520671093873594
34 4.151604503896617
34 3.732570402594522
34 3.003898383901852
34 2.889087080893055
34 3.200361467510113
34 5.186402371430732
34 3.265906003753283
34 6.025534422631150
34 3.533479810295897
34 4.629281720340711
34 2.393929239130602
34 5.428752342256381
34 2.500751746147865
34 3.850267735393561
34 2.808384134740548
34 3.504361448177135
34 3.514629933027174
34 2.978688936393935
34 3.427830456182144
34 3.759170434828564
34 3.536479891421761
34 3.442384863473191
34 6.992674407315895
34 3.649921027804938
34 3.265094497142122
34 1.788788547293382
34 4.937747371042890
34 5.253616693916282
34 2.213334804850001
34 3.068024771847421
34 2.726438730975330
34 3.335414144695205
34 3.067739584519156
34 3.130582127718314
34 2.698468126771731
34 2.696378349730485
34 4.107198875062724
34 2.132324380126873
34 3.409557116641365
34 4.708784300222988
34 3.384881532914028
34 5.018895314100869
34 4.591618647329911
34 3.512097692704253
34 2.048024290473281
34 2.244946435494072
34 4.009769339480878
34 4.241950212712098
34 3.525011980659891
34 3.576342194706124
34 2.368000933779579
34 5.605568824040716
34 2.887246387850023
34 2.213009625453092
34 4.032439823270216
34 2.217865861718250
34 2.114379943786724
34 4.147841440035964
34 3.644938029143109
34 2.859037082926500
34 5.123335928811840
34 3.983417871914879
34 2.627126872894395
34 2.737653755468497
34 2.988215344743397
34 2.424325332288150
34 5.102296968031721
34 3.773516904252729
34 3.021370507092791
34 1.696418809097117
34 6.628164156397705
34 5.481871484246574
34 4.508112034890965
34 4.210173485798467
34 3.798693702880698
34 3.226159438760447
34 7.095170196767373
34 3.885178253075907
34 1.905000169896050
34 4.402195252163315
34 3.246134422383948
34 5.164532919873615
34 4.675906756352275
34 2.813340396919497
34 3.134254058047388
34 5.330935582208857
34 3.784414685881254
34 4.782152271601587
34 4.577729568056019
34 2.006061126535219
34 4.302187984004601
34 4.506431538157548
34 4.712860771663562
34 3.801026927671733
34 5.885836075379546
34 5.781722494690240
34 2.270003506280252
34 4.678468927738188
34 2.112181122995806
34 5.508731195753277
34 4.166662560018727
34 4.452386389877120
34 5.277222625117002
34 2.822625327469780
34 5.448959089314009
34 3.577657045878029
34 2.087993071873903
34 6.167021899832886
34 3.130632485165774
34 2.752419959955613
34 3.153743501315878
34 4.519048687928832
34 2.724271529259600
34 4.174502622598903
34 4.217941667165832
34 3.918035643329574
34 3.428422435011523
34 1.933575838008334
34 3.815073551946428
34 4.808934150348196
34 4.459136324224201
34 2.615899448738361
34 2.488055817850594
34 5.196696208761516
34 1.828604259019182
34 3.474899369451417
34 3.873838472462974
34 4.628602706047967
34 4.552225634320552
34 2.454105162859896
34 3.254597722763847
34 5.113696340684849
34 4.903766205579613
34 3.657200379984124
34 4.778466135473392
34 3.841730915272473
34 3.269149905607036
34 2.443079787992132
34 3.409294511210435
40 6.818966779008111
40 6.755775538240581
40 4.108101364419154
40 4.665232319361024
40 9.564816865005959
40 10.111395695460015
40 4.192078595972134
40 16.184982613886497
40 6.898787198927479
40 12.400890372738164
40 6.949985511512514
40 6.167105531544291
40 6.899097059732803
40 6.838414893400687
40 8.005956917250311
40 9.267422572802531
40 9.006521242605098
40 10.461540673324997
40 5.617632098494049
40 5.643585806417441
40 7.073051013834443
40 5.650374939172467
40 9.952708558957445
40 9.141342757312202
40 5.351418473175421
40 4.684047515503840
40 10.732803705887106
40 5.419878229410475
40 8.260843817730363
40 7.575112237539790
40 6.124104832802155
40 6.971083021032230
40 5.007979540916552
40 5.375392109328477
40 8.149628664219977
40 7.948357729426119
40 7.664107032395614
40 6.043640480331662
40 6.428220759003400
40 5.164849330668059
40 5.913000934607972
40 17.398895472453376
40 11.231097919226759
40 8.847644421226816
40 7.252773091796183
40 5.496611286770673
40 7.294038534680169
40 14.086622258353277
40 4.354796467419862
40 6.966667695794183
40 6.970300417915027
40 6.336539760593014
40 6.802331124391625
40 8.619871734634248
40 5.312888360484320
40 15.142184056435385
40 10.464501890225536
40 6.387244057177701
40 6.849714544523282
40 6.436738702718454
40 5.226301221925361
40 6.598200587441930
40 4.104290523900760
40 12.341676616438313
40 7.270186259151339
40 7.942750097772521
40 5.910498714753864
40 7.501044700815490
40 6.665451411500003
40 5.167418256232439
40 8.257460649245932
40 11.059807938374512
40 6.134853070821228
40 9.171110534586910
40 4.656038288161328
40 13.322827745395502
40 4.082131247142026
40 7.266993228426374
40 9.012974637138988
40 10.890854393724524
40 9.916387155147619
40 5.784958621374660
40 6.776964042135786
40 10.890477166843397
40 10.339758845190909
40 13.266882408592755
40 6.588077746259579
40 7.425542064007624
40 6.437840445364285
40 6.614907170850083
40 5.497989585829542
40 7.367594992001576
40 4.593815815609120
40 4.423504106383257
40 7.605720512058010
40 4.493900671542285
40 5.378336953535642
40 5.948519550280503
40 13.719698346784394
40 7.408729606949450
40 6.492542339407365
40 11.338546693551882
40 8.385802269321987
40 8.652542308645199
40 4.922700356397149
40 5.247577272106522
40 11.963235060566495
40 3.130399341722510
40 5.412251249151407
40 4.409762120292825
40 6.376598869329039
40 6.437552832070311
40 5.699125608522154
40 5.811524561478957
40 6.629845755317619
40 6.102641803668908
40 7.926849759889610
40 6.343873555647578
40 8.769861912075536
40 5.126137057638264
40 7.524089837452239
40 5.950664350772396
40 5.730117413889429
40 6.599033903932620
40 11.116657895722986
40 11.859558560772843
40 4.539690063735559
40 7.157027647525942
40 10.031636945257857
40 9.062997506441292
40 11.692301408024118
40 7.191374381098976
40 4.755284511951718
40 4.549935326647917
40 7.612108546148350
40 5.965047023576776
40 6.671266521181977
40 4.652857380602721
40 6.686119433071526
40 9.996843962244771
40 7.844584988462969
40 5.059222269343032
40 8.939691012324502
40 5.290646756504737
40 5.906850788243250
40 4.657004335479048
40 14.904961326304342
40 7.046896790147968
40 8.292303908767535
40 11.329888411353613
40 7.308324096818978
40 8.211261322670756
40 4.651769992756881
40 3.941574004900394
40 5.734969897115610
40 7.603975382300938
40 6.358866302886138
40 5.634117361049136
40 16.461362942233215
40 6.680506352388424
40 11.036773788963977
40 4.882882927705158
40 5.958503135693665
40 7.802408939014952
40 7.655478480916452
40 7.316939681236333
40 6.119424775643685
40 8.770858881924481
40 6.152521592728734
40 5.305788136351707
40 11.432725198949480
40 9.086917557467189
40 8.443839932910251
40 9.232467440851247
40 11.653069208102380
40 9.427409090802540
40 8.029779425530773
40 7.512807798646055
40 9.624017272035022
40 7.559766778079993
40 6.850871345878215
40 6.186588640088886
40 5.219427911001604
40 6.315211412596708
40 6.637936322480252
40 4.665744582122992
40 3.668698216256812
40 7.050342222858909
40 6.285756236513381
40 4.813254023130270
40 7.630442052852128
40 13.146471455348520
40 16.780333099314205
40 13.031595189152835
40 7.568263123154657
40 10.571443477685508
40 3.289773994833931
40 7.474291661713995
40 6.488378193657892
40 4.797482975211515
40 5.280817191168804
40 5.593075069043744
40 9.449695404991074
40 7.060042635027818
40 9.421164647530626
40 4.601570763478287
40 7.812452433701999
40 7.857968304336556
40 7.209864532129778
40 5.696335152513949
40 13.575412366834453
40 5.899367089176414
40 13.845439666926566
40 5.737945237684534
40 3.913441128612932
40 4.483669783528377
40 7.909501689148023
40 7.590748837014506
40 12.433846126830774
40 4.095946312950849
40 5.196111853333347
40 8.340189751816821
40 11.563770835875198
40 8.315346935311208
40 8.618435941754770
40 9.627435872394551
40 6.833906048957489
40 9.000614295730019
40 6.748664350618975
40 8.550095413242321
40 7.926749451034770
40 13.307526047179845
40 7.105898696821958
40 6.187169020913253
40 4.611723923250764
40 8.586089717442785
40 6.526573525987228
40 9.704931045524507
40 9.128869289837541
40 7.852226957628156
40 15.508502879821622
40 4.148159074372508
40 7.659851811799205
40 5.598636180824723
40 3.585245485670836
40 6.280732077708874
40 7.614837193453429
40 14.437550103213583
40 6.026555364358361
40 8.657404097456336
40 10.315958749843142
40 12.125101822211537
40 6.574530800244029
40 6.774284603124336
40 7.533880357285604
40 6.478542621648870
40 10.442231097405273
40 7.648762365568811
40 4.833251158262383
40 11.221885276500185
40 6.605199004934737
40 9.586668797810443
40 4.938117513379289
40 7.359609330509083
40 8.682128189044143
40 5.041500468753012
40 5.268569563235111
40 9.407998371445004
40 14.558198260400923
40 9.275397861803885
40 5.326499519155428
40 9.447566477914590
40 5.989179203714695
40 7.024881581742818
40 7.979240275088507
40 7.347954992648310
40 8.085647565207042
40 3.873585541793906
40 13.089155102918772
40 7.602206761901499
40 6.963373190463626
40 7.154689637048154
40 6.949971496653638
40 5.524182428927526
40 13.229002020522772
40 4.547826210875645
40 7.848781338233190
40 11.047484529938213
40 7.829124896133572
40 6.360065885312824
40 6.423532096359356
40 4.685865426235528
40 5.426458046429404
40 4.007543146806370
40 10.613473825548624
40 5.693842645565441
40 3.758863484746229
40 6.737881095886385
40 6.479463223895959
40 12.436795163524021
40 5.804475928496482
40 6.262221101540618
40 4.895422204733684
40 6.803497743371567
40 8.678619122438507
40 10.326019318951920
40 7.645735425121577
40 6.160962329563578
40 6.115312478714305
40 7.107733800635325
40 16.767413991707926
40 6.947530637292992
40 4.789123449230356
40 5.928565079765637
40 8.998495549990155
40 10.668915193615794
40 6.548910972061542
40 6.490358541173132
40 3.891621117797833
40 5.759979282930834
40 6.344630711704166
40 5.960392350981957
40 4.147094127063733
40 4.846299053442463
40 13.243531957901062
40 9.260585185943782
40 3.496823115162549
40 5.205346991204503
40 10.888135780558288
40 10.823929424511720
40 5.074369456946579
40 7.420915344214697
40 8.498344188835230
40 10.465917533353110
40 5.052114648623101
40 7.490717424950086
40 3.091370084368691
40 8.673727237869230
40 5.433921565696997
40 12.291423402017124
40 8.927921680338121
40 13.756316089120162
40 8.364498184404100
40 6.405181877299293
40 8.909182880997985
40 7.899790486372469
40 5.300592272402165
40 8.539598649752115
40 5.581234080151578
40 5.326050292641693
40 14.476209862308918
40 7.189641483331778
40 7.311332205718805
40 6.337331146677936
40 13.942255356037744
40 3.936033370478148
40 3.870463520230890
40 6.951807360941803
40 10.070412568778256
40 4.739619837915422
40 10.310761064953246
40 10.719036447114505
40 10.352485425067982
40 9.768255906490056
40 6.382897034547719
40 7.705476362401885
40 6.028193381987011
40 9.239656143835788
40 4.985725832092951
40 5.412931284299758
40 7.173501433273787
40 8.888779227151089
40 7.935237356718871
40 9.439426277044616
40 7.476337853791518
40 10.247626933227814
40 8.929145455093114
40 7.543700031831170
40 6.882962716300045
40 7.926068250607562
40 7.925303984653141
40 7.723512334669033
40 6.781135630509494
40 6.235473611129782
40 7.964989581918354
40 12.005589266479124
40 6.883901340360697
40 5.841582065351027
40 5.826208319852650
40 5.697624853245106
40 11.927429226920994
40 6.222560083321969
40 8.826713288686344
40 9.680806384761546
40 7.773937110126614
40 8.761699861034330
40 5.269824414168152
40 5.419144415177875
40 8.038343376317423
40 11.670348345849042
40 6.179355718105665
40 10.903746115304783
40 4.306054914711517
40 13.702531002796016
40 4.781969795579315
40 4.587991397723920
40 4.663393914177327
40 3.918119873389645
40 7.900743222959605
40 4.803145854029225
40 6.267059006846752
40 6.281861185542846
40 6.220252976055995
40 10.022960484721514
40 12.390099417997241
40 6.781140339859967
40 5.335938363653439
40 5.174218095722903
40 12.148817363234697
40 5.964464252619393
40 12.441493979417039
40 4.408367011450277
40 5.953568704916535
40 7.364860177880084
40 3.389579656106759
40 6.035229593672085
40 7.995495197479626
40 12.057015699636908
40 5.224125794341322
40 4.606836571565647
40 5.872597739475780
40 13.038032295852020
40 6.577196378860585
40 10.116126755508640
40 13.476250270556454
40 7.788922867482457
40 4.926333577965947
40 8.698490242766239
40 3.794776314018367
40 12.159782930904218
40 9.802228394862825
40 11.629743233481424
40 5.237189809114511
40 7.170084630784832
40 7.157725973304434
40 12.813001037235457
40 10.800373514440192
40 3.457299052102718
40 9.879121465546634
40 7.947689036153418
40 6.295844825628498
40 6.845946007594837
40 4.716700814638946
40 7.655555701812766
40 4.899448325222627
40 5.407950181546123
40 5.819266762834150
40 9.159321413210964
40 5.208647274891554
40 4.310383256633990
40 3.955041198102494
40 7.810146505385080
40 5.037540406339199
40 6.505431078166231
40 9.726578976444099
40 9.118284563388995
40 6.670513167435731
40 5.722973085563196
40 5.658561215824450
40 5.354682139038633
40 5.985878840972298
40 10.706953698429048
40 10.241273549356277
40 8.874401381623798
40 6.487343840631675
40 6.735721690746191
40 6.419823022750018
40 7.807401777240951
40 5.995549957398227
40 8.412641878934757
40 6.995225765052126
40 7.114593503353156
40 5.606437824846894
40 7.787052033189054
40 10.112791722033458
40 10.526735686222869
40 4.172999407891837
40 6.446213500983334
40 6.745583419417936
40 7.710045220703521
40 5.813171808158749
40 6.777069566997161
40 7.871585188716058
40 11.703374054255026
40 5.042473316891167
40 6.204932125845299
40 4.810635972894933
40 6.750805187739893
40 7.788511400798184
40 7.000653254420198
46 13.627055247594779
46 12.193444276759603
46 9.117317547054835
46 16.644781425770098
46 10.424415661455846
46 7.890127883364570
46 16.690071358191460
46 12.876599754027575
46 14.087977766145290
46 17.227469992225199
46 9.820154935389331
46 9.122258713206048
46 14.892352543107938
46 21.663969937821872
46 12.228473911798289
46 19.922755885398296
46 8.272535560303595
46 16.721245755222423
46 12.728228700389851
46 10.004801532525658
46 8.197638404564184
46 12.956876138092879
46 9.659046401673045
46 10.962395460097706
46 20.852354493971429
46 22.273110350805517
46 13.255385150173572
46 23.400267891534220
46 9.032634069335677
46 11.911447280199383
46 14.590801175038276
46 23.830773190642716
46 10.945553250413180
46 11.147305315950931
46 8.109105648303988
46 12.301658965190914
46 15.752400714030664
46 17.029379976745343
46 19.002189570993924
46 12.922271565280440
46 13.184987800715930
46 11.283678747230407
46 9.761076258076940
46 11.378993394588205
46 16.987290196854797
46 13.100643007025859
46 18.773777547653928
46 12.104589463232983
46 11.037746683259645
46 9.957470875876075
46 18.852821146006988
46 13.107968190548856
46 12.225280491486721
46 12.090346810454655
46 17.816278901816762
46 12.843116219373364
46 9.627534433819342
46 24.143934018120966
46 13.325702922400758
46 15.640445796207239
46 17.801868134333976
46 15.613233464046608
46 26.477385179470652
46 10.535908437126512
46 8.279468111171223
46 12.777656775208589
46 25.947050568005213
46 8.591339835378408
46 16.760347628937414
46 16.662453353285532
46 13.645869405788515
46 14.351559989038714
46 20.345855710214192
46 14.909731907788721
46 11.675041799845548
46 25.398918045892522
46 12.731423789101701
46 13.512625711103130
46 19.371586239422808
46 12.852507078811740
46 18.292502331708231
46 16.863917640158917
46 24.881085714933931
46 10.078436708615779
46 16.681675908203726
46 22.394628349552171
46 12.128881182541221
46 27.209307937078606
46 6.752193979979976
46 17.370966111051207
46 16.483208572594449
46 10.988706822056685
46 15.358644462123040
46 14.281421048905443
46 11.829490933974498
46 10.632295856186055
46 13.753675573202184
46 14.655005714552050
46 12.480486705928811
46 12.312369616909800
46 11.491147408676584
46 11.281056025159520
46 20.755594927955300
46 13.968124616982070
46 21.401983691105205
46 11.408131237103746
46 13.259982376234566
46 13.075044268690602
46 12.210278806274875
46 13.716781110115601
46 11.217164500194730
46 22.157020414552864
46 24.583888737030971
46 20.341842726675736
46 10.554921446462997
46 10.252046367008957
46 6.827247875217046
46 12.594452359291170
46 13.163224631301887
46 25.493473962134882
46 14.892968795692578
46 27.681731358696823
46 8.112713491766147
46 15.158820350946655
46 19.516589251531713
46 15.285745053281559
46 15.790202739753166
46 22.528543381505131
46 20.006964490290482
46 9.645434324096369
46 20.986078449664280
46 8.455248937902212
46 15.038471990219527
46 10.704587802683507
46 20.621981012938608
46 24.951348624548213
46 25.052522780212563
46 10.135177876690619
46 14.110192432681458
46 10.453474255751829
46 13.597208829283701
46 8.944412712773582
46 9.559918818740268
46 8.395938485943901
46 15.062531508395029
46 13.066224468799412
46 14.786226408183744
46 9.726707766227234
46 7.426858524116515
46 14.860114879499374
46 17.277274151769436
46 23.493734793155145
46 14.421223938951750
46 11.990080955716531
46 17.834369688951213
46 12.011367292097155
46 12.084971644364835
46 11.867730121337683
46 14.667001701636316
46 13.188015006541942
46 15.259837732306075
46 10.205460330467204
46 8.740000312273713
46 10.482427390381416
46 16.475030412050526
46 10.634577810486366
46 9.049949443011762
46 10.956363726507394
46 28.232514890869918
46 12.307772352927195
46 19.474139550783647
46 14.614930139857215
46 9.827050526940662
46 7.830170720312897
46 18.562421969247161
46 10.547651066301171
46 8.535780740152628
46 13.379848056913625
46 6.064097360164665
46 12.452142073688433
46 19.432607309776081
46 17.449961942141599
46 23.363599839323701
46 15.397387931506998
46 15.987129377730810
46 13.520487278010613
46 6.934898586244473
46 15.699162374081766
46 12.478277893492475
46 19.218226855931768
46 11.682757732988177
46 9.888343071863583
46 16.217780945546309
46 8.956032079966604
46 8.224537739167808
46 7.838871577508283
46 17.585729675530921
46 23.856510756872705
46 11.510829128505517
46 15.044010209911935
46 20.676897167373578
46 10.243092739664119
46 15.858183608219239
46 12.454439569238875
46 17.372456406410645
46 12.203788545414307
46 19.176635226583763
46 14.699717483206998
46 8.125819252541572
46 19.898538524975013
46 17.708516886302981
46 12.296358445394262
46 24.257130413086500
46 9.968226514976669
46 11.998055598724449
46 13.499545161430767
46 9.908638076451776
46 9.513913621331298
46 11.831238668913119
46 10.240041908109809
46 17.941255770063322
46 10.567857693873879
46 8.058318476032959
46 13.375974880742039
46 20.399950261941061
46 20.904027293178451
46 14.686316017570842
46 12.794883734937290
46 14.037277530466534
46 8.741167856616464
46 15.575761782575292
46 11.581360888242015
46 9.523511088645623
46 21.897512052860929
46 7.943938245970605
46 12.279084498880399
46 20.759074994893943
46 14.336199522164163
46 9.299879426435709
46 9.282668711631757
46 11.635859618282822
46 14.633703960080258
46 17.582226482811571
46 17.792484817410241
46 16.784424509132613
46 8.338423853500565
46 10.838713427164492
46 9.239104390453086
46 9.940089066777194
46 11.224762930816794
46 17.469047840026366
46 17.195873413314821
46 11.701602387968244
46 14.267659477779322
46 8.820841685124847
46 18.860511218124682
46 14.955326680820480
46 11.564659673000477
46 13.552623084819018
46 15.349366147193772
46 12.030538993341775
46 14.505376077666114
46 17.128187111578193
46 15.022310157173742
46 11.682444411326456
46 12.426588879646658
46 12.952776454288660
46 13.805368894808257
46 8.650068281122572
46 6.296168465673242
46 12.865213809214989
46 17.566146467912716
46 16.867237841940330
46 22.038035562554210
46 20.092459501692268
46 20.922263839018775
46 14.066627647544358
46 18.064880531412935
46 11.133954418602858
46 19.864304545839566
46 8.575928496927578
46 8.317166823960171
46 10.889347161179899
46 18.081060209200334
46 7.689890731882066
46 22.951069443038257
46 9.931066647816960
46 13.151297626585192
46 7.726313953319644
46 7.985215457234385
46 20.770449260645925
46 22.405151161212075
46 7.523081832288971
46 7.741479109348714
46 19.397328221876805
46 18.162336068387575
46 13.772220897964010
46 17.471665041993585
46 10.580660956560825
46 5.826276624121421
46 18.003029071135110
46 14.077357174240765
46 8.789967275061919
46 8.205131425493992
46 23.998522092339169
46 16.685515551753124
46 8.171474593679141
46 9.285113583173397
46 23.554513943261647
46 8.290993551929613
46 11.615994007133159
46 14.028295273790995
46 19.148260995047949
46 17.821162545769138
46 11.033134371693261
46 20.055426419946379
46 11.675172751917817
46 17.028517701786086
46 10.678228391399889
46 7.284966270050164
46 18.153669008835521
46 11.174822988990513
46 10.298252188206064
46 17.328238189487685
46 21.749963199353804
46 19.936067451329571
46 13.077923061172893
46 10.623639269542359
46 18.530397079994039
46 10.758615603758702
46 12.403088158475143
46 13.063151192259319
46 14.093293996580375
46 10.598698027487899
46 21.181102051826702
46 13.519178129806729
46 12.924637485979183
46 16.763817543445807
46 15.136315598288302
46 15.382548076008355
46 21.631254970441763
46 8.004236098300435
46 14.092456445344469
46 10.838984750782132
46 14.648866239323059
46 11.092148756755190
46 17.481880344934201
46 14.163389285183616
46 14.894977508400384
46 14.349655616663512
46 21.755830547140611
46 12.866799492239661
46 8.003435734028232
46 12.479469223727126
46 8.949089641543290
46 12.377318506851221
46 13.710292198572304
46 18.764970877510347
46 15.043711271230283
46 13.065570129246403
46 7.164227179076693
46 10.122887358383643
46 14.302817076784113
46 11.306835811041935
46 20.411013697325224
46 16.328121571319375
46 11.602069134386962
46 10.455254153428582
46 15.045656958492575
46 15.687717087116766
46 13.209977118993535
46 15.876862371728150
46 13.838518063764823
46 8.442337836558515
46 16.829408837989174
46 24.326236757826813
46 10.366953179361122
46 12.549880184823056
46 15.069658796093009
46 14.887849397069937
46 18.518984161088916
46 14.005093836389486
46 14.605037867656513
46 12.654882222886155
46 8.918255948321224
46 23.523526608509030
46 12.552226103496718
46 9.452420316489839
46 17.647321658592613
46 11.806367281925144
46 12.474074124938781
46 15.585336071996744
46 6.946897505185693
46 12.069717390776756
46 14.251123992546916
46 12.307314219477490
46 17.506723492067746
46 11.622875871510496
46 10.561498120064201
46 7.726232031954843
46 7.212605423031666
46 16.764451706775965
46 19.319798660873381
46 13.719852183653428
46 23.702942633519143
46 20.721487152103226
46 13.774352298021395
46 15.321464342448554
46 13.685743254276227
46 12.801993984665696
46 15.671493251973413
46 25.608668984629531
46 19.344606928307520
46 10.672987694313292
46 12.296966183600471
46 12.094372476504859
46 10.700585979123563
46 27.677029985565330
46 12.181235982493419
46 13.484411201946934
46 12.222589845930671
46 20.979267884082603
46 12.644030287383295
46 14.195964265216649
46 14.590744936051070
46 18.334779215956985
46 22.831874144271978
46 25.812838471200024
46 9.741084165473037
46 18.751826085496539
46 13.882084598275750
46 17.626918609630827
46 9.179737066251386
46 14.272285559083377
46 14.931990186952827
46 11.327982815027879
46 14.127253524188724
46 15.866134181229107
46 17.446037696673649
46 12.276259676192790
46 12.078501859764609
46 8.528011380326912
46 11.650626797797305
46 11.348976980900176
46 23.232942047467439
46 8.132843088488567
46 16.773494069710903
46 13.311287763280394
46 16.256074122182937
46 11.458448718264291
46 14.257145617124554
46 10.281201051609912
46 7.909340036304749
46 13.667094485389173
46 16.063918284070528
46 23.418320460833762
46 11.988902649191083
46 9.195286591424285
46 19.155511531761586
46 12.343693274554955
46 16.714067381498335
46 6.972889684292083
46 18.573702196914571
46 10.418804841992532
46 12.536565751565764
46 11.318569456388218
46 10.673806047718443
46 17.169448488448580
46 11.680268779257307
46 12.906391983360763
46 14.596306380915507
46 11.130740990132836
46 19.405585994382431
46 16.091678008177219
46 13.536674613446994
46 21.095304561399310
46 13.904599747323630
46 17.016507854974048
46 14.994334087788687
46 12.607755387790544
46 22.115242764314701
46 7.735770699041225
46 7.890212490366023
46 15.415463838272053
46 22.883301141806037
46 18.310600012041366
46 14.323094966110801
46 15.343219721740029
46 8.482805694447674
46 11.563148024903089
46 13.370161951848244
46 7.875168123696667
46 11.025288471237445
46 8.560122475542657
46 17.363631402605929
46 17.585143245029240
46 10.103006958985988
46 7.555917980740063
46 14.277867780708405
46 20.314288148303131
