10 0.019676618232263
10 0.008162551862525
10 0.009528638988792
10 0.014423399596062
10 0.017912421344101
10 0.010398716391588
10 0.016056856638989
10 0.014501737090785
10 0.011442384494886
10 0.010124719187749
10 0.023095465407093
10 0.014166829110515
10 0.007004802929463
10 0.011735744213595
10 0.010691252102559
10 0.013122312541821
10 0.009180894440693
10 0.007861944379049
10 0.016185296051489
10 0.009010277684416
10 0.010784397825558
10 0.008965077388759
10 0.009214027509455
10 0.013656419275042
10 0.013476411794390
10 0.013738294843909
10 0.006360245613825
10 0.013210132395649
10 0.016457918755725
10 0.006410030930139
10 0.012080549037229
10 0.008499170907450
10 0.015791146570609
10 0.021239322752750
10 0.011450080704582
10 0.009770752044745
10 0.014491043026066
10 0.011859833712528
10 0.011843325020480
10 0.012823629064468
10 0.009001982448665
10 0.013344313534396
10 0.012559699201236
10 0.012770456854472
10 0.012439467519047
10 0.009657594765646
10 0.010639568608105
10 0.014659787324364
10 0.020673078418914
10 0.015796935207219
10 0.009729924669544
10 0.012984466375521
10 0.014288552047016
10 0.015774729216796
10 0.014304652134528
10 0.014819205622585
10 0.009469029006414
10 0.012085742857351
10 0.018033672581339
10 0.012146670001295
10 0.009770825826150
10 0.008658462140339
10 0.006040472203054
10 0.011259842714452
10 0.017977610837883
10 0.012567019907885
10 0.023237391209550
10 0.013334932284591
10 0.009224911767667
10 0.009054209887193
10 0.005383603737343
10 0.007986446820365
10 0.017348092252612
10 0.009739080656287
10 0.008864387116484
10 0.011674569820870
10 0.015285200958101
10 0.009059497988341
10 0.009603004079067
10 0.010823729386378
10 0.010452860844319
10 0.017623824414009
10 0.012946111113055
10 0.008631838053713
10 0.012205305696349
10 0.009960258970591
10 0.017248867852233
10 0.006326998468272
10 0.014280992318665
10 0.008846055548177
10 0.010004394146560
10 0.009945013136779
10 0.007682284662833
10 0.013509782055801
10 0.014770699670570
10 0.013546868816235
10 0.012626305110021
10 0.017087503320461
10 0.008091702092932
10 0.012813632873046
10 0.015846688078998
10 0.025427559742018
10 0.009146806772682
10 0.017135366811773
10 0.012564166614307
10 0.016586587575337
10 0.007513361887466
10 0.007917434191508
10 0.014971209972551
10 0.007425440723190
10 0.007284078451140
10 0.010996995593053
10 0.006301347709778
10 0.013407517213547
10 0.013375961319571
10 0.018123606289753
10 0.009915070222274
10 0.017742155401259
10 0.007455710149673
10 0.006096817657301
10 0.009588027062604
10 0.009060026709225
10 0.007934760977776
10 0.006233986317674
10 0.009208721383553
10 0.009076786800624
10 0.009469492142794
10 0.010317088653245
10 0.006312970864388
10 0.005998717683640
10 0.015016334601196
10 0.011476780634778
10 0.011679132013845
10 0.009286162040205
10 0.016741922188236
10 0.012425739536058
10 0.007444340369922
10 0.009350234427186
10 0.018872157637217
10 0.010696858982054
10 0.009021057395840
10 0.021465683600953
10 0.010538269372160
10 0.013196317233758
10 0.012927178929178
10 0.020926477233972
10 0.011982866200618
10 0.016439546957176
10 0.024654195200664
10 0.011538870048798
10 0.008937442057725
10 0.017526214314288
10 0.007445028938549
10 0.008604924006379
10 0.012432279405582
10 0.018249047930255
10 0.014718184826833
10 0.014532985748801
10 0.016706347859567
10 0.017727817409473
10 0.008385104106221
10 0.012747156070438
10 0.012791638495098
10 0.012535314734339
10 0.014359398245821
10 0.009586400782067
10 0.017273898026931
10 0.013068261363146
10 0.012652969756379
10 0.018348915326692
10 0.013410896832912
10 0.016499954674046
10 0.018384413760657
10 0.013841333076226
10 0.010719282234541
10 0.016464247943222
10 0.010527030987692
10 0.010722773990998
10 0.012490880517789
10 0.009567048104757
10 0.008388573273046
10 0.008646347481026
10 0.012663848776108
10 0.010078728289368
10 0.010022578959827
10 0.015421763523344
10 0.019076617756438
10 0.009887971307821
10 0.016438553627883
10 0.018709392284858
10 0.007738300476052
10 0.014446460129253
10 0.010435170315449
10 0.008221607611474
10 0.013947590896808
10 0.007888065639174
10 0.007570087003745
10 0.005463252899924
10 0.012571204107701
10 0.011149235227895
10 0.006886056181703
10 0.016158122413100
10 0.013833214266022
10 0.006224768622795
10 0.011720289985673
10 0.020274186564848
10 0.008062452117831
10 0.012251236649832
10 0.009023342814137
10 0.013936582009999
10 0.024066876202916
10 0.013683022283698
10 0.011962690558361
10 0.007682642746871
10 0.012466754526165
10 0.030424361737531
10 0.009079726531732
10 0.017008996298009
10 0.007824913574276
10 0.015275712721434
10 0.013556818773132
10 0.007375186354466
10 0.012056124224988
10 0.005512559400361
10 0.010623299745754
10 0.010322071647382
10 0.010635638366298
10 0.012055734506098
10 0.010518471057430
10 0.011648395065373
10 0.015938080877235
10 0.009850593206547
10 0.011392655874102
10 0.013276617319324
10 0.007463637033270
10 0.008155763666209
10 0.016414839953218
10 0.007746809517657
10 0.009112876416706
10 0.007122100692942
10 0.008472106447908
10 0.006363488752414
10 0.009980170297840
10 0.010102546862070
10 0.006926781868987
10 0.010318930696981
10 0.014077285854914
10 0.020532288081851
10 0.006677141054807
10 0.005874667558135
10 0.010608419019965
10 0.015450849081240
10 0.014434617755363
10 0.007321888105284
10 0.013360575472366
10 0.008887337975910
10 0.009098847489067
10 0.011240702002060
10 0.011098614463658
10 0.007305770154228
10 0.008181900427190
10 0.017824053133036
10 0.014031047392208
10 0.005649374950346
10 0.008394976708886
10 0.009229848824892
10 0.013966982421585
10 0.010442262785072
10 0.008961477751084
10 0.012473520677443
10 0.012470669539975
10 0.012180081696151
10 0.009316109175966
10 0.006320955510858
10 0.019934482849422
10 0.011501038515986
10 0.013126349744670
10 0.024271573628655
10 0.015120130333097
10 0.019304689496459
10 0.008441644709639
10 0.008590453160343
10 0.012384652285771
10 0.005107909943310
10 0.009086236119496
10 0.011083085118890
10 0.006924603197665
10 0.005387360495781
10 0.009345053428378
10 0.009934784453170
10 0.008746759680509
10 0.008507862328880
10 0.008539704949944
10 0.014439051279659
10 0.015139977409148
10 0.010453804292311
10 0.015897864519126
10 0.006315683194298
10 0.011915907876281
10 0.009946241646096
10 0.015513075357567
10 0.008338625779747
10 0.014022150083838
10 0.006538789738403
10 0.011992932158756
10 0.008770503024475
10 0.008937072507048
10 0.011712013159292
10 0.007257220501619
10 0.014680719819426
10 0.009485220384307
10 0.010120654822070
10 0.008524850845251
10 0.017870037485075
10 0.014492875577868
10 0.008416798249233
10 0.013715827196571
10 0.013468807128234
10 0.016021106220018
10 0.009632646513004
10 0.009565278814595
10 0.008473975088623
10 0.007066791013513
10 0.009181031252436
10 0.008573986551762
10 0.017780271695803
10 0.020889029756925
10 0.021836657434131
10 0.004468035877374
10 0.008959681572428
10 0.010873555506384
10 0.019067343862652
10 0.011438773133895
10 0.009739364346842
10 0.015873355953264
10 0.008395095974849
10 0.009484295529979
10 0.012166011097394
10 0.008184311510415
10 0.011137757474192
10 0.009782149329033
10 0.017360913477165
10 0.015137590421788
10 0.017217082829881
10 0.012310558599410
10 0.006068902434675
10 0.008807028830500
10 0.007325183822019
10 0.014363831886481
10 0.014980410104932
10 0.010360347162229
10 0.010440967745783
10 0.008418426680364
10 0.009623044158951
10 0.018594767653463
10 0.013972732474295
10 0.015361672587898
10 0.012837688776078
10 0.007064555842210
10 0.017558412615563
10 0.017095252861025
10 0.009957963100145
10 0.007775664121298
10 0.012274382449657
10 0.013421038435563
10 0.010480275441484
10 0.013518658033607
10 0.012099005632990
10 0.011146268062794
10 0.012567888792440
10 0.012287113326703
10 0.006959084168300
10 0.007473651115748
10 0.007154067669862
10 0.007854426773218
10 0.006554633787268
10 0.007981755138793
10 0.006674064625554
10 0.010110066003999
10 0.014387453333631
10 0.011824443923600
10 0.014875542178635
10 0.012042527888971
10 0.007986716867823
10 0.014311182057820
10 0.007844524556384
10 0.015388618079823
10 0.011883570315188
10 0.007668493121451
10 0.012661140089269
10 0.009651027001374
10 0.006875692919780
10 0.009350712402840
10 0.016218445756149
10 0.009509298801448
10 0.008234442418057
10 0.010738002512988
10 0.019569194847181
10 0.013035921791637
10 0.006972630740140
10 0.009449570702203
10 0.015075754504927
10 0.008665499108552
10 0.006711066716224
10 0.014039985470017
10 0.011482682615570
10 0.006834201817892
10 0.014958429478842
10 0.014549264255727
10 0.015941819124919
10 0.013548565921464
10 0.013689219257247
10 0.009975198362447
10 0.013177751122495
10 0.012765575469593
10 0.009308869766746
10 0.009529764782164
10 0.013081614863846
10 0.014889753006703
10 0.015466111891388
10 0.013164606709181
10 0.006090723610172
10 0.021842438232517
10 0.010262723972385
10 0.023702430331463
10 0.008097184898871
10 0.006872251570074
10 0.006706859957407
10 0.006962171298813
10 0.020936758482084
10 0.008005909406189
10 0.008300759215816
10 0.008011057831801
10 0.013343819628226
10 0.010278758639064
10 0.010463521708389
10 0.008903971680675
10 0.005798277801633
10 0.012131395653395
10 0.005645771901360
10 0.013583177640213
10 0.008933038707175
10 0.011265606806500
10 0.009369547893981
10 0.011172988092989
10 0.017179241551354
10 0.006362987416249
10 0.018869418388386
10 0.007698642452176
10 0.013219268015421
10 0.015109234295038
10 0.011068898397748
10 0.013499935994352
10 0.010252763481863
10 0.010643342557016
10 0.011132773863298
10 0.007586825711295
10 0.007959632963764
10 0.010076139561965
10 0.014122323903882
10 0.010128101887230
10 0.013772344514347
10 0.011427785105343
10 0.013195080735045
10 0.009690349935295
10 0.016216290698326
10 0.011579819434711
10 0.028526507909414
10 0.017210587207936
10 0.026156141920332
10 0.008184348177670
10 0.006934882806412
10 0.009379511877063
10 0.010464575149635
10 0.014998134113403
10 0.008989263597487
10 0.012548975808837
10 0.009639271065826
10 0.011482124113879
10 0.015713911514964
10 0.009159517910045
10 0.009037373882075
10 0.007139342637940
10 0.015500470620749
10 0.011848539336012
10 0.013712696362203
10 0.009510833474686
10 0.012967425995668
10 0.009190001739320
10 0.012329252157346
10 0.011713522056000
10 0.017447893194462
10 0.008366185370544
10 0.009891659548470
10 0.013213161216676
10 0.019494790310426
10 0.009893316482670
10 0.012279499335971
10 0.019734951182273
10 0.007522603548755
16 0.090151589043707
16 0.060602938203609
16 0.078831370297474
16 0.112606867167446
16 0.059376832567343
16 0.089981981661483
16 0.036719770528965
16 0.065567847634723
16 0.097051257179040
16 0.077358619903655
16 0.074221292831376
16 0.052151549825811
16 0.089946166462675
16 0.108101921220210
16 0.051939921158260
16 0.078747884325275
16 0.117382622831095
16 0.066142384542199
16 0.077242596215101
16 0.089193669824819
16 0.086376585357649
16 0.065307813974508
16 0.067088620986432
16 0.101411554212371
16 0.069022854585360
16 0.064017850149818
16 0.050710475408182
16 0.100045217309206
16 0.072604945331373
16 0.120739715223259
16 0.040672501466962
16 0.036011085290419
16 0.033391958416483
16 0.063211987581368
16 0.056988156057938
16 0.060387718176817
16 0.108695251444229
16 0.079408208976930
16 0.048258032260926
16 0.079454004870159
16 0.086004295490061
16 0.044970624988175
16 0.053811835293197
16 0.101070001667447
16 0.111430155787017
16 0.073928115992125
16 0.081470143492456
16 0.087015285892197
16 0.057331195127290
16 0.042780443886167
16 0.055545624967649
16 0.034415936141493
16 0.083189983651035
16 0.147121956889546
16 0.068380537904369
16 0.050829537442786
16 0.079308056724439
16 0.057370519515602
16 0.078904554796415
16 0.061506783797267
16 0.039794583599905
16 0.043121722066654
16 0.089849332503654
16 0.063374778843801
16 0.060790284006803
16 0.110191844594899
16 0.057875678507033
16 0.040470066656943
16 0.104781723731381
16 0.072537061873595
16 0.118635551067433
16 0.089930250424775
16 0.078963066813970
16 0.040287358568829
16 0.114998535469972
16 0.119482449272775
16 0.066833107847674
16 0.038667991710452
16 0.122368522189893
16 0.068219156339821
16 0.067341777316192
16 0.140004712967175
16 0.068870310572221
16 0.067993503993305
16 0.065089831054503
16 0.064945731531899
16 0.117940410841402
16 0.054294303715014
16 0.046375190745757
16 0.085136122540824
16 0.077057598682760
16 0.055906302607358
16 0.071510992655832
16 0.084381255057003
16 0.101677204322709
16 0.106120167131661
16 0.102489194147038
16 0.133695299817664
16 0.118300520145807
16 0.096940713937453
16 0.099729249988278
16 0.058725042858103
16 0.054179969180832
16 0.087823832143908
16 0.073649020556374
16 0.133161797837934
16 0.063689679014549
16 0.115650792231269
16 0.071949447806186
16 0.068409528552403
16 0.060439939010531
16 0.045139717135311
16 0.071023226377460
16 0.075563075209159
16 0.085791320796270
16 0.071969016918838
16 0.077119063822692
16 0.062063076560435
16 0.127987820420210
16 0.080425788355812
16 0.059105590483482
16 0.075187266454478
16 0.058915118723205
16 0.052059898314928
16 0.125740197154873
16 0.136211368224698
16 0.035834057405323
16 0.068957249109431
16 0.048028323611034
16 0.083302843237975
16 0.071732076684408
16 0.055856859734077
16 0.103625417759399
16 0.082458704228099
16 0.049548650769205
16 0.074089044667680
16 0.065039904054221
16 0.061183655541166
16 0.058129862471743
16 0.099523619118554
16 0.067282126794303
16 0.036209261568429
16 0.100170686047907
16 0.114168074315814
16 0.089471049131517
16 0.056194458119497
16 0.089158993501973
16 0.050415136840837
16 0.059282669972136
16 0.063372715107044
16 0.052974678701391
16 0.110385264821928
16 0.078423079823815
16 0.057262854277500
16 0.061696430921413
16 0.064120102486183
16 0.049382868824638
16 0.100659618003002
16 0.094199293992367
16 0.042344611974788
16 0.066219476517408
16 0.040052583183375
16 0.062949983817200
16 0.102402557941107
16 0.087269041670891
16 0.083521791054247
16 0.098816589761151
16 0.076885593486624
16 0.089999785143850
16 0.083072933089835
16 0.084675803506121
16 0.089867144111184
16 0.058864645423289
16 0.041520687388563
16 0.080034559929674
16 0.055853849568239
16 0.054257144388354
16 0.092561988691080
16 0.054933551721093
16 0.092686784444764
16 0.099386598788002
16 0.045045453150838
16 0.064944588899317
16 0.037902331318512
16 0.077648269624304
16 0.105034071510460
16 0.035832576288571
16 0.077223975100938
16 0.087152025497593
16 0.071351073957822
16 0.116783458874888
16 0.086945450996036
16 0.112406304738686
16 0.070097058896961
16 0.073782470785148
16 0.077567470773461
16 0.091584085493937
16 0.082189352903968
16 0.061715590280402
16 0.128485638476505
16 0.066373026329201
16 0.058001510097170
16 0.070291939003525
16 0.041527352001509
16 0.049946639881728
16 0.108885780364575
16 0.073952794131146
16 0.079292790222242
16 0.072077524318064
16 0.109129904587302
16 0.055612364287299
16 0.057285652445548
16 0.071590906830249
16 0.110366399511029
16 0.110271856830643
16 0.036912453514332
16 0.059204761584182
16 0.075345431234954
16 0.089277056029974
16 0.063935226135075
16 0.084663226836505
16 0.062733670855400
16 0.053321700050171
16 0.109133382840227
16 0.071383845956835
16 0.106032514075701
16 0.090235093516598
16 0.121856279966586
16 0.073309514115853
16 0.086652909284940
16 0.057761301756064
16 0.058302216946189
16 0.039791778739176
16 0.060498758373900
16 0.059040754045774
16 0.092211750477515
16 0.107217177556216
16 0.043698818990219
16 0.089999682074661
16 0.084593581958056
16 0.149383058990159
16 0.076940169057687
16 0.110992806053681
16 0.060146422584989
16 0.060008036716244
16 0.061683959695633
16 0.054471347905656
16 0.046528328474114
16 0.058333517008585
16 0.056420555802256
16 0.034334284515031
16 0.140208598273341
16 0.120857426110479
16 0.068516410811432
16 0.054731550853462
16 0.063381461975890
16 0.058778866643528
16 0.075752604862418
16 0.082777786599175
16 0.083433494253037
16 0.076842245016504
16 0.087234709458634
16 0.091287364111270
16 0.035874322540496
16 0.063895216902934
16 0.084962216356264
16 0.058002308628318
16 0.113016162192744
16 0.107117879765854
16 0.072466684890683
16 0.057906819961872
16 0.055189638553711
16 0.066268774950262
16 0.059675413159662
16 0.052885782868688
16 0.121013280735346
16 0.038364707706398
16 0.054318977776628
16 0.080351688539579
16 0.120024557117187
16 0.055548850705900
16 0.089639803724035
16 0.094767952719726
16 0.078661610574179
16 0.112762607140989
16 0.109034786213276
16 0.090713394664149
16 0.056005320538470
16 0.068572101134303
16 0.199486049282885
16 0.057063200130136
16 0.129555889933653
16 0.065970170410972
16 0.044514186354851
16 0.071189238199390
16 0.107347116634923
16 0.070374432138133
16 0.086558242271929
16 0.068672726411084
16 0.040588600624590
16 0.050804790110765
16 0.064124059553991
16 0.060135262937607
16 0.045020474790546
16 0.046067204407006
16 0.054411369897343
16 0.074698392034529
16 0.055675438060483
16 0.100543032334498
16 0.042822817741762
16 0.055494278718378
16 0.084215917756679
16 0.089623593183825
16 0.091145860110003
16 0.083312225303245
16 0.073988009745175
16 0.119373815484508
16 0.109563818889847
16 0.086420281357058
16 0.147947549679913
16 0.061871883062022
16 0.071621724828532
16 0.145877769780104
16 0.075713040196810
16 0.066488353088333
16 0.072940743116830
16 0.076571626294044
16 0.093249134998377
16 0.052377499258222
16 0.083305576233130
16 0.087135857530286
16 0.060059117604310
16 0.049458315882786
16 0.054033559761281
16 0.100056886383472
16 0.109124827375417
16 0.110294488519626
16 0.062754408306604
16 0.121723455185750
16 0.070726925789128
16 0.079988674161223
16 0.049825697965769
16 0.044995863993252
16 0.045367289801140
16 0.064093052712597
16 0.106883277925761
16 0.088511667887660
16 0.147484531878376
16 0.087299788547037
16 0.057187620471721
16 0.176770438935465
16 0.058045752968883
16 0.099961287560005
16 0.058808046525346
16 0.078764334030081
16 0.048396481615986
16 0.051205923294793
16 0.062537965215569
16 0.092175236732257
16 0.067396829315875
16 0.032752960590912
16 0.107355947029255
16 0.059017749620006
16 0.075480379919997
16 0.037930996348664
16 0.051844664315114
16 0.061732660586979
16 0.069428338044204
16 0.049752772218620
16 0.061636989087119
16 0.088820554298503
16 0.148385088024456
16 0.073270446761389
16 0.066826120483749
16 0.046583165807085
16 0.057988916378731
16 0.121868709218667
16 0.112587823633479
16 0.050671721331269
16 0.051017264167237
16 0.056717244908138
16 0.039664281449907
16 0.061917503476200
16 0.090022951193059
16 0.048836059085359
16 0.086041277089908
16 0.063075702527018
16 0.117083862595493
16 0.088735430032650
16 0.055057160525255
16 0.075968352915672
16 0.056305283230764
16 0.071144381045656
16 0.085811225447896
16 0.056424412962134
16 0.040668761037512
16 0.041685447934104
16 0.061817692534610
16 0.055674230525523
16 0.074065872190544
16 0.076494226664672
16 0.039758137221471
16 0.113514415209984
16 0.042423091154001
16 0.100305217930744
16 0.114994231495662
16 0.119042811860984
16 0.068637997449524
16 0.083559813245341
16 0.062892605253866
16 0.073357945024686
16 0.070909815672775
16 0.045530161379458
16 0.080408082678660
16 0.049156218195671
16 0.072708817722506
16 0.064844801695124
16 0.051605259097685
16 0.114354351065614
16 0.062585911714416
16 0.135172741836238
16 0.080699844261415
16 0.060467908252667
16 0.061680319742226
16 0.079625143154009
16 0.083060760939166
16 0.054441566992413
16 0.107340353888096
16 0.164414204726300
16 0.070165195074158
16 0.103461470291617
16 0.067143879178786
16 0.089987655798793
16 0.070487074641421
16 0.095100085332319
16 0.069517751730810
16 0.093586039415380
16 0.074525566976016
16 0.109273061051736
16 0.062105500039684
16 0.104193665835768
16 0.056101178935554
16 0.059763361979098
16 0.061891868245630
16 0.064013017801086
16 0.053578072692203
16 0.084279869570367
16 0.065585743559748
16 0.065917958881178
16 0.054169136909045
16 0.066833769125791
16 0.109059143569006
16 0.105163144247422
16 0.065260602548348
16 0.063592690101956
16 0.035769768526702
16 0.112053663136031
16 0.152418352612089
16 0.070817941492020
16 0.070721241323926
16 0.095545635544492
16 0.051435706353359
16 0.075548628949354
16 0.059758415036709
16 0.044401211544529
16 0.084408918772570
16 0.078350283225634
16 0.065437755376143
16 0.117795514671017
16 0.090414329353273
16 0.056434563538408
16 0.067508198931403
16 0.062617151594260
16 0.050120512746781
16 0.096721042566892
16 0.065697129422074
16 0.043390664978905
16 0.056238202656630
16 0.066512561664405
16 0.097637036735929
16 0.095413141184350
16 0.054787027387264
16 0.071797886358584
16 0.053432248868611
16 0.092473585773829
16 0.097404372641042
16 0.071856492938052
16 0.049475668776256
16 0.060630108280567
16 0.081997274258071
16 0.057895788397395
16 0.091584893968614
16 0.051210449359801
16 0.065019226085167
16 0.117685020364563
16 0.115091021002962
16 0.044846270740715
16 0.096268031368416
16 0.134673792491870
16 0.053571487711919
22 0.159128827413369
22 0.363069178382579
22 0.221462231468264
22 0.319387213846255
22 0.298942337963357
22 0.213584008278593
22 0.250890586178228
22 0.290860246791018
22 0.232319462179151
22 0.216447929556295
22 0.534288869781626
22 0.168640380025820
22 0.186154632364159
22 0.318017936422595
22 0.342883231033716
22 0.527416949850867
22 0.205938703928914
22 0.432941551544825
22 0.258263559662439
22 0.179582878866198
22 0.143652399487128
22 0.240838703471258
22 0.215417642141839
22 0.222310781538900
22 0.503703351291054
22 0.249370261524783
22 0.275799665964057
22 0.242275213389091
22 0.127890743945478
22 0.316332262811720
22 0.240107429721231
22 0.307680281950442
22 0.223924745203093
22 0.244604478645571
22 0.270831451389810
22 0.227874939945606
22 0.196770754241010
22 0.169936715648635
22 0.213947439705559
22 0.146821573294385
22 0.262879044547218
22 0.463088370881841
22 0.429505352689137
22 0.184174138819778
22 0.409484827510685
22 0.479176398235972
22 0.326492656330533
22 0.159159877387090
22 0.138955874552445
22 0.261698041277998
22 0.181470165550496
22 0.280870015713658
22 0.378289422190829
22 0.222510292505789
22 0.252411122549009
22 0.408057942635300
22 0.345572379136214
22 0.261061964998624
22 0.189848221848122
22 0.143500109220220
22 0.372190296058083
22 0.311446070755076
22 0.254617871214475
22 0.247248516749574
22 0.365545340646984
22 0.431172977926487
22 0.299435522434436
22 0.287040231511460
22 0.460506493232686
22 0.218296512347586
22 0.494520400251840
22 0.210766356965257
22 0.278469196631780
22 0.258243569367593
22 0.401520982779117
22 0.276019254097781
22 0.321902423357092
22 0.186121224470525
22 0.225293280294655
22 0.260548381596827
22 0.172672424830816
22 0.227983142763527
22 0.263809838486232
22 0.268094742198040
22 0.437480005890579
22 0.264178424855585
22 0.168634218650934
22 0.203911755616119
22 0.381967043084308
22 0.287665918021962
22 0.253085456519051
22 0.244662062291617
22 0.227362556105669
22 0.349226116987838
22 0.258536703786684
22 0.230123419517449
22 0.332328256393339
22 0.285623047808066
22 0.234387946088583
22 0.212275967656002
22 0.277704083353426
22 0.263549304097760
22 0.403569055193017
22 0.277287936458739
22 0.250291036019041
22 0.184820841234283
22 0.249490231035760
22 0.212548490356112
22 0.420134850440926
22 0.161006751347621
22 0.242847542721415
22 0.282480525005007
22 0.204534124216583
22 0.344157078040943
22 0.228599606203724
22 0.245024044873735
22 0.194129621512226
22 0.216419177506197
22 0.383147956994339
22 0.311674694595615
22 0.161712983296181
22 0.322543891615501
22 0.547646814677921
22 0.237929178774050
22 0.298145611006007
22 0.278983856732104
22 0.213915006292741
22 0.251229601881045
22 0.463931538847162
22 0.160927311875578
22 0.257919690459172
22 0.248483425412938
22 0.203742744581267
22 0.302549244851932
22 0.159279912657535
22 0.339359823205873
22 0.310985940326055
22 0.542784716314769
22 0.368853765345145
22 0.139180509576976
22 0.242264958956909
22 0.160449822438154
22 0.320432103256318
22 0.247004683875309
22 0.161284472384974
22 0.284942252711347
22 0.358598879936650
22 0.404963933671674
22 0.387854396447957
22 0.345374186795322
22 0.299905713616331
22 0.253688026473345
22 0.253239805510942
22 0.191719270230410
22 0.182929056724625
22 0.231552859614310
22 0.210824740898640
22 0.304910459624702
22 0.237604995390595
22 0.608170780296150
22 0.298078802010205
22 0.255177601986066
22 0.425897434017689
22 0.411881335809850
22 0.250082862831290
22 0.326406265233624
22 0.368482020966589
22 0.365732940018435
22 0.285104190857181
22 0.187311255632438
22 0.254037034366415
22 0.292549791252666
22 0.203847998863253
22 0.247763756429991
22 0.159577144434624
22 0.371383953232041
22 0.471332571342956
22 0.240292595160296
22 0.223617836816737
22 0.240987715907200
22 0.498592714607276
22 0.227655523710921
22 0.245738443840860
22 0.187643257547683
22 0.196774678796744
22 0.160184196897545
22 0.407513474448377
22 0.251549076039432
22 0.429527335255839
22 0.487435539240278
22 0.406417149933516
22 0.449425285758972
22 0.276529381363804
22 0.214713003850326
22 0.269109539678579
22 0.212713980575760
22 0.150496781755306
22 0.295760631066551
22 0.235224800202874
22 0.539229744894173
22 0.287033220880662
22 0.217368358293527
22 0.151604674667413
22 0.189960586552412
22 0.286743386315324
22 0.384193540983456
22 0.141358964000168
22 0.269956645744973
22 0.308850445585493
22 0.390739942012794
22 0.402007769449094
22 0.252283780638971
22 0.458916984108752
22 0.322132391368327
22 0.493871183058362
22 0.186412345122124
22 0.409036847321100
22 0.157524752122646
22 0.361202039395633
22 0.169659066321688
22 0.230255791956587
22 0.237970144817892
22 0.270022630575640
22 0.208654620082706
22 0.254070264732835
22 0.328383165482788
22 0.184427952772244
22 0.330837035289318
22 0.441166262426692
22 0.255973291852845
22 0.357849038183615
22 0.450880048347588
22 0.190686415319987
22 0.314964487027239
22 0.207397794266388
22 0.265703270249983
22 0.354473157897613
22 0.452840744938738
22 0.225622926067568
22 0.250989743036490
22 0.306041816309694
22 0.202024377897012
22 0.202831302948778
22 0.324696219410724
22 0.151892007277406
22 0.412188397721306
22 0.180174979760976
22 0.263484450060709
22 0.376594189682157
22 0.209708798112341
22 0.300810195054027
22 0.366225569167630
22 0.293876832790913
22 0.343275178502305
22 0.284770906922168
22 0.303146276780510
22 0.290641937557158
22 0.526851272025644
22 0.181850243962651
22 0.366357248834496
22 0.181969144596024
22 0.183681743819322
22 0.247130067961417
22 0.441679732169575
22 0.171634730081970
22 0.272945517795458
22 0.239798057118908
22 0.228446310212953
22 0.272782701125759
22 0.297686188749499
22 0.391973736225649
22 0.353172815103444
22 0.281147224377366
22 0.302527892265470
22 0.191249144273915
22 0.336940918714538
22 0.263924403880722
22 0.417919787165453
22 0.273107463959597
22 0.209958375288151
22 0.247473425397079
22 0.288954273215010
22 0.206277233487421
22 0.303345746794342
22 0.191691066435896
22 0.350212516910888
22 0.155056613947337
22 0.482915762385190
22 0.246854779684663
22 0.237283497063178
22 0.245861156162392
22 0.150140239098496
22 0.542214251050011
22 0.482774522859059
22 0.227461626099003
22 0.153778026939208
22 0.165777393390502
22 0.255588431078287
22 0.347311146335668
22 0.265210446276940
22 0.381629382132115
22 0.208080799569153
22 0.310748448666193
22 0.148737160157975
22 0.366898006422711
22 0.229730176341414
22 0.179618119077515
22 0.276350539147107
22 0.301344075055304
22 0.322068473098993
22 0.331863676250082
22 0.174702586925849
22 0.333448165567748
22 0.187521020537528
22 0.131310129500189
22 0.293290041824799
22 0.198994889191248
22 0.266331825081369
22 0.264379015479331
22 0.223509127810016
22 0.236683127564369
22 0.325104248709031
22 0.342736381896025
22 0.236993574617587
22 0.440929994694166
22 0.232520595365488
22 0.229732230350404
22 0.214494339106531
22 0.384270939269543
22 0.408707548178231
22 0.186610865561144
22 0.331223663318247
22 0.223971612285386
22 0.216088655307946
22 0.255663927020648
22 0.306697343554270
22 0.382714884783412
22 0.235573564570326
22 0.325765383031183
22 0.417031502573158
22 0.382519397690010
22 0.392171970283433
22 0.171434785947589
22 0.271816479751900
22 0.246896947428890
22 0.273170297399319
22 0.247570805827206
22 0.289291507011405
22 0.182334580878344
22 0.274987993393292
22 0.276806693696657
22 0.171827698709897
22 0.181143048774978
22 0.256174010543133
22 0.449666702135306
22 0.630131635053895
22 0.329600685291280
22 0.139534356450752
22 0.237121368368072
22 0.233484382201595
22 0.334728860316001
22 0.310762851472425
22 0.447766525194929
22 0.180064185225791
22 0.239006752523773
22 0.231207415685510
22 0.232004900332953
22 0.489011832670639
22 0.214511412996321
22 0.166395953913548
22 0.172960833367391
22 0.223500742072313
22 0.384993947998904
22 0.290949116294546
22 0.329683527205957
22 0.153865491605406
22 0.300227319539669
22 0.238381332141354
22 0.146250608354896
22 0.269823159130782
22 0.274919584353580
22 0.395023069428039
22 0.178004332047221
22 0.641101249861512
22 0.300090201173356
22 0.328381018627029
22 0.175156859247259
22 0.198076999211754
22 0.259309177147069
22 0.341011313465158
22 0.298132751278216
22 0.269378701268248
22 0.190716554576955
22 0.282254741565212
22 0.307275066378172
22 0.418316101628348
22 0.484833906525236
22 0.185441677134063
22 0.143635552555083
22 0.690479770020345
22 0.348841213356387
22 0.181246259820762
22 0.289158657828671
22 0.137419181301043
22 0.297821960006173
22 0.225577352432965
22 0.159965398380165
22 0.188386007465360
22 0.238638194344409
22 0.300962806017533
22 0.384507051959415
22 0.244049327197285
22 0.258547432099014
22 0.377421422638825
22 0.265349081967741
22 0.231807082056760
22 0.355044016849910
22 0.244335878148002
22 0.303957917838737
22 0.235203927604400
22 0.299477297860328
22 0.448266749805963
22 0.216467229450455
22 0.219514680858471
22 0.205155448751868
22 0.166501797245250
22 0.120120597549084
22 0.229274481581895
22 0.451670896303624
22 0.286961468205430
22 0.216642291649527
22 0.333813752567112
22 0.329290046618858
22 0.220716952303375
22 0.141826446126679
22 0.293375843677566
22 0.224570721145880
22 0.240538214315619
22 0.345749453245252
22 0.624018171863228
22 0.270783974859895
22 0.199660625098814
22 0.249883989893236
22 0.401216746105692
22 0.195743251101914
22 0.248656166295552
22 0.253271563633430
22 0.225609592729155
22 0.283758108819936
22 0.130674346523050
22 0.424476497021492
22 0.380384998343148
22 0.241421790307111
22 0.223603727096608
22 0.263546266214909
22 0.214277157191797
22 0.271636642255936
22 0.273819332402629
22 0.253066886112565
22 0.359370524662201
22 0.240298270008823
22 0.269144679467621
22 0.430132954222391
22 0.295583513958649
22 0.186965856467368
22 0.215408217792386
22 0.264417232726367
22 0.316310682847579
22 0.387360541893428
22 0.159176746616325
22 0.381897643841947
22 0.204825614951426
22 0.430558076998993
22 0.272287402821467
22 0.317911309179876
22 0.256462686925183
22 0.241311528483608
22 0.424233998692686
22 0.178986796373254
22 0.229265577603920
22 0.190036012044115
22 0.297311312811340
22 0.254759421934453
22 0.135317817818978
22 0.431671945049920
22 0.398194487719438
22 0.246529137339889
22 0.274713779417570
22 0.252169610007151
22 0.278373444020677
22 0.424069883759730
22 0.387905115808601
22 0.173865667307150
22 0.303242268751751
22 0.391135672406272
22 0.239446175824038
22 0.254938915597319
22 0.410170346340922
22 0.510938535301461
22 0.236833552591532
28 0.850824312375030
28 1.644441460975576
28 1.054176849963437
28 0.715489557973129
28 0.714345543707971
28 0.659090647427837
28 0.482314279703276
28 0.773982678203594
28 0.515787645822060
28 0.753567523386702
28 0.790044572017046
28 0.432082172519785
28 0.419132725146985
28 0.456766926885330
28 0.594288611146919
28 0.491656846378684
28 0.540672442629331
28 0.565021200271011
28 0.612946641309740
28 1.007440438322841
28 0.438295295113415
28 0.803417701742455
28 0.589484464159884
28 0.420592235447089
28 0.411915316812278
28 0.942425683145843
28 0.408744519968185
28 1.436900857826397
28 0.681898440401136
28 0.746331206051803
28 0.489764637365646
28 0.953299010809592
28 0.918031978966072
28 0.619375120690835
28 0.642657043622903
28 0.523820171992998
28 1.252597410375037
28 1.078014828772656
28 0.650335255305719
28 0.531380967762189
28 0.690861885217410
28 0.813291386031931
28 0.898806199333134
28 0.907261365090369
28 0.593228797326721
28 0.594719818683989
28 0.567431933559355
28 0.488337160663861
28 0.694281782914117
28 1.178402655488129
28 0.812932601519695
28 0.695616112842023
28 0.614325386139775
28 0.502396304932000
28 0.597675004891912
28 0.501306698764703
28 0.523300906147974
28 0.466027204400804
28 0.520497587693133
28 0.642321790341701
28 0.806844141468193
28 1.130984253842769
28 0.546553660926860
28 0.529284362888193
28 0.845336250236626
28 0.733684017598423
28 0.766852279716269
28 1.056137071902558
28 0.794247555829360
28 0.961368375595641
28 1.056749635343875
28 0.639230968999074
28 0.554123861694550
28 0.990037526496121
28 0.429131790481906
28 0.619393109704430
28 0.851898762946623
28 1.252115656228871
28 0.634407813650741
28 1.252700839964250
28 0.522268097928261
28 0.514475606513956
28 0.888514616202164
28 0.714367860292525
28 0.391757003009038
28 0.830093397526365
28 0.472484998849026
28 1.494528583110759
28 1.323249097927810
28 0.982653688754326
28 0.741368143841322
28 0.520093229573727
28 0.414478146774968
28 0.584793883419366
28 0.750296037866010
28 0.962215310512404
28 0.649658680990872
28 0.575927821504485
28 0.764328113038146
28 0.889255030662774
28 1.772308922000439
28 0.606654497198247
28 0.900393241692744
28 0.829675459694980
28 0.485614635019856
28 0.732063116258746
28 0.545857380711485
28 0.897654994785081
28 1.297882654986738
28 0.657399019577583
28 0.935305922511215
28 1.406179689364708
28 0.780724878550603
28 0.914445514339951
28 1.051651947084038
28 1.649315988927098
28 0.410634178072958
28 0.542832357253628
28 0.939571581110572
28 0.711459361599223
28 0.425395702465130
28 0.876946204517137
28 0.651961421615497
28 0.911284659490045
28 0.613901747310138
28 0.947034415554247
28 0.803321999513221
28 0.613024654932841
28 1.320546784914092
28 0.639698822242055
28 1.342327976732741
28 0.709341792631484
28 0.609128153510898
28 0.556730939389745
28 1.106557198644539
28 0.491601864239797
28 0.993469162077323
28 1.109005283444693
28 1.030479705542269
28 1.150478421808069
28 1.439330307907197
28 0.998178417916042
28 1.183115959057650
28 0.783660014805483
28 1.023110085723597
28 0.620088810170127
28 0.748733880413115
28 1.117721690630632
28 0.774342360526003
28 0.945419922419779
28 0.743702147039786
28 0.802500395991747
28 0.952950380340417
28 0.568351330363600
28 0.656001753694279
28 0.799543908319716
28 0.524678033569012
28 1.075060141303248
28 1.109697183307494
28 0.994357000955059
28 0.641684237832104
28 0.703826993366594
28 1.128842093007712
28 0.510263813397106
28 0.834871534730580
28 1.198494989261121
28 0.791663483386433
28 0.448337558123846
28 0.844151487635241
28 0.703997969186875
28 1.288703122175988
28 1.074913632674007
28 0.824927884786259
28 0.573656872831325
28 0.868826624433986
28 0.869009809145052
28 0.610917817050932
28 0.539036736146134
28 1.248582580883347
28 1.143393545106759
28 0.499339440184803
28 0.460948589446763
28 0.880584877022736
28 0.506412432149405
28 0.800472709206510
28 0.538005705129269
28 1.594902996487786
28 1.195144108762663
28 0.456517383636191
28 0.770589681058570
28 0.594595584268321
28 0.593922362628695
28 0.626606622876754
28 0.648009546372466
28 0.732014227025988
28 0.490674349699881
28 0.559565427924352
28 0.598858418740977
28 0.696775826056692
28 0.496611426469459
28 1.059168392906340
28 0.567089714767690
28 0.671981394696592
28 0.948399651622994
28 0.611341191665350
28 0.941921258000529
28 1.032643298254111
28 0.958855092404869
28 0.732267297659277
28 0.521792076327298
28 0.817040237756482
28 1.182097378812695
28 0.788377894970785
28 0.601029631617702
28 0.779946105243610
28 1.180102076913436
28 0.868252587057943
28 0.446115311797030
28 0.816625276431932
28 1.264689836670690
28 0.574079776246867
28 0.853948604476384
28 0.774666276018511
28 0.824837964684603
28 0.844383127488881
28 0.589362286242752
28 0.986517659144134
28 1.046549876941662
28 0.568423636109304
28 0.930890757700935
28 0.747810935322852
28 0.522220901862017
28 0.595070206128342
28 1.055016266691496
28 0.848878218245485
28 0.604027414504850
28 0.570417828690655
28 1.068064997387868
28 0.798630639115676
28 0.960389350557103
28 0.453194082764098
28 0.747497824384316
28 0.859714857939720
28 0.879307002894813
28 0.710376286851552
28 0.428049931291983
28 1.385099998120114
28 0.528318163102032
28 0.543397957753633
28 0.645281253776921
28 1.016605079486040
28 0.419424632229483
28 0.911488334227894
28 1.031781200931574
28 0.405491768753525
28 0.727621082222845
28 0.630491627270557
28 0.478422006649408
28 0.553404092453536
28 1.239468033032128
28 0.785562708378396
28 0.641136653999503
28 0.873324138184282
28 0.695670049442134
28 0.584041006978853
28 0.898347779187464
28 0.842314170019318
28 0.811668341052572
28 1.144707891817248
28 0.464267748939387
28 1.140517480328322
28 0.401432599243227
28 1.115532905192636
28 1.010216859521772
28 0.544125444239153
28 1.018619315535525
28 0.484451534948088
28 0.851309639951014
28 0.527652348890506
28 0.586615689952300
28 0.825772294479529
28 0.554813754891343
28 0.495326278451968
28 0.757137679499702
28 0.431816465294249
28 0.656363298752970
28 0.681637054799184
28 0.786405372970022
28 0.988895957309068
28 0.754842958707652
28 0.748390914611260
28 1.016187703488297
28 0.471073015108676
28 0.535725171439616
28 1.412730145095750
28 0.386639973930332
28 1.062168441095408
28 1.088239982813077
28 0.725650025835267
28 0.977984988952302
28 0.423258648930936
28 0.849088975926303
28 1.206693631049399
28 0.426062511828333
28 0.547504747854036
28 0.587844461145354
28 0.613410958067124
28 0.369434370832145
28 0.888834434274356
28 0.769119505516263
28 0.669852792825663
28 0.591845871777186
28 0.507110239148013
28 0.485652833368365
28 1.100312974292362
28 0.808058968045474
28 0.584888124748320
28 0.773411076405940
28 0.961530415363410
28 0.839275850658753
28 0.528489410636455
28 0.317276227148846
28 0.905867484514804
28 0.818043847280604
28 0.592051877480482
28 0.670868128261496
28 1.136862769924798
28 0.756660540800693
28 0.644830592256162
28 0.634310727951597
28 0.407125524811949
28 0.563895823444323
28 0.541214188367340
28 0.967942678474100
28 1.258006465161511
28 0.475161465581667
28 0.590817326792611
28 0.357887590371875
28 0.483435740919282
28 0.473625276546382
28 0.917480237940484
28 1.422999012514735
28 0.623015993701662
28 1.068167693138492
28 0.541462311266369
28 0.681600523233406
28 0.682927087069266
28 0.894203288821121
28 0.738956165282477
28 0.704000691613865
28 0.322951791938778
28 0.525905436223080
28 0.707074631967705
28 1.023743463430736
28 0.631482583563802
28 0.750325473923088
28 0.628351515760577
28 0.329887093715500
28 0.939026542378451
28 0.422519214654227
28 0.797210572974310
28 0.837669595106033
28 0.446117541979008
28 0.627295941530855
28 0.836436097709717
28 0.586458520374645
28 1.324303219630069
28 0.844370633775876
28 0.756394360161217
28 0.988533202729642
28 0.520640765141613
28 0.859142189604572
28 0.714457147099064
28 0.726658169692930
28 1.028974696897749
28 0.946207692351068
28 0.683004509909137
28 0.856871422284762
28 0.773051926400578
28 0.682158191037390
28 0.770691862289677
28 0.925458853695650
28 0.477636351953489
28 0.626177893276985
28 0.248107511364145
28 0.558496351254182
28 0.600423327361698
28 1.035919315565510
28 0.646582080806828
28 0.615929817597777
28 0.581185113727363
28 0.577209246271706
28 0.654990747224089
28 0.630536713511471
28 0.537992159593552
28 0.537423807807335
28 1.056993119331488
28 0.831904110543745
28 0.751697546545413
28 0.560409433380463
28 0.793492707288709
28 0.630715503343569
28 0.837061361157518
28 0.594966702951175
28 0.614385205788918
28 0.697114945852780
28 0.632546198417360
28 0.449704226142160
28 0.943460319408961
28 1.174790649113984
28 0.425723761439125
28 0.700203040934100
28 0.810417824978200
28 0.875921504256080
28 0.812959405990790
28 0.942476167661552
28 0.654813089313663
28 0.813380643902195
28 0.471196959224478
28 0.815373748880121
28 1.077906206292521
28 0.422669185642710
28 1.192774829690802
28 0.484901044197643
28 1.077948954351012
28 0.691623643063260
28 1.045649679529244
28 0.742937355093353
28 1.204293138986710
28 0.820242639283976
28 0.726719435422494
28 0.476598950087675
28 1.265109333497388
28 0.837866683439263
28 0.560479731474827
28 0.896484440940627
28 1.187768561945803
28 0.666028460446568
28 0.804757177358400
28 0.500988580379158
28 0.362773359812496
28 0.857720074328975
28 0.538028170394285
28 0.825672623001897
28 0.853933456801156
28 0.445406732056397
28 0.685789323712976
28 1.070100096783140
28 1.129592038304462
28 1.203590492555586
28 1.387737163601806
28 0.701110632451566
28 0.762990640251811
28 0.454039715522812
28 0.656797739592517
28 0.766407181249967
28 0.604653748137394
28 0.639644639696441
28 0.998417133175480
28 1.068976898363806
28 0.744018685961531
28 1.265311524304710
28 0.888445619639071
28 0.740572930690722
28 1.383159457973042
28 0.998856762274221
28 0.735892450522198
28 0.560761592152396
28 0.686392395895155
28 0.776213058710605
28 1.109133511151802
28 0.516362701551562
28 0.946005018677194
28 0.523732707417394
28 0.564201421052541
28 1.200494673951361
28 0.729423962447002
28 0.540704436419994
28 0.933947744378106
28 0.461362795177991
28 0.608464213836110
28 0.370048718000142
28 0.529389654018476
28 0.758839383887944
28 1.026526791252567
28 1.191758527205129
28 0.650794019226928
28 0.973938780318050
28 0.699325352928257
28 0.694637710104608
28 1.050042021679541
28 0.668464486114249
28 0.659261597598146
28 1.236387709447698
28 0.761723754802298
28 0.570185075797438
28 1.014406921085279
28 0.879086680197735
28 0.613152152461416
28 0.668697183988120
34 1.349909474092933
34 1.625129520206213
34 1.930600770359343
34 1.288973178569221
34 2.272561654044410
34 1.978555159985900
34 1.636336160062627
34 2.669847243552866
34 2.112327490164204
34 1.694753001301880
34 0.881794831885085
34 1.643596983071935
34 1.470050236073069
34 1.553149476923024
34 1.029436407118049
34 2.225506980891426
34 0.883889829453369
34 0.981534808873677
34 2.065952782262517
34 1.480624234177817
34 2.747151785097983
34 1.886399985977869
34 1.477778944076681
34 1.370835398940331
34 1.508493016391006
34 1.037599188027483
34 1.738971278083666
34 1.226873671660951
34 1.812868812885662
34 1.662048928185540
34 1.625551482609289
34 2.587775176605973
34 1.846558144118854
34 1.885010226000822
34 1.244254347924081
34 1.064732812961144
34 1.880327030161145
34 2.071645563893603
34 2.309601648820806
34 1.604628694283861
34 2.294480772915238
34 2.410920903421558
34 0.948396712508118
34 1.865205012864624
34 1.635153049995741
34 2.184700689681212
34 2.146723894738590
34 1.530644856405692
34 1.151894668563198
34 1.373310861359234
34 2.399448540684571
34 1.545750827285801
34 3.001466885851213
34 0.955462613499084
34 2.660885483915063
34 2.540636545881537
34 3.273432128234939
34 1.529922471439653
34 1.082380057493985
34 1.582946180000717
34 1.716730913425140
34 0.998211673676553
34 1.536306382777442
34 2.287052711908251
34 1.526214540448922
34 2.030455866568979
34 1.947256009486829
34 1.756782302064716
34 1.305450429388121
34 0.869810518421119
34 1.190596856196701
34 2.419147463397448
34 1.502203914483322
34 2.600984139159380
34 1.680748781168033
34 1.863410161664489
34 1.654049793520050
34 1.317422088004151
34 2.311455731796610
34 1.251291709756658
34 1.653570227190512
34 1.124153809406700
34 1.113929647581184
34 1.410246667214528
34 1.853063251156013
34 2.273863524617246
34 1.064427549307524
34 3.643776360950504
34 1.834202071963967
34 2.217068102680364
34 1.834031840161447
34 2.038310934100526
34 1.283002502098275
34 2.595829818497613
34 1.414455636390815
34 1.044620010686136
34 0.769171498055780
34 1.592221191785273
34 1.794121994049904
34 0.991724424040887
34 1.958253390515823
34 1.783114618376311
34 1.888564691482904
34 2.228149217615924
34 0.971616707234292
34 1.037100230369266
34 1.600139452279220
34 1.357932126800178
34 1.004160746560899
34 1.489613805782026
34 1.712408447697738
34 1.258694313630588
34 1.314518911878285
34 1.737741775412654
34 1.668576157936001
34 1.911998850598109
34 1.887251735034579
34 2.233229696526105
34 0.968340562431738
34 1.583087765982746
34 1.634247430719481
34 1.704061588371395
34 1.484220290956658
34 1.488409735251387
34 1.434427702352228
34 1.106636146653114
34 2.432444850292838
34 1.913630778908504
34 1.486958864220540
34 2.024586022317151
34 3.355643259595229
34 1.550667358009831
34 0.932682303519455
34 2.404212481424156
34 1.576475681916484
34 1.576945224673794
34 1.413115027412318
34 1.792318826813552
34 2.099566338077750
34 1.098823470940376
34 0.953965206336449
34 1.033815026082543
34 1.589317892669430
34 1.564589470052903
34 1.276465381532646
34 1.803810571604584
34 1.472697461663217
34 1.310388197856484
34 1.007479840265662
34 2.196979045024315
34 1.651297567239694
34 1.164362467463952
34 1.865410353668342
34 2.343840059818797
34 3.119328265447342
34 0.914208390195296
34 0.967797772647434
34 1.616809459630022
34 2.451594311414065
34 1.343391675282203
34 1.284112933549780
34 0.954294037696693
34 0.918322788428380
34 1.797430804830578
34 1.970336941738299
34 1.965987786851178
34 1.727275043310009
34 2.022837724038655
34 1.345774200724941
34 2.883163315664762
34 1.349535239166005
34 1.711451259300938
34 1.372525662300067
34 1.562089359660971
34 1.365233753050217
34 1.025035564940548
34 1.560501460803871
34 1.311865426126291
34 1.264284807182314
34 2.107598824308867
34 1.032115895804113
34 1.897429867819628
34 2.279864641503201
34 1.514942879861960
34 1.629731288626819
34 1.635101500410001
34 1.231788365403290
34 1.965470119099283
34 1.529943510153895
34 1.116558588070123
34 1.535481901713854
34 1.551125054007883
34 1.185015079023953
34 1.118498595992084
34 1.500093182239763
34 1.141744326401669
34 2.304674231662629
34 2.229131443763396
34 1.202131466562820
34 1.078558181756045
34 1.309000852396784
34 1.232520251746066
34 1.306119856672201
34 3.245353482603629
34 1.277343851196653
34 2.044717091200215
34 1.155207526677386
34 1.389254327453626
34 1.535919786821750
34 1.040933748092566
34 1.798653708404982
34 2.355032644627634
34 1.364429239683943
34 2.393756268254316
34 1.505377555519896
34 1.400953329542889
34 1.381655280398315
34 1.931308267914256
34 1.599712066790645
34 1.332108909163527
34 2.204567291253777
34 0.961291000019708
34 0.986736426670049
34 1.182919969312746
34 1.014718203136574
34 2.112464468093054
34 1.910866559674112
34 0.950966275839453
34 1.243142625149493
34 3.134485742141682
34 1.645849585768582
34 1.533046657545899
34 1.738316667898361
34 1.232730630632311
34 1.619326895395626
34 0.921324055242763
34 0.906304312509479
34 1.648686050304152
34 1.697021820388945
34 1.245385319487087
34 1.013833863416826
34 2.559275726520969
34 1.115116415829133
34 1.780404624530061
34 1.312432139373691
34 2.864444996680699
34 1.562256357357934
34 1.758748685168924
34 0.791520193773939
34 1.569934577975888
34 1.125142770046086
34 1.862448033778110
34 1.303915173293409
34 1.324243471114532
34 1.956241449026912
34 0.973544160713979
34 2.152190706902931
34 0.782419165269723
34 4.193988650725677
34 1.067012634947056
34 1.085394025194952
34 2.175572035158083
34 1.121776781295863
34 0.849046768806833
34 1.425815560998091
34 2.034088360658839
34 3.022079914139298
34 0.925317268759083
34 1.095687502955424
34 0.956515306065610
34 1.503770414292160
34 1.811649638622304
34 1.168175908055277
34 2.177699655207925
34 1.199796594747558
34 1.319124128024319
34 1.296769704399697
34 1.599277753749969
34 1.723577599698288
34 1.825663774486523
34 0.972378345401810
34 1.382440511093253
34 2.126925233702657
34 2.259697110262786
34 1.168842367506145
34 2.244069131688176
34 1.664477627031566
34 1.389989612400316
34 1.981707445369119
34 2.011534271307704
34 2.079522808053309
34 1.498022066003631
34 1.859374912271631
34 1.363375500571000
34 1.407050605690293
34 1.756506538847520
34 2.096880060241761
34 1.182597692716536
34 1.021308813569314
34 2.579538958212737
34 1.380344031676246
34 2.341529787438016
34 1.051045108224542
34 2.047120376860516
34 1.088776447652839
34 1.934929471353965
34 2.099654547199216
34 1.921355024764835
34 2.152994974767292
34 1.666903707365508
34 1.215248757578315
34 1.504812085918909
34 1.785749627606453
34 1.706156497312392
34 1.865209097284221
34 1.446855659624979
34 2.030104244840397
34 2.137254685222671
34 1.524598831962836
34 0.723885285961155
34 1.543095205741288
34 1.590776314335637
34 0.836388502200041
34 2.231015570900101
34 0.944126849221428
34 2.505660351324920
34 1.352844607223866
34 1.811725004227979
34 1.113390885569419
34 1.455405535277393
34 1.653344273231881
34 2.302443883638545
34 1.523345610165633
34 1.463412705155908
34 0.879106306886270
34 1.165522001762382
34 2.703647131918382
34 1.381448573836952
34 1.585307410288456
34 1.456264114136453
34 2.096703655987777
34 1.184038844019480
34 1.763364821116377
34 1.986802245983153
34 1.196373542580688
34 1.396278657698625
34 1.143662132690894
34 2.109027845802953
34 2.425074832423074
34 1.812401844095231
34 1.139258455128859
34 2.352461717251060
34 3.112684957469535
34 1.400349799662730
34 1.028775036492322
34 1.906404857515724
34 1.194562907722864
34 1.123165657348864
34 1.003662239074202
34 1.442124212871486
34 0.940125108896238
34 1.238767596774195
34 1.775156821663227
34 1.695118039318163
34 1.080959348966140
34 2.393377173777093
34 0.836118311469467
34 1.353012524047198
34 0.906450036318089
34 1.278441596872245
34 2.080629306937047
34 1.063409097857200
34 1.164042425490652
34 2.650014356825690
34 2.174826067308438
34 2.277860055684402
34 1.786586773397194
34 2.408093828632027
34 1.132732162914722
34 1.261509674337840
34 1.390744551283873
34 1.133205886039051
34 1.026923855048557
34 1.361693202208161
34 1.293257063101061
34 1.503654659052813
34 2.103447640287871
34 2.055515477483505
34 2.483777957360119
34 1.531012480694462
34 1.555300715558619
34 0.787907276082330
34 1.951892253885585
34 2.119133549043734
34 2.654531623649553
34 1.230966632146696
34 1.994228691096545
34 1.643440854218761
34 1.140857987478936
34 0.634520810373660
34 1.116027035863246
34 1.111022669699748
34 1.415928874978886
34 1.989626412666580
34 1.618212937795949
34 0.967464703236381
34 0.767327035379345
34 1.369740340270644
34 2.520512710366527
34 1.881396403563463
34 1.752479764558332
34 1.068362121396993
34 1.324468504533056
34 1.715750556300372
34 1.171305521880099
34 1.970976097284059
34 1.171589704989850
34 2.200294750831568
34 1.554806486156800
34 1.722852487822822
34 0.780207953409898
34 1.115811672769368
34 1.392185716149149
34 2.371247959697650
34 1.962059776375529
34 0.998729665355689
34 1.097422824986216
34 1.828805035487754
34 1.225407895612183
34 1.874685718747357
34 1.873958302526710
34 1.353138017526901
34 1.371848264641081
34 1.499995629592193
34 1.116057933330435
34 1.774454627206104
34 1.442950632817809
34 2.096159413366311
34 1.779352440559610
34 1.546190915888418
34 1.155424031465637
34 0.845552124479998
34 1.748234395951764
34 1.087068548541281
34 2.546234894461723
34 1.242064510570656
34 2.088703582827679
34 1.253305975409302
34 2.192909357173003
34 1.418076434339641
34 1.176609452812468
34 0.964874076761212
34 1.160072525584134
34 1.944686370409560
34 1.503188218718720
34 1.542917023268249
34 1.088907505295658
34 2.033904333213387
34 2.004859247751200
34 2.670999319518059
34 1.008027160121909
34 1.980342637944179
34 1.305227778943870
34 1.623430937052949
34 1.503690039201386
34 1.760420517476026
34 1.041156872068407
34 1.203943167164467
34 2.430548261911694
34 1.313148794579701
34 1.763178473901163
34 2.412918138113817
34 1.077944776159175
34 1.122583618179294
34 2.093077430694878
34 2.106266041704944
34 0.975593910604320
34 0.953632478075848
34 1.960376470501028
34 1.576088147508676
34 1.459710811630608
34 2.464746046720980
34 1.412150461138516
34 1.244614385558067
34 1.306209132761695
34 2.053524282055371
34 1.260239802847743
34 1.688059600219164
34 1.105967895303317
34 1.300903404306082
34 1.717667122790032
34 1.264586081551292
34 1.786254923381395
34 1.962385369440188
34 1.476103574295519
34 2.580133339804459
34 2.166379565481353
34 2.140398912352123
34 1.348013142546395
34 1.612701729826577
40 3.649891462118258
40 4.688672397140078
40 1.782906148407248
40 4.950412845665387
40 2.983387923756256
40 1.332099867399232
40 2.752682293138264
40 4.598724025371926
40 2.409979589212778
40 1.603372735718654
40 4.645797865543582
40 2.250713643575643
40 1.805900815925327
40 2.812493209386799
40 4.589372611943367
40 3.433474384353900
40 2.758547898396234
40 2.009647525854048
40 3.974272959738549
40 2.995671982780475
40 1.777289976159055
40 2.249356285319593
40 5.878551417350511
40 3.023587282912699
40 1.949276470023055
40 4.356092583418080
40 3.847870691380351
40 3.925688351028034
40 1.988511299507979
40 2.117665495309460
40 2.769752525622108
40 3.146253655752606
40 3.860783133827253
40 1.821000692950474
40 5.447504022051414
40 3.713169766570406
40 1.933329890734806
40 2.768263533633658
40 3.295365236627523
40 2.884624866797449
40 2.273474461639502
40 1.999577521965413
40 2.032607849952067
40 2.655307781510157
40 2.833459455297353
40 2.368387698024261
40 2.662444922475769
40 2.802472590014341
40 4.753194021273455
40 4.045339914837406
40 4.746287296328646
40 2.199811008398045
40 3.130420998172305
40 5.319822208341947
40 4.091869967392144
40 4.150940357936900
40 1.648803537133446
40 3.174365832712219
40 3.052323118543542
40 2.466580328172315
40 2.104193156850784
40 3.654121462627159
40 4.285782258063580
40 1.905087069177072
40 1.949933436804828
40 2.406420452456379
40 3.148114376304522
40 2.184500993618974
40 1.822177624603759
40 3.521378962435171
40 3.096978485758875
40 2.696622296958083
40 2.149627374165572
40 4.971973830994310
40 2.766150061970205
40 1.993435950277145
40 3.134959884929438
40 2.533548915444555
40 1.859366488008580
40 2.130862602731254
40 2.058352715427018
40 2.423149038832041
40 4.530610009456048
40 2.512688689312219
40 3.357688653327939
40 2.924750044941941
40 1.419708843199606
40 3.752740873466792
40 4.122011728076174
40 2.185451036794404
40 3.663981766071808
40 2.757652557357664
40 2.080362639895142
40 2.455740915625742
40 3.568891787050338
40 2.147073147266513
40 4.403924803984019
40 2.366686509382330
40 4.590852254745547
40 1.869258598787602
40 3.917082787775909
40 4.980672474559684
40 1.317349063777268
40 3.088291561505148
40 3.698252735557210
40 2.257249860598090
40 2.629548210874489
40 2.175992593062466
40 2.555236282715549
40 2.594707521100995
40 3.284353410575108
40 2.518432419008573
40 2.848694973805056
40 3.299458829866004
40 2.545707294892372
40 2.896313983295017
40 2.404178635414567
40 3.018285302753192
40 2.212147468860364
40 2.337382320724045
40 2.901278478402372
40 2.459433716964975
40 3.738946685554689
40 2.963507407947706
40 3.108637903384023
40 4.142615425440564
40 1.817047185200646
40 2.216794270426504
40 3.761744815556728
40 2.365939298085555
40 2.809810455516759
40 3.388038306460322
40 1.755481044656847
40 3.842462270432870
40 3.488579029424182
40 4.020029105397690
40 1.623641317103763
40 4.775514192877081
40 2.282378032373076
40 4.156651787012092
40 3.746680393382823
40 1.872927927875775
40 2.497775273648281
40 2.724389269334095
40 2.258968169415903
40 2.281065595902879
40 3.727110302184579
40 3.358914067843141
40 4.287326753885077
40 3.361313586345803
40 5.186185447215376
40 2.792312521389963
40 4.673767628001713
40 3.248981405734252
40 2.468357789844904
40 1.854600891364555
40 4.668911221413047
40 1.775379207017850
40 2.165552793265325
40 2.411741108791274
40 4.373532686441209
40 2.910064613729914
40 4.003744638804233
40 3.942216081084381
40 2.844238715697860
40 1.387983360558847
40 2.568756622003482
40 4.630071500809647
40 2.214474395559447
40 3.069730423348862
40 3.722664917309804
40 3.348944557961431
40 2.083380844437883
40 1.653304561303953
40 2.769170755891347
40 2.994968134969511
40 2.311110579248355
40 4.182896606119845
40 4.350308672042290
40 3.767807790743047
40 1.731346647147197
40 3.805904615480331
40 2.320843260726945
40 2.967913207057729
40 3.232482058702708
40 4.165114355503900
40 2.991164737200577
40 3.486412222188214
40 3.705662823092624
40 4.262801652709170
40 2.780418861004812
40 2.130014295335592
40 3.509571491345336
40 1.979674859082005
40 2.533340942325865
40 3.551967976398887
40 1.819056422616168
40 4.372903472708584
40 2.828030935464770
40 3.077814578619522
40 2.364010979111237
40 2.927838127463094
40 4.288413756688776
40 2.892556086186337
40 1.698022679190007
40 4.208184854508454
40 2.252097855848946
40 2.132595324791136
40 4.871876034691466
40 4.840381993856134
40 2.625769872944724
40 2.550740966834383
40 4.085999334829030
40 3.109811679805409
40 1.799193884038818
40 3.736125278083878
40 4.663930772576014
40 4.088833714422639
40 1.695450247959339
40 1.402585882864999
40 2.450752598331857
40 1.665411365940383
40 2.407302587523024
40 5.400707480846914
40 2.619239491954297
40 2.397571425681774
40 2.358205040755083
40 2.921976578097489
40 2.268051132088329
40 3.762473113121647
40 4.572802602684046
40 1.410243389188850
40 3.145100133878465
40 2.646247177271725
40 3.559000768550812
40 3.826877215313285
40 2.315781929555859
40 2.448435906504958
40 1.720736900804644
40 2.852670229129692
40 2.119207989923794
40 3.388868405525759
40 5.177387643014463
40 1.828862585787584
40 3.700600909621137
40 4.774093998934560
40 4.137513160226927
40 3.882139114849890
40 2.666744694002475
40 3.442374041870497
40 7.051243576576207
40 3.283190333334518
40 2.495096534156413
40 5.017490478906053
40 3.885988346731533
40 1.902631312031525
40 2.938238862204622
40 5.105472500562295
40 3.223086033556035
40 1.959587875580091
40 3.159782657553228
40 3.598252354479657
40 4.600630111089534
40 2.639916048989301
40 3.789544868028356
40 5.523749116075491
40 2.146707816446575
40 2.377260599097218
40 5.893088729763752
40 3.028983832537291
40 3.745701213614145
40 3.309287535064589
40 3.149540263163859
40 2.775407350345173
40 2.310503415203012
40 2.082688556564646
40 5.077878456214269
40 4.374763606478115
40 6.278711545576624
40 2.881076414650204
40 1.922373100600798
40 2.341677375514401
40 3.169813981629531
40 5.253010853843932
40 5.917351839409690
40 1.267460075082800
40 3.679433402284038
40 2.342652871848321
40 2.018567793719386
40 2.837549860093787
40 3.821281691722037
40 2.533042293771857
40 1.605462309785192
40 1.746447847428369
40 2.671113479106504
40 2.537060119251195
40 3.688738592185729
40 3.658679891272918
40 3.561780448949625
40 2.316773552828459
40 2.022713967660167
40 2.533130512905901
40 5.726747114696053
40 4.624287902659782
40 2.810116944486363
40 2.397458108643848
40 3.028203427759308
40 3.660629581592316
40 3.853070853898796
40 1.787420598166637
40 2.964292778964721
40 4.460671100574170
40 4.102469030658751
40 2.216970403347194
40 3.134536439544250
40 4.050542805067579
40 2.566160586908135
40 3.091133965132361
40 2.115149316002963
40 2.155176171633991
40 3.374151699025937
40 6.571420158319249
40 3.226600553366271
40 1.895852585789951
40 2.118108878398901
40 1.815975462501081
40 4.582464779325021
40 2.007705575244424
40 4.125377392907938
40 3.325219185572314
40 3.426441573202447
40 2.901213608455500
40 5.362564710534556
40 2.827487882601247
40 5.929549293898841
40 4.004469250012937
40 2.048141338687833
40 1.993901834369518
40 5.104656486520328
40 3.971324365607479
40 2.775713633971308
40 3.754699068640828
40 2.714985948870240
40 4.014349660702024
40 6.473200429733417
40 2.666563219662596
40 3.499623910406077
40 3.332882655160063
40 4.262269358459646
40 5.108795139040105
40 2.536183445436166
40 2.124558560514897
40 3.854079855731420
40 2.306820389215336
40 3.676314269735091
40 4.531215610146706
40 2.414021652683656
40 4.275827693313346
40 2.950932462623444
40 2.536402457615761
40 3.020247022065353
40 3.543882589550549
40 4.047049382026410
40 4.517476874682519
40 2.618910785994107
40 2.742464882792600
40 4.161901241730929
40 3.362820256604985
40 6.659005522599152
40 2.801440178902027
40 4.402339803327328
40 1.970910692611025
40 4.577652761691220
40 3.601640038817241
40 3.932528989626235
40 2.784962575974175
40 2.108515255169401
40 3.279658743047237
40 2.257400600678017
40 5.641724931014396
40 4.815258422537569
40 2.020792674018821
40 3.297906205955106
40 5.218638834098506
40 2.191596980484046
40 6.844568732793819
40 1.656213381839507
40 1.761294725496532
40 1.621027807140207
40 1.871896020822374
40 4.465453967203356
40 4.096856042728987
40 4.632680465586173
40 2.468490981093480
40 2.263626721059996
40 2.345909307854937
40 2.859416885146112
40 3.469356073110203
40 4.366222988188595
40 2.057348853950081
40 2.049106983737000
40 4.069808643541013
40 3.718009261857131
40 3.661066975248614
40 3.436861545554022
40 3.196836628493920
40 2.186629787919037
40 6.499885613357389
40 6.180655758414584
40 2.935972808401759
40 3.685458973199793
40 4.189412918206225
40 2.289406411335072
40 2.198726120745031
40 1.735749404628148
40 2.961549468259622
40 2.059963923346797
40 7.546382356827618
40 3.060167236718648
40 4.599644743270239
40 1.871687937402919
40 2.021784405577626
40 5.043517457767773
40 3.168294299288901
40 2.825819424534821
40 2.224677372409635
40 5.123871372387074
40 4.028620700157445
40 3.861590209955983
40 1.535177189246530
40 5.589585149701627
40 1.926905425506559
40 5.282890580024731
40 2.120353667249976
40 3.869773689871919
40 2.297355071104078
40 3.239801937835972
40 2.341671938881590
40 2.778404746822146
40 2.061169108674093
40 4.771866601674282
40 2.040958312659965
40 2.000658823211264
40 3.024608224976497
40 5.115363889288719
40 3.511079230863242
40 4.531008782786785
40 2.953346321927254
40 2.571410680308421
40 4.118938903168955
40 4.146259636038579
40 3.511934725437710
40 3.478441742828123
40 3.031376622158085
40 3.184869655861786
40 3.284929221817134
40 2.520750563078758
40 4.230751355760576
40 2.005937294511101
40 2.161797564963132
40 3.330298048062808
40 2.740799153128508
40 1.818328226087436
40 2.082055601006024
40 1.718248359748948
40 3.416968881999335
40 3.252288012010256
40 3.216935516716593
40 4.237702351024762
40 3.458697308304568
40 3.969465987178655
40 2.327196806940435
40 3.271411193724557
40 1.719045226801031
40 1.725004231264590
40 3.083090353909945
40 1.541993558638510
40 2.508461963711010
40 3.649240041360857
40 4.496018169790627
40 1.810278320328472
40 3.069718591903341
40 2.945959423030984
40 2.680600371029302
40 2.963684459414769
40 6.075078121754624
40 3.022507167755416
40 2.379332116360993
40 2.969677342986755
40 2.094885012970931
40 3.529668818198862
40 3.952785426509226
40 2.918044734194090
40 4.244491023440393
40 2.877926259520635
40 1.769894884761495
40 3.416980600098793
40 2.884906362405749
40 4.489901030397862
40 2.089001644679051
46 3.905850296389049
46 4.972284415964465
46 2.985554324698179
46 6.443964699372246
46 4.972339071039934
46 8.248325937222191
46 6.045209581901525
46 2.828921560578510
46 7.152646431097851
46 3.354085735434902
46 4.353438250426619
46 5.781176776379179
46 5.472216411141081
46 4.559456860862168
46 7.783844061922000
46 7.577317299880443
46 8.308502262851647
46 5.952302714968095
46 7.407415190275732
46 5.076428823628588
46 9.027582638256288
46 2.379560246275810
46 4.445638185003284
46 6.839700694683284
46 4.341117225869346
46 9.107315086313276
46 6.099125438819912
46 4.903733783109110
46 5.036534507263599
46 4.090683747920086
46 4.078412750406924
46 4.683600867932288
46 4.843523558431262
46 4.505422371064552
46 7.591409711918839
46 4.430263851013711
46 10.678645538397117
46 6.246895258732881
46 8.294981140163078
46 10.876668910500136
46 8.352456360170851
46 5.718647188898034
46 5.082515412460236
46 8.167026633961020
46 7.214253702452186
46 4.602401274021253
46 4.484794381704389
46 4.372848635964273
46 7.526073893388153
46 4.125679449087460
46 3.269036850015458
46 2.763500900919518
46 4.282614214422169
46 3.050790489826774
46 3.530123968276744
46 4.274855904612952
46 6.258179245762488
46 6.229838690319980
46 6.010176938757144
46 5.077122314070645
46 4.247923277506508
46 4.949198905223327
46 5.957269232422630
46 4.490047374308627
46 5.513299419896157
46 4.971344192225526
46 5.192117810288327
46 9.253739158880329
46 7.661886181156866
46 3.876905567595187
46 6.862671338894303
46 4.711454641911188
46 4.721721360570976
46 7.771858072749954
46 4.494640671002355
46 8.118514184865461
46 12.295124181943638
46 4.980686158487956
46 3.073053495706092
46 4.217402538649577
46 7.690061202702728
46 8.067676826734210
46 5.617309994177377
46 7.703526659850403
46 3.414569118459497
46 5.226824564572695
46 6.084501056382475
46 6.498764994678773
46 6.457424513754017
46 8.838314957309738
46 3.676430472833770
46 4.086380313575373
46 2.983638774425419
46 4.475133718206473
46 6.501656856271071
46 6.345329483897397
46 6.329736849968445
46 7.351463858684425
46 3.913067351667117
46 5.373060776611950
46 5.484101532152707
46 4.474804104338212
46 4.053539613737973
46 4.729147005217856
46 5.481421475103343
46 3.812306853667565
46 4.793360010887924
46 3.584905383772765
46 3.522966117463842
46 4.693227150134549
46 4.907094051705053
46 3.885253542891768
46 5.654384463329505
46 3.313036945873873
46 5.597399173760720
46 4.332323043715208
46 4.557516704336552
46 3.993169285794781
46 6.376240330778390
46 5.716843848981854
46 5.704256125138073
46 3.987522412457069
46 5.274837572525421
46 4.717778188343964
46 7.305642722307667
46 2.980038422727197
46 4.923649971050395
46 8.565060407641877
46 11.759558561601935
46 5.640632266157723
46 5.158744674121060
46 5.455955215447785
46 5.945194461747215
46 4.390081404511240
46 6.748521965605440
46 3.819393919372591
46 9.649616940912253
46 3.790953458480846
46 6.564707616688163
46 13.862806882096297
46 8.387573333643269
46 3.548835335321380
46 5.739695424864804
46 5.174543899345766
46 5.653618708065109
46 7.533813798773181
46 6.071398602045543
46 5.137686011668750
46 4.458085546105043
46 8.914263961585828
46 6.187871172412468
46 6.040927230873143
46 5.670356328985489
46 5.133423810018907
46 4.859784227912686
46 4.056197714972763
46 8.283959961499248
46 7.701992268291269
46 13.837805535603625
46 4.614365653426778
46 5.591217502446112
46 3.718656771114106
46 5.510218685842542
46 8.561821106651848
46 4.126382012716796
46 6.831275847439204
46 3.121964817647066
46 4.497931902171151
46 4.900394474685426
46 7.223806063895410
46 3.766146884926086
46 8.034867646778791
46 2.975254563950353
46 6.865381119231394
46 5.902799266176339
46 4.307687571579543
46 4.891360926281015
46 7.397309849380867
46 4.332020328571300
46 4.081362717532143
46 4.840283177920539
46 4.361988931704114
46 4.954140456613482
46 5.814659344991441
46 4.706439055768089
46 6.501622437974493
46 3.439467932307946
46 5.858841336694731
46 9.178116226805102
46 6.080460957950899
46 3.604163831340683
46 5.777615306406644
46 3.479694863604229
46 6.854775863730268
46 4.133634328831284
46 6.673083167334088
46 5.685948819251542
46 4.971223137178606
46 8.458088559059345
46 9.041291287238870
46 4.300846233605360
46 7.519387117046442
46 5.574647810247515
46 4.985059431939247
46 6.012217194368683
46 4.820279827470918
46 6.437966071309907
46 6.354429418006790
46 4.381159201535942
46 4.861096459561820
46 3.262345235533796
46 4.125382748482984
46 8.535858389126190
46 8.573656692362647
46 4.774616638701485
46 2.910186686818667
46 2.773165523464743
46 4.172426273949195
46 6.944291120758018
46 8.351468173159493
46 8.788033739777578
46 7.333146070270927
46 7.042102521511837
46 8.622953996337941
46 6.544557453792730
46 9.012225912823492
46 7.008776576307412
46 4.897646254162481
46 4.948192224298319
46 9.948299275693563
46 10.568812912099858
46 5.895002669252300
46 3.660063109127393
46 5.052799844942235
46 2.572351008125495
46 2.791681208250580
46 5.339577120771476
46 7.702046075464151
46 4.930642993829787
46 5.512345573245044
46 3.576376554554705
46 5.044977338835191
46 5.705237305076409
46 4.795837767035700
46 6.133243088182110
46 4.810227954972001
46 4.062308333397070
46 4.040502528546958
46 6.961217648206482
46 6.149525155095746
46 6.494624900035912
46 2.804984443387522
46 4.065434931898555
46 10.241296039706793
46 6.097500469442519
46 2.578200875966627
46 4.369896599402153
46 7.607111115484702
46 11.880135412785791
46 4.502209826986625
46 7.171598034083654
46 8.341850355984086
46 4.974304798196737
46 3.894385030307906
46 4.536066772486494
46 5.231923503476642
46 5.982866677336295
46 7.160628779565139
46 3.719681314979710
46 8.223157661394700
46 5.824481207360789
46 7.891509867499713
46 5.301800948394494
46 3.282153165007764
46 4.776175123640966
46 5.636882859398368
46 2.721552155479756
46 7.239747492415120
46 5.061572590402394
46 8.495013605608872
46 11.411776740932538
46 4.299010324873553
46 3.413847879091602
46 6.995924843819620
46 4.820783527703403
46 5.174318372511410
46 4.061941737080226
46 9.074210706961676
46 6.126561824789727
46 7.929571297303287
46 5.232796558112550
46 8.098203020736154
46 7.411404197297467
46 6.236598944708537
46 6.711668987239647
46 6.799505919066188
46 4.376611901336704
46 7.076046502492093
46 6.045345924150244
46 8.103931560455671
46 4.938080022793780
46 5.434339226551941
46 5.774095724744971
46 9.013250907742076
46 2.534992024441486
46 6.026951602727102
46 5.848540502149588
46 6.671541776496944
46 4.232158482716690
46 7.422386840572666
46 5.775447986857389
46 4.639385465332833
46 5.428352248484628
46 9.282515003667200
46 7.165970988196638
46 3.241126230010147
46 5.071290577126229
46 6.020024424996095
46 4.215054210988613
46 10.615405818426973
46 6.797671095475497
46 10.789747078202042
46 4.734951629945309
46 4.981991757178450
46 9.957505547471305
46 5.307775396847188
46 6.384160117026622
46 5.370115876270030
46 5.905150873574296
46 2.923865698172938
46 5.022090197069073
46 4.913048314122005
46 4.998364805806490
46 5.715656070632271
46 5.970546941405117
46 2.696165116307933
46 5.785927207892773
46 3.989163273521743
46 4.943456803060897
46 5.189826526267776
46 7.498064880814127
46 6.162128681559831
46 5.302780779243761
46 4.046911641865560
46 5.784387067656326
46 4.323396181946487
46 4.989937937323210
46 7.347265024401388
46 3.291521664293040
46 6.484031468152990
46 8.448300996225768
46 3.722434540499659
46 5.677195677765506
46 3.775402944661498
46 6.088745447031870
46 4.966049494610458
46 13.750187179317718
46 4.648318102360239
46 6.140460439451298
46 7.564908641218689
46 7.467090121179941
46 8.368010788359948
46 5.180795127829528
46 7.481038070861914
46 3.941137343058966
46 7.556176893355349
46 5.918216549105409
46 3.121512753311688
46 7.232392968514888
46 10.518652446579289
46 8.076697844689704
46 8.906319876846538
46 5.039844580543756
46 7.041465447649605
46 4.169427861753753
46 3.086015558758862
46 4.774344054917237
46 6.351594352857415
46 11.532811771283257
46 4.511200134164117
46 9.833258973800383
46 7.333153396557008
46 5.465259919791205
46 3.018771041971505
46 5.386911307679302
46 4.637102738231004
46 4.759782575804762
46 4.890255812832352
46 4.226533787393087
46 3.492687469188704
46 5.729073551557288
46 5.594334332169367
46 4.659527270066122
46 2.401557923182579
46 6.299874944723153
46 3.416954925468201
46 4.729988657036222
46 3.493561879614819
46 9.845010696306815
46 6.413910601970938
46 3.498868567522260
46 7.391079294647238
46 5.622833806337841
46 6.136562589989651
46 3.913145512923461
46 8.601721798461957
46 3.553297467348571
46 7.143719050411296
46 5.720998869578306
46 5.363668599339317
46 4.718924398940507
46 5.939547424617585
46 6.235904210081135
46 4.669596276801935
46 6.462520691718599
46 6.225868285265710
46 5.940647972953715
46 4.774389153132499
46 4.016787324149406
46 7.141473410579476
46 6.666580673604347
46 4.294764523659047
46 8.192287857910856
46 3.490378886842642
46 5.028806939409600
46 8.710066495541192
46 4.521775187817410
46 8.829991892772716
46 10.715394350565175
46 7.344375377418396
46 4.750119550863424
46 5.733627357613361
46 6.492396847442720
46 5.600888730026595
46 3.900152047609417
46 5.586706183570401
46 6.262722246771069
46 5.260984983174104
46 3.490838788509781
46 5.703693810421133
46 9.995860136837553
46 4.729858066926424
46 3.065892321815778
46 6.230371717114266
46 5.798149099812342
46 6.756553197597899
46 6.744749357130281
46 3.359281982663189
46 9.920289742056367
46 6.475364377543301
46 5.060156013070588
46 5.773053823766413
46 8.524161683019603
46 5.112387880892398
46 5.477138812797185
46 8.345524120745043
46 4.161567846739663
46 4.337242449407115
46 8.059685588547708
46 5.304812343515108
46 4.692901144402894
46 2.970147185074272
46 3.046792687704166
46 9.041386669177054
46 4.445457509981760
46 4.261489263008547
46 4.475549959269255
46 3.564825902287073
46 4.234775600807778
46 7.031336946724516
46 5.309161561076936
46 4.961530195647247
46 7.007828676355535
46 5.623226163655272
46 6.177767725327755
46 8.967522652278586
46 7.101438294945459
46 6.567167410295911
46 5.203309432437605
46 3.768345449657587
46 4.743946842514259
46 4.190430946763096
46 6.273490797051118
46 3.146257298311411
46 7.639774861555111
46 5.190050694959889
46 4.631962905347834
46 6.650359293153503
46 4.423995172545121
46 5.051749048134320
46 9.149803337387841
46 7.379638515539468
46 3.530797570328299
46 2.800628839286150
46 3.254647728361573
46 4.284465574047734
46 4.354998320787246
46 4.841539081899171
46 8.345159439032269
46 4.550085195690671
