10 0.007644444803232
10 0.007462320426251
10 0.009331181064697
10 0.012043530271105
10 0.015889213987221
10 0.016240225401972
10 0.013958639086832
10 0.016819949629410
10 0.009534632188399
10 0.007803261946278
10 0.005138508970372
10 0.006380508740684
10 0.006873116558873
10 0.010344984571933
10 0.007647479435320
10 0.010118782674611
10 0.012959114845391
10 0.005143240816680
10 0.012673613799550
10 0.006325510505307
10 0.011101637600724
10 0.006636703382775
10 0.007950628600259
10 0.008823879583789
10 0.008957989095517
10 0.009310513455726
10 0.007774532132051
10 0.007837873677905
10 0.007821500881864
10 0.011829786040832
10 0.007778773308694
10 0.012594078215644
10 0.014903857333707
10 0.010596769667677
10 0.008270083133377
10 0.013237233335472
10 0.009882931577989
10 0.005295686937364
10 0.011293151277186
10 0.014794782770950
10 0.008065724485689
10 0.008137722000489
10 0.016882179769875
10 0.006542255480937
10 0.007067741178084
10 0.014495485833997
10 0.003825535702657
10 0.008181454677142
10 0.004221798224992
10 0.009025448818842
10 0.010061556579535
10 0.007058605416080
10 0.008469177010771
10 0.005467439356534
10 0.004771073405123
10 0.010551292330489
10 0.006136652788681
10 0.005844028909267
10 0.009165783432730
10 0.008596348428929
10 0.008301923263491
10 0.011434879896787
10 0.009785580249807
10 0.008014351211030
10 0.010397861569801
10 0.009773669210062
10 0.007036097606941
10 0.006495810265260
10 0.013808930464159
10 0.015675571796209
10 0.006838287435115
10 0.007634255383202
10 0.005862542615127
10 0.004386967341692
10 0.007790512800201
10 0.010754572185837
10 0.009024912986234
10 0.009112258389223
10 0.017586677906195
10 0.009428289887277
10 0.007045367128215
10 0.005074606222387
10 0.007946196336366
10 0.008639433508235
10 0.005340105435979
10 0.014512735626453
10 0.011595947125174
10 0.015496703593227
10 0.011591132650972
10 0.010443357220372
10 0.005475698252896
10 0.008058022321601
10 0.010438795547188
10 0.009099917856364
10 0.010383095210404
10 0.007534023640045
10 0.009275744312458
10 0.011574349917175
10 0.009819285444560
10 0.010598630447357
10 0.005659695973547
10 0.007745406407763
10 0.009074640753711
10 0.007709374419820
10 0.005525023510767
10 0.006948650164628
10 0.006090337269738
10 0.008243649036725
10 0.011912374698387
10 0.006910241914589
10 0.013657659053476
10 0.008207424668031
10 0.010229674508586
10 0.009370952122276
10 0.008978995504294
10 0.006315522030839
10 0.006222407383957
10 0.005807349510797
10 0.010928000725479
10 0.006983041332967
10 0.007053554816751
10 0.010868420123870
10 0.009814068233999
10 0.011126116630359
10 0.013305230147635
10 0.007416488628159
10 0.004007203428107
10 0.005622411507117
10 0.008719187322002
10 0.008665244297640
10 0.011246904721960
10 0.010803663748774
10 0.008019781886785
10 0.009225842729880
10 0.007450609398056
10 0.007670037544578
10 0.014539889249192
10 0.008569234400767
10 0.017670094379105
10 0.012260885981225
10 0.006809934633614
10 0.008424343415847
10 0.008561487041782
10 0.010504542434892
10 0.011069464137041
10 0.008342405738646
10 0.017641934660156
10 0.015199891388230
10 0.008223357618430
10 0.006791331869983
10 0.008128149930708
10 0.013200888780938
10 0.007890231881154
10 0.009050167932970
10 0.003533235674005
10 0.004146214279967
10 0.008651605732875
10 0.004316144730771
10 0.021850064547999
10 0.004627736435063
10 0.007392090453882
10 0.011049307292851
10 0.013128916118509
10 0.007975744641269
10 0.007418829152296
10 0.006660943657527
10 0.006488865364308
10 0.006468462332189
10 0.009646969780318
10 0.012483104654986
10 0.004243136857928
10 0.007157368071937
10 0.007268349842877
10 0.009424682527944
10 0.006896470261021
10 0.011801150456384
10 0.011209569944892
10 0.008634391668225
10 0.005154234304267
10 0.010770234563594
10 0.009870519623071
10 0.006142344608283
10 0.013480792437832
10 0.005512155625941
10 0.007439905089722
10 0.007297402235101
10 0.012228595503436
10 0.009077962053741
10 0.009608158259068
10 0.007395191343161
10 0.004655031272215
10 0.008311586279656
10 0.006511259383690
10 0.011891904371268
10 0.015916324380962
10 0.005056818993098
10 0.010319105867022
10 0.007564720484211
10 0.015600469069550
10 0.010238732379224
10 0.009604473914646
10 0.006920010999750
10 0.011070122194429
10 0.013674233976218
10 0.007753408556716
10 0.010971272987534
10 0.008110068078049
10 0.008799076103157
10 0.007005783446643
10 0.008809118617844
10 0.012363473298794
10 0.005238152725092
10 0.006397790014490
10 0.012206701149341
10 0.008167607435853
10 0.009397892497854
10 0.011607928828777
10 0.013388696840926
10 0.006183537646267
10 0.012079145399837
10 0.011952089662399
10 0.011087837552874
10 0.007745061948322
10 0.011601250683727
10 0.013558246911140
10 0.008591432679839
10 0.005018409549897
10 0.007509427151318
10 0.011670007636835
10 0.005145329311819
10 0.009532947936562
10 0.009493824763256
10 0.013016540770961
10 0.008415716103962
10 0.015649365726591
10 0.005970633080544
10 0.015392537702051
10 0.005104787311657
10 0.008570398903291
10 0.008223456817160
10 0.009664072133218
10 0.006740050378080
10 0.011169074195621
10 0.004722060329826
10 0.012869198260057
10 0.018812965581890
10 0.010836503389806
10 0.008974177962194
10 0.008715084639641
10 0.011080164149193
10 0.013667256579663
10 0.007183754958092
10 0.009611571930508
10 0.011370779494855
10 0.007683641820351
10 0.007726029422881
10 0.006352167089029
10 0.012463469254682
10 0.006742573547184
10 0.010146438566283
10 0.008867548085655
10 0.004887306627556
10 0.010555012592673
10 0.011728443723393
10 0.008769418638164
10 0.005351543128237
10 0.004690071981082
10 0.011565918642014
10 0.010441421856141
10 0.017101894104320
10 0.008690920458436
10 0.028009339074741
10 0.012105213888994
10 0.013263548518876
10 0.011650398758864
10 0.008040016913939
10 0.011788987539125
10 0.011784178404822
10 0.006616550086448
10 0.012920071917465
10 0.011523253101847
10 0.012999281571053
10 0.008254973797075
10 0.006094544477174
10 0.009003604808225
10 0.005734235357832
10 0.008517108504017
10 0.018276624789756
10 0.005237193017579
10 0.008900853683876
10 0.007553139952576
10 0.009169005270972
10 0.014661812623455
10 0.010214643762716
10 0.015184392269509
10 0.013393031690943
10 0.008517513692932
10 0.007671826012402
10 0.007207607322523
10 0.016556671142599
10 0.006956554171071
10 0.013601777872180
10 0.006432642361027
10 0.007211091368727
10 0.010565977192096
10 0.011478796029818
10 0.006714778112745
10 0.005576610623134
10 0.007975466328575
10 0.008079788696478
10 0.011375702548055
10 0.013178450709193
10 0.012416256232192
10 0.008995326167874
10 0.011245619035731
10 0.008358653714342
10 0.007460629846481
10 0.005705817278471
10 0.010611173924014
10 0.006428000718041
10 0.006932434210415
10 0.010152145429103
10 0.012030030353618
10 0.005865246189961
10 0.008170640444084
10 0.015990397089872
10 0.008096491619507
10 0.007445059722893
10 0.009682218764431
10 0.008842986703655
10 0.008076125100168
10 0.016183800020975
10 0.007969404608416
10 0.015739327162682
10 0.007341236216570
10 0.004150085843204
10 0.010293610678691
10 0.009047895649821
10 0.009773946941930
10 0.010600942881056
10 0.006586740395816
10 0.007555733592883
10 0.007462608707672
10 0.013575620931612
10 0.004889201611790
10 0.007201975751916
10 0.007392956505193
10 0.010186330953761
10 0.008642094585036
10 0.012299172936619
10 0.011235995579402
10 0.006381987523508
10 0.015180496804856
10 0.009618043244780
10 0.010927459601912
10 0.007366817376652
10 0.010332175020186
10 0.012257930642791
10 0.007720833069312
10 0.007657938885217
10 0.010663854063606
10 0.005801443233889
10 0.009498445315952
10 0.014009091990642
10 0.006196237073558
10 0.016427161263991
10 0.005615866337622
10 0.013321294574999
10 0.014365847306221
10 0.012567546762197
10 0.009312372089159
10 0.009620740462874
10 0.015113605180549
10 0.009885346658860
10 0.008194537634206
10 0.010602116536235
10 0.010868302777641
10 0.004597433336177
10 0.013319098089460
10 0.011136225319257
10 0.007373906485297
10 0.009705179361986
10 0.010606565036102
10 0.013429817444494
10 0.010945193028919
10 0.011214324796210
10 0.011124607317260
10 0.006315213695979
10 0.011403976386649
10 0.006562687091545
10 0.008684851968889
10 0.005075409005510
10 0.010415044941362
10 0.011352807445957
10 0.008964200233677
10 0.005426996104081
10 0.009164704554823
10 0.007024898134177
10 0.005859097297619
10 0.014866159362173
10 0.008073012067255
10 0.005498819286212
10 0.005020800862212
10 0.008694508648415
10 0.004749874176599
10 0.018206183761368
10 0.013742806542401
10 0.011170432715674
10 0.007563191606174
10 0.010912243240347
10 0.007988236809756
10 0.007313023431639
10 0.008046797156479
10 0.014860441400833
10 0.012188941395341
10 0.005278575281205
10 0.011494447483246
10 0.009837745636265
10 0.011640186876629
10 0.009473804378772
10 0.010735110294169
10 0.013105549461615
10 0.007271696750686
10 0.006692624222489
10 0.004363522863466
10 0.007887739727033
10 0.007127330729568
10 0.009458670256424
10 0.010207556775498
10 0.007807900982441
10 0.008959695389231
10 0.012081293096342
10 0.008954307768815
10 0.008538498706293
10 0.015191519035917
10 0.005511810154568
10 0.008562369796765
10 0.006917033638233
10 0.008174533399429
10 0.013454845270844
10 0.007072216430344
10 0.007553435596333
10 0.005756957001849
10 0.009760020257187
10 0.007414470064681
10 0.011366283435272
10 0.006747856270515
10 0.013026634383482
10 0.007332460838274
10 0.011607114124174
10 0.006736727209426
10 0.009714800542495
10 0.009989092352320
10 0.008527353594644
10 0.010202533326103
10 0.010629770979006
10 0.021673981070169
10 0.012999874902887
10 0.006260403665577
10 0.014576754401882
10 0.017285083148025
10 0.004921871919681
10 0.016391453343836
10 0.008067071332342
10 0.007316890715069
10 0.011287713122292
10 0.013661927515051
10 0.017554899269502
10 0.011876666460638
10 0.013107038615184
10 0.014153531739240
10 0.006799261628873
10 0.004960797782806
10 0.006551153203934
10 0.013811487036781
10 0.005889941778678
10 0.013987249783179
10 0.009421439414545
10 0.006347927610973
10 0.005099881405432
10 0.011954543459962
10 0.006334877946090
10 0.005887413131399
10 0.007178988763372
10 0.014618572017981
10 0.012072162034507
10 0.012106942516297
10 0.008830741517990
10 0.010556980130617
10 0.012936235834476
10 0.010448579901480
10 0.015941390228993
10 0.007684060763455
10 0.009897603515725
10 0.005358647877676
10 0.010588922616826
10 0.007634317951493
10 0.017420897376178
10 0.013054579548932
10 0.009434229903426
16 0.059442508954209
16 0.036080610380282
16 0.064347077774677
16 0.049266410734161
16 0.036978188425517
16 0.076111368472572
16 0.073977676802493
16 0.050912255368073
16 0.047674080596952
16 0.044173731491930
16 0.065616297322483
16 0.090173650745687
16 0.047036696913060
16 0.049257044282404
16 0.035067401775275
16 0.026365005099055
16 0.049358514950771
16 0.053717696431440
16 0.050774461737613
16 0.055971721270799
16 0.044723052806441
16 0.057098321031314
16 0.031992654766696
16 0.068576815267738
16 0.047083961491132
16 0.067314944340702
16 0.053878645303241
16 0.043153879417478
16 0.074124582853378
16 0.069606113092438
16 0.091001607308685
16 0.068269085575242
16 0.032880341431020
16 0.042234704230966
16 0.075786840802271
16 0.081910995918747
16 0.037213306292912
16 0.056801803228042
16 0.035989886159308
16 0.057539479726673
16 0.028839992481856
16 0.039973334077291
16 0.099995865786266
16 0.051477989652594
16 0.040600195926111
16 0.054211333513904
16 0.055100654320178
16 0.037863661968709
16 0.034951992846794
16 0.044887279085352
16 0.063846878836232
16 0.052345220183643
16 0.051379016056900
16 0.033369809509938
16 0.039802960868742
16 0.038912147847282
16 0.040789571673821
16 0.082852161158000
16 0.048923736041055
16 0.048089781209764
16 0.032889147596015
16 0.038047253044165
16 0.080508177342246
16 0.057590967613505
16 0.099250517193417
16 0.052576273430897
16 0.039585887745550
16 0.117090323404263
16 0.061253965345906
16 0.031748996913773
16 0.059222324427263
16 0.045893556600196
16 0.056439511918495
16 0.047276305911441
16 0.087145706408781
16 0.033873171619832
16 0.049095024089665
16 0.082818085032822
16 0.039995580871000
16 0.063428467798745
16 0.044727031191501
16 0.046701638546821
16 0.071120698394350
16 0.057464337351542
16 0.057117782652801
16 0.039674124466479
16 0.066744193547711
16 0.066396715822923
16 0.070760029722964
16 0.032817836976699
16 0.073852987975650
16 0.045916324341046
16 0.041277012124669
16 0.036994321386325
16 0.047216432864796
16 0.035268882467772
16 0.044622092683514
16 0.066605521780581
16 0.051509556230485
16 0.073008134639391
16 0.047203786776901
16 0.070644634663827
16 0.063867029805294
16 0.060932466796206
16 0.085360235272662
16 0.037211647792490
16 0.078417042592336
16 0.066633949113679
16 0.048125335169464
16 0.055564323828098
16 0.028896374736000
16 0.068524322564196
16 0.051874527446286
16 0.030876089783665
16 0.038928262587647
16 0.046032412578451
16 0.039227864938223
16 0.045501265501447
16 0.063926001917692
16 0.059795905872153
16 0.085608467626222
16 0.043275727849943
16 0.069066871681222
16 0.055264451434016
16 0.062463917746946
16 0.040734073618258
16 0.037329161328079
16 0.084267272474498
16 0.045413874501932
16 0.047598276953062
16 0.040484053315297
16 0.085726860825233
16 0.040846722208380
16 0.061949439079125
16 0.042309483764914
16 0.075244298749772
16 0.087248143138943
16 0.067394546190644
16 0.069864056448611
16 0.039825797012057
16 0.032947348149462
16 0.043568473653440
16 0.031140811838278
16 0.066492820068021
16 0.036453416188808
16 0.035265633278617
16 0.086299692862558
16 0.052705289445842
16 0.037057314737492
16 0.029789701985019
16 0.035893041840811
16 0.066720829157152
16 0.032476248229500
16 0.052245693615264
16 0.066968470798520
16 0.095755214145573
16 0.055981898130157
16 0.048599903368075
16 0.051900703041986
16 0.039238548955481
16 0.040167687429391
16 0.044313741454504
16 0.069344109719700
16 0.080359108685350
16 0.070935334821927
16 0.043246349797505
16 0.034202997693607
16 0.039574535856319
16 0.046166143386353
16 0.047778730297599
16 0.065730517284797
16 0.095765555597996
16 0.042616311726783
16 0.049250142784855
16 0.051731304596898
16 0.043824315632321
16 0.075415778289381
16 0.073515071658376
16 0.065224242856680
16 0.075693295658115
16 0.052223827664228
16 0.049639146524414
16 0.041252075929037
16 0.044830147830415
16 0.061006157217060
16 0.025133986771029
16 0.081851798621786
16 0.038951791869566
16 0.061021846749446
16 0.039153863413750
16 0.035368833082760
16 0.044463538029525
16 0.042089752534950
16 0.034706901606631
16 0.088637109684626
16 0.088951341962594
16 0.038699146383535
16 0.055955992030529
16 0.051979877188545
16 0.072465393406175
16 0.091982786290931
16 0.052184628486231
16 0.040206058885177
16 0.028675550897160
16 0.104272498140132
16 0.079926047937552
16 0.087919744876871
16 0.087940857865497
16 0.057001183540118
16 0.038250231534637
16 0.034210285328404
16 0.049879666499077
16 0.036679916065014
16 0.060895279570533
16 0.056419113118455
16 0.049969050279608
16 0.042443172975870
16 0.059455115384695
16 0.085022289693878
16 0.046444540239610
16 0.068435242570058
16 0.109629510855961
16 0.063027646615026
16 0.059343838973358
16 0.024557149343668
16 0.050257848709791
16 0.125866830263375
16 0.042903548990601
16 0.036100543746512
16 0.029530215016573
16 0.066938097832136
16 0.045103569864534
16 0.033606229730090
16 0.078146709250694
16 0.062238249060298
16 0.062476397844449
16 0.062949762723005
16 0.083018216383628
16 0.055136026755300
16 0.057442866458883
16 0.071689317013980
16 0.055843588801366
16 0.044069372722793
16 0.052495828484011
16 0.050818864159482
16 0.053557252117031
16 0.051622025887112
16 0.051442070773382
16 0.050244928905339
16 0.039619947216117
16 0.038659170968935
16 0.057382943465100
16 0.052703160659958
16 0.064429743852229
16 0.048622734989060
16 0.062950915689083
16 0.088018315699221
16 0.039075344735300
16 0.039875073958843
16 0.032116338161882
16 0.073115859189711
16 0.052862723251655
16 0.068852347210446
16 0.050549095436684
16 0.082414486883191
16 0.114824490854231
16 0.134168268093090
16 0.035162986645764
16 0.045509884331916
16 0.067034458722167
16 0.053965566377152
16 0.048412106903022
16 0.058249260139580
16 0.070627019442816
16 0.033781035747903
16 0.097059942459390
16 0.041116845617172
16 0.074245100345619
16 0.048757813904367
16 0.055103734038107
16 0.062219392903067
16 0.060636870652409
16 0.049024065089416
16 0.037137180133549
16 0.050049158017202
16 0.077993468254982
16 0.092502744299277
16 0.046257086353464
16 0.048702662671653
16 0.068696632597816
16 0.046432677555885
16 0.045070515810058
16 0.061077852280978
16 0.057547311035129
16 0.115884951530368
16 0.049094248487774
16 0.069178013673560
16 0.074201536318820
16 0.100844997507930
16 0.055268640922927
16 0.042869465677919
16 0.054821390485145
16 0.046043105360848
16 0.029359990981623
16 0.047595240470786
16 0.052033757034329
16 0.066737475220262
16 0.080183590798160
16 0.080418743460086
16 0.049429583368163
16 0.063126585797206
16 0.031534528890683
16 0.051106787944550
16 0.057376618483519
16 0.050148501126815
16 0.056936117158524
16 0.045313190248596
16 0.032999067024610
16 0.091914826103047
16 0.067514795274770
16 0.045027109863702
16 0.042404243254614
16 0.082243169549204
16 0.058497865945639
16 0.032667765947411
16 0.042085640429296
16 0.055698705745169
16 0.129612119892714
16 0.027027540826826
16 0.069214225278552
16 0.050977225874796
16 0.029302422955128
16 0.066882461455907
16 0.037759485985083
16 0.069356565519394
16 0.076580621600444
16 0.091367006630237
16 0.037403354635675
16 0.056264706184747
16 0.066699957889709
16 0.034178321471821
16 0.066490703162479
16 0.048993953962481
16 0.037051246781020
16 0.044642559930751
16 0.053739907546178
16 0.045105575690091
16 0.067456048750777
16 0.060537845441605
16 0.062396389752352
16 0.044411754283985
16 0.069551195167576
16 0.081542746908849
16 0.076201402667824
16 0.058533234197905
16 0.088701202876927
16 0.092182193101356
16 0.076181914000465
16 0.040242020930596
16 0.117195243817928
16 0.066432741072493
16 0.076843004521868
16 0.099102681994191
16 0.034372731816962
16 0.064980423241869
16 0.028369417330071
16 0.046385472410749
16 0.063018181142396
16 0.055133741131730
16 0.076646490823758
16 0.068768155669442
16 0.037512657318938
16 0.054482772206211
16 0.053375664990296
16 0.064216859519472
16 0.041028391099193
16 0.050897669607981
16 0.052058942946782
16 0.083328891670944
16 0.047725071802605
16 0.056502151220662
16 0.061114475374207
16 0.059204275324732
16 0.049567603258175
16 0.056509864080912
16 0.058588271587124
16 0.060185014267573
16 0.083595071504121
16 0.087113437147525
16 0.105911728301231
16 0.039685254116789
16 0.066893343231838
16 0.037627791735323
16 0.051782485222604
16 0.035957746960817
16 0.067272084145022
16 0.034149712011885
16 0.050994808432187
16 0.029010207180791
16 0.054695725769939
16 0.030830341444637
16 0.046858295351117
16 0.090200356167040
16 0.059616244845332
16 0.038413407118289
16 0.031459507519369
16 0.033424761023834
16 0.030662470437120
16 0.073240536596444
16 0.040220356813690
16 0.052569744298514
16 0.054077098239162
16 0.050739536072525
16 0.058178319313544
16 0.023794562840288
16 0.066324840680444
16 0.095930475713893
16 0.085864427938956
16 0.047877877731564
16 0.082308462744764
16 0.029301020123967
16 0.051584255132452
16 0.061243664867091
16 0.033989340166935
16 0.047916295475832
16 0.055834305091649
16 0.035732048388691
16 0.052039718924323
16 0.049069435443312
16 0.051295159416060
16 0.044751978662279
16 0.063068092297738
16 0.045315661082534
16 0.110327899049753
16 0.090672410061354
16 0.054200292251508
16 0.067988386609622
16 0.033833214923757
16 0.045389808625560
16 0.042360624858035
16 0.041708271075049
16 0.052538704836440
16 0.061838803173884
16 0.043500791800086
16 0.057050255309019
16 0.068867664398850
16 0.065531766092949
16 0.065035250751586
16 0.073754884960563
16 0.069589508785154
16 0.068438472684037
16 0.039197509018384
16 0.060232800882032
16 0.099859214786577
16 0.061714230910028
16 0.029295727595738
16 0.036171590401724
16 0.036610439413913
16 0.081778022061049
16 0.056410029265842
16 0.074337427598250
16 0.043040969706029
16 0.052852130856263
16 0.048117977632806
16 0.097451001353032
16 0.059866209227802
16 0.099002701009876
16 0.051583345593414
16 0.058431521326119
16 0.047481816094169
16 0.032618756436685
16 0.049812196568796
16 0.067621535400632
16 0.090809610588930
16 0.067267565309519
16 0.039428098334458
16 0.059593617573979
16 0.064861098354203
16 0.053310101518858
16 0.091772448682674
16 0.134512702201812
16 0.064850354508791
16 0.084375656211362
16 0.074219761931862
16 0.041872112191812
16 0.039971871767926
16 0.055551831634779
16 0.031129720932661
16 0.047569397227311
16 0.051662096017472
16 0.044202897663533
16 0.039207575555046
16 0.099730614773714
16 0.088124408822504
16 0.031030163103888
16 0.057915374279544
16 0.059082490186917
16 0.029308499973965
16 0.061318026912930
16 0.036329949470087
22 0.130396651647639
22 0.155016885515294
22 0.217384678930625
22 0.165852823092447
22 0.183745647283205
22 0.190950037802425
22 0.124819366657834
22 0.115172183092997
22 0.175196970370751
22 0.209058484474775
22 0.220086974508343
22 0.161534537548306
22 0.149340268316973
22 0.183410846409767
22 0.232332155243386
22 0.474931699527368
22 0.246917460298743
22 0.120833358385624
22 0.083677154058867
22 0.192516490849575
22 0.327064330426819
22 0.270265877661616
22 0.355999715269198
22 0.136358863074112
22 0.159236573020325
22 0.168846971622346
22 0.224005041532331
22 0.225582380702334
22 0.147600746442351
22 0.148047188464528
22 0.174262638075956
22 0.176994131273597
22 0.211029184819080
22 0.143354286022653
22 0.092041553895417
22 0.143636377502020
22 0.111266625134311
22 0.253201690413173
22 0.134808970310328
22 0.186220247531673
22 0.229539779013074
22 0.175875639431958
22 0.107760755173103
22 0.278484410134765
22 0.335755952435703
22 0.122172897786429
22 0.151929668000375
22 0.284034864407225
22 0.128522056012978
22 0.177977413097191
22 0.173112544249870
22 0.153001255284617
22 0.253683941107208
22 0.167921752164160
22 0.140565426759037
22 0.097987803813847
22 0.195097243276496
22 0.080422454995086
22 0.185019588804663
22 0.282807779330267
22 0.179428691133531
22 0.142561418025483
22 0.189945427356709
22 0.097732908567831
22 0.227150489739417
22 0.137091076823328
22 0.104405362350974
22 0.207033238430775
22 0.345937851633991
22 0.274382686897223
22 0.187771466293912
22 0.119215625211689
22 0.223256303649291
22 0.270851958843179
22 0.216381241729115
22 0.114472275406401
22 0.223557437440218
22 0.215688898892161
22 0.160360684453164
22 0.141316071126332
22 0.201370693716297
22 0.169442932633230
22 0.149368977787277
22 0.115975776702348
22 0.169582697583251
22 0.323575084614538
22 0.239749817507692
22 0.276239269737824
22 0.168525630893758
22 0.137146745737929
22 0.218163842331446
22 0.323108984732464
22 0.125240452822826
22 0.276073573418845
22 0.158594251797449
22 0.145644437855062
22 0.179561375299139
22 0.283914085284414
22 0.089192440787162
22 0.279809594512367
22 0.265999882995302
22 0.193137348607548
22 0.193987942171459
22 0.246203201248935
22 0.121874224769017
22 0.206312334113819
22 0.351636330690867
22 0.237422522226008
22 0.299622172864723
22 0.171267749181775
22 0.144382525559516
22 0.224175983582857
22 0.212460886357270
22 0.126909885784294
22 0.153318692464250
22 0.213809461721256
22 0.264761398408331
22 0.276108353562232
22 0.154422878647647
22 0.169140845481412
22 0.122228242302379
22 0.196831352497248
22 0.132113292576516
22 0.179040069408687
22 0.076772323787034
22 0.072249185960187
22 0.181415228034722
22 0.130080034761250
22 0.140018561943000
22 0.108728570162901
22 0.242603790314393
22 0.253104092163807
22 0.111520957876931
22 0.323327443681017
22 0.260415141479243
22 0.112877702101023
22 0.161071930583177
22 0.211274931340215
22 0.135400498918147
22 0.234590650657024
22 0.186628122629207
22 0.179564353797471
22 0.154948414351832
22 0.111043558240903
22 0.289170858469587
22 0.107198078276098
22 0.154789527859651
22 0.230309311592445
22 0.229542405231212
22 0.224650860322992
22 0.422375595066306
22 0.207095094961379
22 0.130243551928126
22 0.192980559446368
22 0.233432226649963
22 0.190527710315604
22 0.164510184232554
22 0.335094693760547
22 0.124271443140438
22 0.142367584577660
22 0.289877605014492
22 0.122466734160703
22 0.101306973063952
22 0.167641461868542
22 0.090815949206358
22 0.178784557566183
22 0.213740367853069
22 0.138269185072710
22 0.139143393173457
22 0.221364728824024
22 0.193160984086422
22 0.199148610711545
22 0.289755555271086
22 0.282634709191865
22 0.206102293307287
22 0.143259500906451
22 0.201118890607588
22 0.182569305892955
22 0.168000357053837
22 0.172806864487278
22 0.142272299736451
22 0.113816070285270
22 0.197401294303571
22 0.136961292606957
22 0.172344627655368
22 0.158186267639743
22 0.197260727663380
22 0.237864762955272
22 0.223595638351845
22 0.109314767303063
22 0.137993649218048
22 0.172533862025893
22 0.170452676397872
22 0.218289729185566
22 0.155812551598365
22 0.227445641406839
22 0.103956324957716
22 0.151570483496133
22 0.305198009495129
22 0.193770473425309
22 0.148541313402798
22 0.165845483414467
22 0.169410383115530
22 0.328288349704755
22 0.159667751345018
22 0.216527424721733
22 0.115893821708652
22 0.167172090329148
22 0.271974802512462
22 0.198556955479640
22 0.252823457259615
22 0.121669968734360
22 0.114758787941662
22 0.217262368110969
22 0.139387592768496
22 0.142890941227181
22 0.106773314370362
22 0.171188159018166
22 0.172702381134862
22 0.151304163887489
22 0.136425350348090
22 0.159354590636423
22 0.160013052709674
22 0.213147847533428
22 0.184220875481666
22 0.140905953500653
22 0.161885217176271
22 0.137463184249795
22 0.265608785071385
22 0.141467655485895
22 0.165610669939789
22 0.146933934365395
22 0.184608418063823
22 0.243666580686172
22 0.134751273798280
22 0.086483973530573
22 0.266047639561959
22 0.250472810813910
22 0.155329086506996
22 0.328139610693492
22 0.156235068236393
22 0.264194731435859
22 0.155919384723265
22 0.148332650497256
22 0.189601972269320
22 0.157331981218805
22 0.196220740184663
22 0.132565857476646
22 0.287405578558460
22 0.124275147446446
22 0.174137694391619
22 0.158418502403485
22 0.218354627075689
22 0.138137595317743
22 0.184027197740769
22 0.168440993294265
22 0.160949793468236
22 0.113272275038819
22 0.239712535483001
22 0.118772169035997
22 0.162133880044760
22 0.156896101113103
22 0.116807672801936
22 0.246790762061517
22 0.171142869879661
22 0.298484770572931
22 0.229818829871249
22 0.189555826462392
22 0.145608914513765
22 0.266667607812637
22 0.132656848148408
22 0.239893467860886
22 0.141414721405308
22 0.366998397967486
22 0.150438431980673
22 0.147171131654036
22 0.195662829589588
22 0.302323401233161
22 0.284306865141191
22 0.206215508974955
22 0.252783924762148
22 0.104127634077210
22 0.163067414886403
22 0.293466975777636
22 0.208073837617492
22 0.173518907484651
22 0.140911101823499
22 0.083471882292682
22 0.168075253714136
22 0.268400362601796
22 0.163022436133262
22 0.113623987759055
22 0.102614714134608
22 0.123069943529384
22 0.200162821171172
22 0.150089883696541
22 0.291857475839382
22 0.221186243973914
22 0.272026595674189
22 0.118535217188636
22 0.131979094491534
22 0.141385494466754
22 0.203476779924158
22 0.172021087955373
22 0.229134519184888
22 0.093276655765149
22 0.282534022842206
22 0.194733966515696
22 0.187313807989618
22 0.209295318887646
22 0.321942951131176
22 0.163926234807001
22 0.266300737279716
22 0.195847862517225
22 0.202058355499449
22 0.106235945878690
22 0.285376642407646
22 0.077985371520052
22 0.152330373836249
22 0.140816244005421
22 0.156201612761096
22 0.196675154290316
22 0.302928885972253
22 0.231989748166712
22 0.177193055033940
22 0.195479137508165
22 0.106196680799020
22 0.196104249354493
22 0.152921876309014
22 0.166895756649343
22 0.179533562617848
22 0.150264464590808
22 0.301909836218883
22 0.211690642763061
22 0.104409606101628
22 0.169172193496704
22 0.104375935452818
22 0.222173036431151
22 0.152498461254200
22 0.189171621757950
22 0.147772178525174
22 0.271835574790142
22 0.195326225737447
22 0.209052251981844
22 0.125139754097034
22 0.202157336566232
22 0.229386639648240
22 0.195683973931510
22 0.160598240318511
22 0.257544335128665
22 0.132945672440476
22 0.131040865305629
22 0.132737878866752
22 0.159894571922656
22 0.156931431999949
22 0.216239604408669
22 0.169076739144419
22 0.202525171714187
22 0.138084170291012
22 0.163623155876102
22 0.233724153696457
22 0.180835699291414
22 0.169565253253368
22 0.329868345292011
22 0.193474762837807
22 0.154629601221780
22 0.167351665848619
22 0.146131589636243
22 0.179778219786432
22 0.076460207176937
22 0.188706170554891
22 0.145069669114071
22 0.160596614255701
22 0.227803951419042
22 0.271607187306007
22 0.173899912363883
22 0.178435800869094
22 0.254861967296437
22 0.176605889658003
22 0.157903645876848
22 0.183894756460593
22 0.135434943723123
22 0.268534297473152
22 0.285382421849713
22 0.152466717108845
22 0.275491503841951
22 0.162258301014740
22 0.217491585901733
22 0.121327419730617
22 0.194962039527609
22 0.232769459197549
22 0.184849958395917
22 0.171913214653033
22 0.164808103646438
22 0.139794031851496
22 0.164041002126388
22 0.304485658248584
22 0.212624303062950
22 0.198969697530620
22 0.151722912615780
22 0.299278878060412
22 0.331797569604473
22 0.189762666527544
22 0.213722850839306
22 0.171980374467638
22 0.149565620079686
22 0.352049848865774
22 0.130030365587433
22 0.229591937342156
22 0.206972185561051
22 0.118448961479884
22 0.211577823608139
22 0.162659621839441
22 0.134525610667285
22 0.149141299364246
22 0.189251864334944
22 0.253599012893365
22 0.375130389669171
22 0.173772858178594
22 0.166290916271008
22 0.176809437691149
22 0.175747793952694
22 0.232592720675172
22 0.257771054381387
22 0.201807027004406
22 0.133630152992867
22 0.136868869202650
22 0.169623519578534
22 0.169084096098422
22 0.131638686493507
22 0.146031373765581
22 0.245266094118873
22 0.202257715311636
22 0.148146756398970
22 0.213768987095106
22 0.195950908228523
22 0.252514804787814
22 0.157496058322335
22 0.256851774851072
22 0.187709141466204
22 0.274825040319659
22 0.188658305667980
22 0.099837846470116
22 0.247329033353723
22 0.172622087560386
22 0.172179637418588
22 0.143549913846303
22 0.151666802410819
22 0.111902069264640
22 0.190708726448339
22 0.096083562836824
22 0.293046832196055
22 0.167230765927044
22 0.141850780792128
22 0.223358587452973
22 0.274326150125223
22 0.232939131514804
22 0.146096791047610
22 0.111727622327222
22 0.209462620459347
22 0.116471528640834
22 0.120952810367432
22 0.185847927398470
22 0.189064909474793
22 0.138996215339609
22 0.141287261173703
22 0.191002735263312
22 0.290418493129593
22 0.164837444616194
22 0.212141545768195
22 0.237203315585367
22 0.150923795290651
22 0.213017256737762
22 0.205310538413173
22 0.234980883076898
22 0.158624861928517
22 0.362708114491229
22 0.105730328770802
22 0.176313450100833
22 0.228947464626947
22 0.135880327650791
22 0.204319295158285
22 0.292901039679848
22 0.135731096186292
22 0.170642040316024
22 0.178370503646456
22 0.177271359146847
22 0.066142960170861
22 0.298571343373419
22 0.232054888482048
22 0.237987748399883
22 0.212980344333819
22 0.102351563298619
22 0.276542369633269
22 0.161609050632138
22 0.227818529442207
22 0.303813490993181
22 0.193927218887932
22 0.172427990312024
22 0.217812900059714
28 0.498182619657148
28 0.575627184729979
28 0.595384189875960
28 0.267446660689787
28 0.301314822684264
28 0.684150899648971
28 0.392667582895927
28 0.298414983833198
28 0.282286683926075
28 0.643455725233583
28 0.858265410770262
28 0.523479618892997
28 0.274711424488277
28 0.457340803754893
28 0.667534524805712
28 0.585481377950592
28 0.500399051983647
28 0.405300037186178
28 0.312778989642523
28 0.348101469006846
28 0.377363428934347
28 0.399131260273708
28 0.437356448813508
28 0.190492988645745
28 0.388048845138706
28 0.268909760425142
28 0.379640418557805
28 0.386771296607577
28 0.376415311724026
28 0.294181838728566
28 0.633568121051135
28 0.676315607725725
28 0.363858683577752
28 0.248576302703031
28 0.627517528204289
28 0.318399268739925
28 0.346631765624978
28 0.324565056846064
28 0.279809005844697
28 0.432495159242174
28 0.325053905929321
28 0.274154123138302
28 0.384941101443255
28 0.388906041236987
28 0.548562115002134
28 0.281996955396367
28 0.663471984278332
28 0.564663669144390
28 0.696915719112706
28 0.351432255523570
28 0.777689443334316
28 0.382950823012290
28 0.337012201762387
28 0.793410196216095
28 0.747504535932028
28 0.376577460543762
28 0.379479872551180
28 0.376241077541300
28 0.388001199585152
28 0.673745629023323
28 0.588103446167774
28 0.412621017695093
28 0.448162071106625
28 0.573537935527561
28 0.439654279120300
28 0.628966751814235
28 0.884162752471041
28 0.595096120910222
28 0.602147805471201
28 0.400526476622819
28 0.212150616053619
28 0.309024839349228
28 0.232957598160869
28 0.285585399753984
28 0.395727670359289
28 0.421740121152790
28 0.385833929389573
28 0.507563434905695
28 0.339913140112385
28 0.221899242693314
28 0.560077849185701
28 0.293288406372247
28 0.878782502015869
28 0.322370838082739
28 0.351186242139081
28 0.273395259833987
28 0.396350932164228
28 0.332488319843692
28 0.402944467012070
28 0.621963436442146
28 0.333663477311983
28 0.195338578339729
28 0.474205845676861
28 0.492878890184414
28 0.422741051186924
28 0.407829510492800
28 0.343809328965645
28 0.537590465883587
28 0.332787592664282
28 0.343923704428881
28 0.415136279103403
28 0.449200947655575
28 1.086082579264818
28 0.351356184115054
28 0.326521724346905
28 0.272394618367760
28 0.406877584349049
28 0.470808301402635
28 0.433700515855616
28 0.307168027408245
28 0.280357678527078
28 0.825715557257919
28 0.382881669839484
28 0.404025811500207
28 0.466760527394369
28 0.495769329444074
28 0.505010173985652
28 0.479774182434030
28 0.585171486352414
28 0.378941829691828
28 0.775303851424701
28 0.417044848662833
28 0.437153592355015
28 0.279604740955198
28 0.869540936312166
28 0.388859478653557
28 0.422201237859229
28 0.683170987093975
28 0.399434797726538
28 0.361008546652697
28 0.383387414313006
28 0.466155416184340
28 0.421708149422396
28 0.368664846250348
28 0.410709466066940
28 0.457351034584593
28 0.262296495049872
28 0.375236234938220
28 0.320349352483145
28 1.156704504971390
28 0.519418055100360
28 0.222155416356180
28 0.599212392113695
28 0.390538781053495
28 0.343771278151261
28 0.417221213621090
28 0.662178937048475
28 0.593516539012073
28 0.554690647482859
28 0.340887302011823
28 0.420726419258568
28 0.384483005459646
28 0.332263318708950
28 0.495494684709959
28 0.302787878359506
28 0.395957883794165
28 0.392096144767543
28 0.299548126918784
28 0.466474594370828
28 0.440612589560232
28 0.466894967617912
28 0.703333610728101
28 0.337750515898545
28 0.378374086308013
28 0.326766659902009
28 0.413091837949291
28 0.635594147568512
28 0.292827095232816
28 0.433335893342008
28 0.507002812386454
28 0.286884122026802
28 0.428264081718980
28 0.222029407782545
28 0.272025950389795
28 0.649103252218601
28 0.463888520261642
28 0.222501728596412
28 0.178768688073895
28 0.386707050464973
28 0.744235955577553
28 0.406641787335259
28 0.401232494260189
28 0.696864022425394
28 0.373851227995208
28 0.485669453123010
28 0.481330319539053
28 0.570640381005110
28 0.681695130696876
28 0.261518274375846
28 0.414375057155967
28 0.232718255643738
28 0.321797758600604
28 0.254525471709746
28 0.752858221220970
28 0.336171399613439
28 0.577175618875726
28 0.302611660224027
28 0.454946887360461
28 0.609767891517321
28 0.268737911118410
28 0.589722423008019
28 0.343675655105054
28 0.260919695712150
28 0.293067667901867
28 0.409881795393458
28 0.273223806221816
28 0.322533477521281
28 0.364919172589236
28 0.288565014343076
28 0.444133483017955
28 0.470668442760911
28 0.587035830905020
28 0.657298638717584
28 0.410861670259933
28 0.273803181180661
28 0.544239258498064
28 0.564473481755800
28 0.323385503642696
28 0.449757288958038
28 0.460011190634186
28 0.584229210385786
28 0.217233671137768
28 0.290401987422131
28 0.691472835202639
28 0.425632502463954
28 0.443871022605437
28 0.401482623877931
28 0.334632148216821
28 0.235632410118163
28 0.418197737676580
28 0.315937519377518
28 0.398529232432333
28 0.451714596017882
28 0.304278611610186
28 0.243999487312713
28 0.651424986856745
28 0.420535549042583
28 0.513155042773624
28 0.612725335951088
28 0.270263775749870
28 0.243935227890414
28 0.504892637764942
28 0.277297769918841
28 0.352492453087833
28 0.309904937839029
28 0.825849580841140
28 0.844128567390494
28 0.366515259314107
28 0.220164467563739
28 0.341371201493526
28 0.768178850229430
28 0.649857936303499
28 0.362291341542375
28 0.506955475239159
28 0.522113785164649
28 0.692874282128589
28 0.494562551559063
28 0.331167287085084
28 0.650911702659839
28 0.306368999851920
28 0.301156946904724
28 0.535574146564699
28 0.355904560772519
28 0.237546048694901
28 0.416048530639873
28 0.534738262748265
28 0.365967506041512
28 0.439223615724202
28 0.379343142995014
28 0.298615752143483
28 0.313269792452579
28 0.530889564612337
28 0.257280010738688
28 0.329218541584039
28 0.421350314563945
28 0.481139701908932
28 0.277569461917620
28 0.232227996183735
28 0.646548889945073
28 0.652607182540347
28 0.471689810361347
28 0.522743408669218
28 0.458369076273009
28 0.296667415371388
28 0.404138479005419
28 0.399133725579512
28 0.373279544690517
28 0.589265333220207
28 0.364702803422124
28 0.225303947373396
28 0.437732916437174
28 0.421035649703623
28 0.306620887087879
28 0.301444449088324
28 0.456243148017799
28 0.456895576118039
28 0.286820706813647
28 0.317058987170824
28 0.751093935884558
28 0.428662039821108
28 0.671655309363916
28 0.556703522707218
28 0.336916287228951
28 0.399239176438498
28 0.325369294358652
28 0.438776487136403
28 0.269764885354028
28 0.446056945794141
28 0.591024591307720
28 0.367408927237697
28 0.258746596612664
28 0.218934569720256
28 0.478019862726785
28 0.327387035791339
28 0.653993550176299
28 0.375879134843910
28 0.440085975267642
28 0.415591949662503
28 0.520516125235886
28 0.294583389509094
28 0.462330899080853
28 0.435441328387415
28 0.335239467210632
28 0.281726347078876
28 0.761220983096677
28 0.259084622883144
28 0.320421058080071
28 0.788629733772925
28 0.397992121430520
28 0.596798359056196
28 0.322506231439930
28 0.424644917790557
28 0.252875610457527
28 0.336333409244882
28 0.492142402851894
28 0.396232353880739
28 0.297895610785279
28 0.413984426609335
28 0.315997601734403
28 0.490672868255088
28 0.508625511418183
28 0.421762166535559
28 0.261200019605559
28 0.458557121205010
28 0.499331511658983
28 0.225233527353267
28 0.517884498328459
28 0.303904769536593
28 0.707665600546397
28 0.497175778386695
28 0.584719033639613
28 0.759470144744276
28 0.505704324585923
28 0.241564659636161
28 0.439850732523775
28 0.251743591424193
28 0.566210396705680
28 0.413824631228011
28 0.279591071403111
28 0.439160982117932
28 0.562690911510145
28 0.388389283809111
28 0.252370193022795
28 0.612992962452885
28 0.480041350964350
28 0.630978185663167
28 0.555539770001646
28 0.646649304570622
28 0.640222518503212
28 0.471176897463214
28 0.401598759169711
28 0.326699256669899
28 0.470384266768912
28 0.278143769967659
28 0.296937755403709
28 0.887350092454287
28 0.726830998063781
28 0.500758796825820
28 0.308684717368851
28 0.604304362029956
28 0.267401241446636
28 0.407060563898669
28 0.613168812541148
28 0.790542126652030
28 0.369867768500961
28 0.431902788647212
28 0.382227467733326
28 0.713804993912616
28 0.384939836702339
28 0.246274343414489
28 0.402030133522433
28 0.602017868357321
28 0.374707761687517
28 0.422486795361618
28 0.289364284399896
28 0.504388830133206
28 0.717993337078748
28 0.946667166801627
28 0.260058779393954
28 0.241245197350162
28 0.453015372389406
28 0.255253360796737
28 0.251125739292474
28 0.250844751002838
28 0.373171549420015
28 0.373542470000229
28 0.415891850799098
28 0.394818817678060
28 0.368014011073398
28 0.315001916493095
28 0.292365952379807
28 0.779969068371321
28 0.750313051438468
28 0.520002964916040
28 0.533489728102876
28 0.351508115523568
28 0.441922084544112
28 0.272715080797905
28 0.542155148758242
28 0.302892543540277
28 0.517891581936879
28 0.861940934144345
28 0.280374925865832
28 0.537882354636929
28 0.580188114763846
28 0.322087461062901
28 0.658043293329888
28 0.306078281823738
28 0.428218710330515
28 0.585039179113788
28 0.374615634634861
28 0.312443822911259
28 0.620572561398290
28 0.257311721889129
28 0.266483748111510
28 0.492178236529646
28 0.615947164852687
28 0.595677324717191
28 0.245770978623210
28 0.406718075225907
28 0.363289405739462
28 0.727848860018123
28 0.427746437153940
28 0.583935629105429
28 0.984909622280515
28 0.475673096716060
28 0.385576545790640
28 0.367186781973131
28 0.345540865282559
28 0.195915435800419
28 0.662444847092482
28 0.368207459379804
28 0.546532119739163
28 0.572093501379077
28 0.345880507371077
28 0.356089639815507
28 0.555103320964497
28 0.298742036943616
28 0.719065455263618
28 0.644956154659146
28 0.589685622494634
28 0.326814714298944
28 0.374256250925744
28 0.443259953191331
28 0.440231674518894
28 0.368524049444261
28 0.593686304922815
28 0.437209801344871
28 0.616957844479126
28 0.371433113639250
28 0.400630894246950
28 0.570533296959755
28 0.276989091370128
28 0.440315141857076
28 0.208556701108143
28 0.497696556739693
28 0.329456503000998
28 0.410330680386727
28 0.501030559169813
28 0.408866221476781
28 0.469645293019522
28 0.293343585188711
28 0.625837521634308
28 0.572683708199662
28 0.572984294459378
28 0.249342921418769
28 0.332976210449933
28 0.843949917915819
28 0.551021367394262
28 0.878051294133308
28 0.542917160482235
28 0.483490216465897
28 0.505499129936144
28 0.581870447065341
28 0.280100035592985
28 0.661668641820064
28 0.495078159080326
28 0.410479106070836
28 0.422763107110139
28 0.407096699112572
34 0.689012602101786
34 0.682851921419966
34 0.934102055254978
34 1.458993898404750
34 0.622794203996861
34 1.078675744087481
34 0.798704332212152
34 1.084818142362554
34 0.600983293639564
34 0.972092950248529
34 0.538438172672979
34 1.228965182365684
34 0.548214830621014
34 0.976041480441762
34 0.949542477563641
34 0.871942672224062
34 1.044994925232632
34 1.049725097405465
34 0.878850069148359
34 0.853701684145688
34 0.748550981466114
34 0.842907113597384
34 1.042695240046479
34 0.749777214092652
34 0.611642891707387
34 1.125225363409126
34 0.721024462078874
34 0.589868598801651
34 0.657686617057029
34 1.159485142289562
34 1.202234529516312
34 0.926780535009180
34 1.211844481548778
34 0.950932944618051
34 0.688550393179804
34 0.656220247702026
34 0.395499707128990
34 0.849363719720705
34 1.335964993085755
34 1.878589231713404
34 0.553441184787805
34 1.416008174109110
34 0.318831534433580
34 0.558423671925918
34 0.683824446961818
34 1.376834031934052
34 0.957161186445349
34 1.163197117363046
34 1.247733762159937
34 1.308561207794649
34 0.779633297500792
34 1.088757839599413
34 0.629554191256454
34 1.128926832593353
34 0.730824466942874
34 0.510327134447624
34 2.132125606125681
34 0.890347824951127
34 1.092100561059593
34 0.448388969856325
34 0.875538310946882
34 0.569157498966268
34 0.932603327897512
34 1.054851514621665
34 0.593914301538385
34 0.847373386845640
34 1.207496433106712
34 0.529795124863483
34 1.365397872919554
34 1.183078820381806
34 0.655202859632586
34 0.946896296443302
34 0.675774347210403
34 0.763969607182216
34 1.256227430170116
34 1.160349507827140
34 1.597649198710378
34 1.097024154681050
34 0.763267828133759
34 0.419865148820398
34 0.585010307973557
34 1.194621952219304
34 0.587992953245300
34 1.569364187576329
34 0.648321609598558
34 0.807112369809517
34 0.937455190113997
34 0.630406967240209
34 1.137320467189685
34 0.843901091430560
34 1.013860873035699
34 0.453533227073233
34 1.031111694230888
34 0.495110840649574
34 0.916783052154638
34 0.962401313323124
34 1.025992237162637
34 1.024020606587428
34 0.795100346633580
34 0.712889308088167
34 0.736588044052430
34 0.793808879395741
34 1.023762841759099
34 0.733315875870495
34 0.443463274055510
34 1.215734490646585
34 0.911530457079197
34 0.588447099386244
34 0.333481811527297
34 0.903879500434215
34 0.486502449890288
34 1.119356668724895
34 0.585316730956650
34 0.928774350641992
34 0.741548371772837
34 0.519393887063958
34 0.997277990239762
34 0.523203123223261
34 0.508220240877964
34 1.375183711163679
34 1.035686882154660
34 1.281006346245553
34 1.038121897215379
34 0.948172006120116
34 0.803673184870055
34 0.514073383037770
34 1.120159268630800
34 0.553379234036762
34 0.672016889717077
34 0.950016626432433
34 1.272408791142607
34 0.800629177125411
34 1.315478203378106
34 1.004117586176913
34 1.036550960198529
34 0.393201178690397
34 1.166474057936352
34 0.636001601124911
34 1.064673940781580
34 0.924733192942223
34 0.896076055957881
34 0.622469321724944
34 0.599874473230760
34 0.566374736709645
34 1.002254895735269
34 0.909185050487928
34 0.684500244652828
34 0.707207316834630
34 1.569280905487996
34 1.206621010817514
34 0.666267549263972
34 0.615868551880937
34 0.685198331795632
34 0.598725864564289
34 0.898029546332453
34 1.028569264537476
34 0.534227218973874
34 1.252762693816484
34 0.832138476093039
34 1.099583096971029
34 0.653400131777587
34 0.645217274102096
34 0.492715281363692
34 0.643128245840447
34 0.688004416822269
34 0.588521362534084
34 0.666510247416397
34 0.647396038247961
34 0.479178487320615
34 1.157484774258625
34 0.812368951470604
34 1.126307622775848
34 0.704736533239192
34 0.438071154420035
34 0.464833704018603
34 0.837727897782881
34 0.698912242002943
34 1.030454997965010
34 0.764880638616025
34 0.724068165453971
34 0.791088317365048
34 1.745886437292243
34 0.795257959793780
34 0.557824525666291
34 0.742331207943725
34 0.565966881185808
34 1.360774148864135
34 0.626502404870900
34 1.201269089147910
34 0.890706872525378
34 1.040333204472842
34 1.163400754719241
34 1.080014628062927
34 0.928628545005136
34 0.766021365117158
34 0.897448883366400
34 0.702659883519773
34 0.584903139650131
34 1.203303549549608
34 0.940489731332938
34 0.570545732000370
34 0.952156720909542
34 1.050344994952432
34 0.611269220157282
34 0.875034468602781
34 0.656794048222123
34 0.887910665234725
34 0.766805668664321
34 0.634419687653783
34 0.871331053256630
34 0.500112138965505
34 1.719153863117251
34 1.241381001513707
34 0.971081366239341
34 0.488213276882382
34 0.643498028834609
34 0.509724237586384
34 0.810803045877155
34 0.998728280688920
34 0.853110765052320
34 0.603048624472344
34 0.970939262971336
34 0.487173779295502
34 1.081321617071525
34 1.303323272055766
34 0.628519027010773
34 0.764738386379618
34 0.996895920309076
34 1.325086580987687
34 0.715300821437471
34 0.959256944259951
34 0.540165889108866
34 1.118438322364464
34 0.988784099783388
34 1.266097180393059
34 0.724447658874249
34 1.125733015011774
34 1.006346371571965
34 1.212812905119522
34 1.253110368764372
34 1.050201654229457
34 0.985131613522927
34 1.039463987007782
34 1.344995482619294
34 0.478528319622800
34 0.964139607001939
34 0.484477390713349
34 0.846939649762676
34 0.619093990846316
34 0.813498507405640
34 0.884966047719772
34 1.054957944714472
34 0.365602208986039
34 0.967036571334866
34 0.440479997375806
34 0.728152099174177
34 1.371444215263183
34 0.799262734984305
34 0.783138973915948
34 0.765209611400030
34 0.758043384333860
34 0.549564810869770
34 0.472963756635256
34 0.596861508359563
34 0.709489906740057
34 0.852798016804002
34 0.954610040215154
34 1.090646923665259
34 0.548960271263902
34 0.650340545460060
34 0.959013881263710
34 0.619693129615415
34 0.727344553752639
34 0.713448703697998
34 0.672494923964585
34 0.697893896874945
34 0.892052185803083
34 1.182557042128032
34 0.442047108111722
34 0.713590425207510
34 0.740791180866496
34 1.073153876782956
34 0.735285835905775
34 0.732766357141168
34 0.935896165603646
34 1.573315125789320
34 1.918199949949845
34 0.921335420095958
34 0.924355213330645
34 0.727028908578504
34 1.020176845243772
34 1.441580284353022
34 0.447115037749495
34 1.698697395160134
34 0.627322007916321
34 0.613609936318897
34 0.501837685838058
34 1.146205057338006
34 0.861709651773781
34 0.887990643731476
34 0.854941231102774
34 1.207420724033892
34 0.785649230550389
34 0.857191345176838
34 1.107253099728677
34 0.855287404192275
34 1.186695276345057
34 0.973632332428608
34 0.852386913378644
34 0.691011927326977
34 0.397961543605346
34 0.969355004737630
34 0.654722272875285
34 0.842971385773073
34 0.681769971027553
34 1.149271453240878
34 0.639599963298338
34 0.702613691176154
34 0.412224889572012
34 1.199062890781936
34 1.344764287083439
34 1.139372677003282
34 1.155893694356272
34 0.721327345671195
34 0.668225913733890
34 1.190940021589618
34 0.642000346866445
34 0.717858543106780
34 0.477914505689887
34 1.422871119199845
34 0.790926756188520
34 0.725257146506278
34 0.672602856375834
34 1.045824172512618
34 0.648128725367205
34 0.715920459255315
34 0.429636864197212
34 0.464819069456597
34 1.225291817137874
34 0.560039791453231
34 0.567708574738069
34 1.160050687606174
34 0.513967704231922
34 0.628968333738652
34 0.486979678315955
34 0.843258061616603
34 1.216588283976028
34 1.198218342293216
34 0.397835131496283
34 1.132363510452941
34 0.778289448485451
34 0.551397827361420
34 1.582283602338192
34 0.619804554022714
34 0.610852212272026
34 0.813887471487034
34 0.886778433251932
34 0.803842386634109
34 1.153143408024518
34 1.001875548172119
34 1.288824019355800
34 0.766928887131371
34 0.857582423500168
34 0.868033894551427
34 0.653113695632740
34 1.025865680594522
34 1.899518549394469
34 0.762288821701998
34 0.746955583913536
34 0.439830389921289
34 0.842293353775442
34 0.968341748767834
34 0.881044695328021
34 0.747858330949154
34 0.695732336809629
34 0.587216353792465
34 0.545662292409271
34 0.372718741343235
34 1.249578444430324
34 0.850100498004888
34 1.109294170704693
34 1.022416760296522
34 1.044480801535994
34 0.750593590275935
34 0.863315972451161
34 1.086451468401939
34 1.263695386625585
34 0.453756789054475
34 0.749092434507124
34 0.604389935557357
34 1.268193663830692
34 1.296717814478217
34 1.297228081136431
34 0.442680046227196
34 0.773668719710694
34 0.650690210327523
34 0.705244958710438
34 0.786421618616219
34 0.993470628816870
34 0.845307328478661
34 0.559509156684885
34 0.459574758774576
34 1.332399531493687
34 0.662125749449706
34 1.054430867746679
34 0.549694576357210
34 0.390563218239414
34 0.964702169110049
34 0.727091129202383
34 1.208139702955873
34 0.483335440509161
34 0.680681907303284
34 1.103855286246382
34 0.896787640147688
34 0.809218853841840
34 0.661301283423125
34 0.854739720182387
34 1.503629777896300
34 0.544087771538318
34 0.644567121651370
34 1.184446807629357
34 1.186365175309106
34 0.578932839865642
34 0.618839771876621
34 0.358307558237797
34 0.908061822323578
34 0.544786724106392
34 0.567526080430896
34 0.670442381924105
34 1.235166708382519
34 0.743814710873309
34 0.537895200501936
34 0.401641869789539
34 0.778859111955916
34 0.786124191262680
34 0.623005765380812
34 0.597560335094232
34 0.433638681997396
34 0.926165499897873
34 0.526623851855522
34 0.659025748289608
34 0.790229819949638
34 1.144888206286425
34 0.801869850386725
34 0.812230599132857
34 0.617412913291308
34 0.746771361604949
34 1.043398334085095
34 0.897759787305755
34 1.161506754323260
34 0.691448161335282
34 0.731515465946917
34 0.863794341730364
34 0.815563351833642
34 0.931395147867460
34 1.219897090827439
34 0.705991185531379
34 0.875869231559591
34 0.902700421881365
34 0.589779309384762
34 0.454911543754485
34 0.520674765902264
34 0.865167505187592
34 1.030052904957695
34 1.203836383375521
34 0.451465992628289
34 0.626432643438633
34 0.849362001424725
34 0.700090514780259
34 0.628879828092015
34 1.545676053712050
34 1.274924774762582
34 0.921469985550335
34 0.579100638669443
34 1.070841161370231
34 0.740286346531815
34 0.961243429265661
34 0.539340916532407
34 0.889326828674699
34 0.834554439033357
34 0.961295360941718
34 0.838162456935065
34 1.369370185511882
34 0.780203617970738
34 0.742956871460225
34 0.781387434277875
34 0.586239596745393
34 0.663467588055068
34 0.886037472347688
34 0.592865949667741
34 1.497217764321086
34 0.747068634980613
34 0.904702901876314
34 0.615580306286091
34 1.123643001365817
34 0.782320303032138
34 0.926630636938871
34 0.728382903763980
34 0.710763632165704
34 1.048235909864421
40 2.583362614735341
40 1.712883207875948
40 2.195311632809583
40 1.194352339229559
40 1.788881220118544
40 1.430297281243037
40 1.284119783270178
40 0.986665748655991
40 0.810951213334988
40 1.551508047744486
40 1.089834367350575
40 1.835982391949731
40 1.409159245814932
40 0.752784508955942
40 1.696959519407894
40 2.030610241601003
40 0.845689054572746
40 1.454627280516979
40 1.279816686566164
40 1.064329720895730
40 1.443856784952105
40 1.368198255206259
40 1.211101704133334
40 1.142050001313796
40 1.027639496920667
40 1.809200089618327
40 0.619325939264053
40 1.381579257212563
40 1.022652757603529
40 1.120968749058367
40 1.282538210509921
40 0.956793258630405
40 1.002528358491025
40 1.174690514515468
40 0.885663457781332
40 2.446704257001221
40 1.205792063231167
40 0.954165511602628
40 1.119312387944232
40 1.120302111786856
40 1.949973416514766
40 1.198894123526610
40 1.336532260541389
40 1.171404640055842
40 2.084837371292304
40 1.500770417420276
40 1.299250099934408
40 1.888391917671300
40 0.924723718087797
40 2.792659022521101
40 1.214871265064197
40 1.341558915195284
40 1.152475458096189
40 1.275276871440690
40 1.306064642271161
40 1.046457240754627
40 0.883108940666117
40 1.301760860553271
40 0.968192967431168
40 0.744245675264212
40 1.256659949401978
40 1.341907715050357
40 3.127785760996771
40 1.206105004537166
40 1.874228488989251
40 0.856901787080368
40 1.477093508131462
40 0.773579246686845
40 1.425643640729651
40 1.544167760149287
40 0.846913161789283
40 1.510740132961183
40 0.901334018009580
40 1.103747373632279
40 2.172258032752778
40 0.962886448982741
40 2.795822490531643
40 1.611327627805597
40 1.199519742422359
40 1.299672376671158
40 1.397936505308635
40 1.582959470341925
40 1.050605523375292
40 1.777006113047007
40 1.250535925423870
40 0.927699832685530
40 0.994807891221166
40 1.155271473111188
40 2.068245979559567
40 1.535234469342463
40 1.521446569409559
40 1.108968741573687
40 1.323807030939852
40 1.096610372609303
40 1.653035487316984
40 0.750319348094511
40 1.743620741353286
40 1.818775874537733
40 1.978600359164841
40 0.947934601304704
40 1.166954822023165
40 1.617507244386687
40 1.031787030375883
40 1.375504818254271
40 1.545500580548318
40 1.490275615403749
40 1.931351776162815
40 2.292740344363921
40 1.578979211864326
40 1.114248295116093
40 1.602892441276310
40 1.219054842657615
40 1.532868235591513
40 2.409668321254673
40 1.270464606135771
40 2.049629827303098
40 1.216954008253973
40 2.145070413809732
40 1.229730450305981
40 1.437980075478354
40 2.057801727503813
40 1.483607678900084
40 1.424255636421931
40 2.138515660128231
40 1.781896706700770
40 1.201885592784553
40 1.790229483686920
40 1.698318776388396
40 1.174120469430019
40 1.807846355802365
40 2.517962241648650
40 1.007356488505391
40 1.484290468460720
40 1.644059112617864
40 0.918891751011570
40 1.730506022561313
40 0.781270939480880
40 0.786934530118071
40 0.568362685948804
40 1.851190788323601
40 1.112414857628814
40 1.381229168659830
40 2.444110388988440
40 1.013898277997834
40 1.298223886349651
40 2.722510288341616
40 2.907520497895826
40 1.129695870554194
40 1.676374768226262
40 1.913345565105413
40 1.672923007370342
40 0.835741410202466
40 1.124152563206088
40 1.420911101036063
40 1.124133125116058
40 1.040539859416487
40 0.961937046855551
40 1.678810525476267
40 1.124156047155930
40 1.551957017085349
40 0.948432278253783
40 2.047602939255747
40 1.088912824673343
40 1.632602522591601
40 0.864248631505840
40 1.169457043451802
40 1.352950403777561
40 0.935798791911062
40 1.128480152939444
40 1.615405103345552
40 1.188329723840388
40 1.905264074694066
40 2.326967543512672
40 1.413457032234398
40 1.193697913544847
40 1.163703761314048
40 1.926694875949131
40 1.634269902162004
40 1.553479041651276
40 1.699834170611009
40 1.324497968258362
40 1.581552440319435
40 1.134882339620106
40 0.850314948026748
40 1.088322940393737
40 1.556360994545359
40 1.978981487546887
40 0.915432861652519
40 2.237424489045484
40 0.661798182996970
40 1.163102435003763
40 1.436250857849398
40 1.730243884886922
40 0.767496594176105
40 0.961787862156484
40 1.758080395436675
40 1.488879340577388
40 1.220817067893025
40 0.757046600392357
40 0.876439005684038
40 2.200504546532903
40 0.842472973835340
40 1.402127537828402
40 1.035544587815543
40 1.685988787959380
40 1.311254961809718
40 1.076281881629825
40 1.970883838712352
40 0.794389454400533
40 2.030490902184663
40 1.218362498860577
40 1.736142701389377
40 1.436665998539230
40 1.612271272456915
40 1.790401569592529
40 0.954991490886098
40 0.909884027489948
40 2.022801225992714
40 1.328265622647882
40 2.368823857946925
40 1.119907211893729
40 1.814470820938508
40 0.801359542223774
40 1.573233076416326
40 1.895659239095268
40 1.023289265007060
40 1.632971134941631
40 1.171689469303928
40 1.270446943174125
40 0.692789816917424
40 1.443680440719613
40 1.480931064491608
40 2.110147479294659
40 1.340027353735985
40 0.759843531767181
40 1.389627429699841
40 2.429658839107480
40 1.278272233717468
40 1.465105198914449
40 1.644262846367528
40 2.384774989870357
40 1.065934427097936
40 1.167692177835660
40 0.986097559308918
40 1.458168428774471
40 2.052262967344151
40 1.238756199383831
40 1.055248564935924
40 0.818825528613978
40 2.250114107920119
40 1.169422839560950
40 1.265434223385224
40 2.351503188400368
40 1.010137625485241
40 1.596453190108388
40 1.934148819737917
40 2.389991846421214
40 0.908818190829210
40 1.750325094086188
40 1.316138360620632
40 1.819435935863996
40 0.965745033083586
40 1.045832408866685
40 0.750908218938783
40 1.478199462986307
40 1.756149943941455
40 0.974842697793775
40 1.215833592780561
40 1.100452334415207
40 1.068754270683645
40 0.970800941910191
40 1.010295519332437
40 0.869956516942983
40 1.399246310841267
40 1.275508834803979
40 1.104956379925239
40 1.018117471013055
40 1.775612552863597
40 1.997285497835232
40 1.511259603596429
40 0.925029426687326
40 1.196871357859538
40 1.475599493957958
40 1.388287763341410
40 1.449505616314453
40 1.655364950666542
40 1.168862971388752
40 0.865073038661407
40 0.846962530608403
40 1.319681822196891
40 1.704565407977515
40 2.015141618987282
40 1.226124616499376
40 0.988279292892283
40 2.120381308599238
40 1.074419924982804
40 1.086967920517478
40 1.395499235485465
40 1.294723229944170
40 1.337181055054092
40 1.860360038949461
40 1.667186975327654
40 1.199715675469852
40 1.042214919615303
40 2.409216657013436
40 2.463879980612875
40 1.423072003095722
40 1.111989164626497
40 2.454675533806283
40 1.184807157019796
40 1.416728529416361
40 0.879178508403180
40 1.585346123255034
40 0.920997363331766
40 1.947015684175781
40 2.248302585587346
40 0.794423917908029
40 0.867544169689912
40 1.007543894412990
40 1.832549481749835
40 2.680818838791760
40 2.554653986574423
40 1.639975528647289
40 0.923701022359291
40 0.879610205466316
40 1.565459081604375
40 1.332543124618111
40 1.156578092671584
40 1.350714153063244
40 2.446644533018095
40 1.972924228465147
40 0.715739718822967
40 1.114929604444985
40 2.025116574769283
40 1.362083013971352
40 1.275277087379271
40 1.898047651534386
40 1.191744449522167
40 1.317243974648880
40 0.998785144099426
40 0.926378990304487
40 0.933531533057822
40 1.567464613849994
40 2.397560583299395
40 1.087352503620755
40 0.992743476263170
40 1.366646964761093
40 2.990138656625158
40 1.434022893077129
40 0.751869042066936
40 1.037433748944217
40 1.349491762983600
40 0.918565488166779
40 1.170523459744443
40 0.871797454463482
40 1.732403757833625
40 1.072447092142565
40 1.355595727370352
40 2.395990654129989
40 1.550192376857195
40 1.048075876454641
40 1.332942802628715
40 2.069843157330089
40 0.949815501661286
40 2.934310877618143
40 1.252152705372138
40 0.773195332826438
40 1.242381913280536
40 1.460845327977326
40 1.570747640443955
40 1.329047214626573
40 1.509992961691912
40 3.070907286074677
40 1.868853663010126
40 1.132170560974334
40 1.182049583534978
40 1.333367832536249
40 1.561511553905865
40 1.499250337119857
40 1.814360299459643
40 2.241361215703263
40 2.227999050939631
40 1.120281102802501
40 1.417623145559059
40 1.270889977029372
40 1.784997022914288
40 0.919481762371285
40 1.562910484455166
40 1.560376524885491
40 1.708644285110038
40 1.085527754866629
40 1.736802522749098
40 1.698811613257551
40 1.774432485043866
40 1.068680767731852
40 1.751235528293099
40 2.026390137689567
40 0.991742990025980
40 0.941352041261178
40 2.275240571464419
40 1.172592872254892
40 0.945241306133773
40 0.881966002334543
40 1.060327131380517
40 1.259043050704296
40 1.570714404955892
40 2.069525006187348
40 0.924990021211974
40 2.023928095493056
40 1.568048810897652
40 1.162016534994100
40 1.451813602302380
40 1.643641414818614
40 1.063629625815993
40 1.557591468487816
40 1.029731941407841
40 1.661735078459261
40 1.297542074923473
40 1.566331501104994
40 1.038628661910817
40 1.608186411401588
40 1.128669100895317
40 1.779566000742996
40 1.033487168242576
40 1.160927134607718
40 1.638175331524657
40 1.498023742771561
40 1.433535608468957
40 1.779451212539612
40 1.749031740886312
40 1.018830047091049
40 1.489426298008178
40 1.296442267900804
40 2.348459556092823
40 1.655055029356889
40 1.123970356718706
40 1.008442361734970
40 0.757482238017033
40 0.859718294876640
40 1.129882531181276
40 1.685278651422241
40 0.735873991327249
40 0.964208247287830
40 1.464546655885743
40 1.297615072857813
40 0.840920479239358
40 1.363055276093753
40 2.575500112760645
40 1.201222936498443
40 1.418659110131326
40 1.777140256969314
40 1.805607170637792
40 1.611161234285795
40 1.272417573169266
40 1.163758395201961
40 2.062758368113267
40 1.682983773864272
40 1.119662043839341
40 1.470769946689828
40 2.190020816146141
40 0.787823451264964
40 1.926755983354473
40 1.022305456028580
40 1.759494040028162
40 0.861914426243976
40 1.643504208598211
40 1.021944487816329
40 1.744807784562100
40 0.914207358116204
40 1.199608152170407
40 0.907685589566348
40 1.621419443603987
40 2.857432517152674
40 2.133781195618489
40 1.204246726090578
40 0.911587643946795
40 1.186041087752779
40 1.731621969475269
40 2.842977347100021
40 2.180589076295238
40 2.121259517342628
40 1.338817852615865
40 0.857479174770850
40 0.856354481394854
40 0.992357129208306
40 1.210444233087602
40 1.234254133396286
40 0.858826596505609
40 1.715171823608905
40 1.905770202973375
40 1.323611237838197
40 1.711819421923069
40 0.949852271180683
40 1.186010662499112
40 1.497660347058259
40 1.545879965323289
40 2.282205711135032
40 1.172702453294667
40 1.171264409025726
40 2.297864759688754
46 2.043756403842554
46 1.398976449587097
46 3.273448180473416
46 3.098922294282713
46 1.337511755974534
46 1.850761215314197
46 2.921621347101887
46 2.958847950360837
46 2.684417211387070
46 2.768590784980972
46 1.784180291128400
46 1.201136147554996
46 1.200248509350389
46 2.645006762925262
46 2.826810158398014
46 1.298160241069506
46 2.210367676114781
46 1.531283054665860
46 4.094501543776148
46 1.678115702332522
46 2.299951906900998
46 1.778913838444835
46 3.794963787850651
46 2.428316859387160
46 2.048122419384566
46 1.653319252287980
46 3.219326286336066
46 2.500516903417151
46 1.954870349004584
46 2.700891216882906
46 2.617833671798637
46 2.095191222549591
46 1.452176941152003
46 2.247929928904736
46 1.369591348294941
46 1.400054563136127
46 4.042279474742325
46 2.694716104131099
46 1.643850414621680
46 2.165064464569638
46 2.382282061877455
46 1.746269935283933
46 1.997891489217475
46 2.720170844213793
46 1.730217387524776
46 1.763556456157170
46 3.376921029308089
46 2.829699827513008
46 1.190004794082719
46 1.391241902302166
46 1.919485178949114
46 3.924040697867701
46 2.692399893732351
46 2.033696370906489
46 2.482360005995254
46 1.927501397760891
46 1.531022544366665
46 1.781404579614375
46 2.604824531790201
46 3.151868675996948
46 2.104645098189837
46 1.607412463283183
46 1.968981991060259
46 1.897851513849964
46 1.655713599715134
46 1.901046151089218
46 1.956304519293783
46 1.995016915168165
46 2.373385049598338
46 2.243459316576987
46 3.742120594697852
46 1.712124288657511
46 3.688170958541054
46 2.241014237503094
46 2.281056818175280
46 2.501216922070429
46 3.051991520768982
46 2.633226119142159
46 3.483986233738411
46 1.793326717416313
46 1.795230900081576
46 1.226124953246833
46 1.545076677298295
46 2.247996711924342
46 2.400766451686195
46 1.192187295760864
46 2.799234387059628
46 1.657407435094671
46 1.917170610821161
46 2.375415130423924
46 2.853340998227919
46 1.439276971477386
46 0.991859480362320
46 2.297645936893859
46 1.488423374784053
46 2.698409257772975
46 2.520939555292149
46 3.679254590118571
46 1.527014404567763
46 1.370485348548340
46 2.013094152147576
46 3.213027167351339
46 1.358543852141572
46 1.778746410113999
46 2.215069971813960
46 1.379411489344017
46 2.994333789188193
46 2.769846017221929
46 2.910837933250507
46 2.209830711811511
46 1.408685910585559
46 1.968315845377504
46 3.199595777232328
46 3.232167848795455
46 1.629839854048042
46 2.946084132039895
46 1.605636082736454
46 3.427808367987899
46 2.568053734280213
46 1.645223822090439
46 4.541892284360934
46 1.809621826047029
46 1.670595431400317
46 1.459287506025875
46 1.374343138802775
46 1.352301868635768
46 2.035631963252960
46 2.014519105722348
46 1.452714503590785
46 1.702431705066394
46 3.140855672084262
46 1.247225806362764
46 1.712283318000908
46 1.961523156577602
46 2.074858351833431
46 1.496899522326973
46 2.262008446811373
46 1.430880713071867
46 1.812840341851250
46 1.904709882623124
46 2.060655695995902
46 2.641857144470428
46 4.119345375125868
46 1.504167883108129
46 1.822120573886910
46 1.248911091069336
46 1.568513615777426
46 1.861658770551559
46 3.038281696438886
46 2.627596265340505
46 2.647632507401364
46 2.657496044312629
46 2.620657430110771
46 2.299921992738609
46 1.864997200877092
46 2.694463378690845
46 2.215619130957450
46 2.725329698850936
46 1.094051269750973
46 2.175388830264487
46 2.158249090038703
46 3.977864140175035
46 1.562480580205438
46 2.059518955831464
46 3.469099494880663
46 3.095525541493328
46 3.240967316762945
46 3.040022032167832
46 1.625966760324031
46 1.439748360414469
46 1.229722157162763
46 4.842035909628396
46 2.350941981461943
46 1.896747480333824
46 1.382626262315144
46 1.711970349709891
46 1.734002613531518
46 2.397048599625620
46 1.507634097683129
46 3.317822343033570
46 3.212107297460595
46 1.760004178877400
46 2.097113621349417
46 3.139009156552703
46 3.117062620923948
46 1.416354581562498
46 2.099109202359267
46 2.578932339412196
46 3.235522756223028
46 2.787834288784268
46 3.038574156790379
46 1.950208029820967
46 1.402437220667947
46 1.861549346255266
46 1.410994554727252
46 2.470349195498542
46 1.949852311118726
46 2.907111545338502
46 2.903898106448384
46 3.119033018243688
46 1.676949954366342
46 1.887256980354478
46 1.713673075612426
46 3.145203976566170
46 2.201806766963662
46 3.211274905683026
46 2.108220119678876
46 1.762963206761989
46 2.601469081754476
46 1.003901914277669
46 1.994532170196397
46 2.781838231304015
46 1.130945111385814
46 2.160757368578821
46 3.072415963056066
46 2.867669080463572
46 3.140420078833759
46 2.405582260095674
46 3.000694622652620
46 0.937880981187432
46 3.459015971256362
46 3.126084216795035
46 3.037395260383569
46 1.901373402964203
46 2.207618810782261
46 3.137915846548901
46 3.223903864969072
46 2.886804147992258
46 3.326711235086404
46 3.676514969648680
46 2.637935554905299
46 2.113124203364264
46 1.624828725065303
46 1.063010633864812
46 1.720312616618433
46 2.679663822047788
46 2.169825280202762
46 1.412108350401406
46 2.242353147719204
46 3.311597104550427
46 1.225198572193232
46 3.189123480048355
46 1.489162991931825
46 1.772842686016031
46 1.697835256403160
46 1.724798409889244
46 3.332637407381580
46 2.484057666320433
46 2.102628011425687
46 1.526117622693336
46 3.201761818560506
46 1.388583981677610
46 1.866326482956150
46 1.825047338248713
46 2.464360771794383
46 2.015539944497013
46 3.802535863908665
46 1.777859285614339
46 2.157680109631777
46 2.321277405413507
46 1.878231605217911
46 2.078751410940639
46 2.377801494785288
46 2.353540155337298
46 3.791141852215129
46 3.483631536668336
46 1.095449411972425
46 2.253010340855648
46 2.308391240454478
46 1.770499638544998
46 2.692707388768520
46 2.650545264321065
46 1.781679272793109
46 3.921974959687690
46 1.930486301688806
46 2.332661053900262
46 1.511068599466497
46 2.432442577261488
46 2.255257604039304
46 2.356524053173123
46 2.443350980917700
46 1.960143139254708
46 1.818953537979533
46 1.901547563265293
46 2.851412120465568
46 1.696083516167774
46 1.537140416675475
46 1.623685997117949
46 2.145938241598457
46 2.847325216174297
46 1.451016825781279
46 2.788434045009668
46 1.510870674301775
46 1.384106795655648
46 1.884714033919392
46 1.566803863145313
46 2.005479298819315
46 1.407176851767985
46 1.584394139140142
46 2.625761292851336
46 2.547639901691651
46 3.923664376514588
46 1.251448136562541
46 1.246888818618125
46 1.481614163725015
46 2.795555484627848
46 1.832091087567308
46 1.617022368372005
46 2.007591644359873
46 3.422916653651546
46 1.670734272361725
46 3.508862794598120
46 1.946953150344544
46 1.318089594080566
46 3.428378576823707
46 1.697839703069044
46 2.435077836450979
46 2.519759268810417
46 2.458441838510073
46 1.740531545159513
46 0.996959123385229
46 1.918628251674421
46 2.909536961825566
46 2.298814629529015
46 1.972255130674001
46 2.135501628511862
46 2.906030333211155
46 2.477906058249837
46 2.287867211104159
46 1.584425596046794
46 2.902043408882861
46 1.450944159721066
46 2.213643439799756
46 3.047327198281248
46 2.147621866500676
46 3.210348007223780
46 2.785140243676492
46 1.369685834876592
46 2.380172492158419
46 1.914920665120548
46 6.188254147178373
46 1.416689667373762
46 2.397854101587377
46 2.820290408521623
46 2.300683197161035
46 1.300012313521965
46 2.560857030281562
46 1.898802470790348
46 2.468167469141502
46 3.027514189710620
46 2.660115247377190
46 2.627517832830182
46 1.009297384434109
46 1.908036984142798
46 3.301295257343213
46 2.723729337968934
46 1.106097421624729
46 2.025416120838495
46 3.133866462306240
46 1.178743481116596
46 3.312115000823545
46 3.891027911063190
46 1.856699863460051
46 2.639785632181231
46 1.791189778210054
46 2.861970272930126
46 2.381119672365288
46 3.367670155319457
46 3.166376672758918
46 2.193651179247484
46 1.551870979945438
46 2.856550137573987
46 3.533270930576916
46 4.428285322223214
46 1.630923405645502
46 2.693454622132804
46 1.668843674154329
46 1.357355559388141
46 1.881488191264315
46 5.108614015791304
46 4.332925633598545
46 2.374933431329392
46 0.985255980761943
46 2.010824283554697
46 3.333622068148445
46 2.255604550649381
46 2.765851545923278
46 2.136642080128990
46 1.343159221858875
46 3.404961558712776
46 1.322107586924683
46 2.805138225886265
46 2.371759967269042
46 2.042985289064075
46 1.672999272823525
46 1.512802427346273
46 2.065251386065780
46 3.065022401707590
46 1.714013260998504
46 3.314452807620332
46 2.433620188390537
46 1.976693175831953
46 1.215246358572968
46 2.523605313918551
46 2.775075564957388
46 2.180063427845107
46 2.382348079374301
46 1.812364892188352
46 1.615048032331242
46 2.537886324377558
46 1.835442963618447
46 1.597893758611431
46 2.967316324814711
46 1.255685734931027
46 1.627946159276389
46 2.192917077422218
46 1.739528017596338
46 2.953426144188448
46 2.374286466222001
46 2.625922410472594
46 3.307182666357671
46 2.634719325811153
46 3.377394725283751
46 1.574864209431468
46 3.137830324357255
46 3.079961657064961
46 1.202744240361540
46 2.639690071501386
46 1.755628942978273
46 1.578130374516979
46 3.294903372064729
46 1.291119726068541
46 2.525650674308601
46 1.912834473011373
46 2.225736419243841
46 4.530704188215364
46 3.286797166951437
46 2.084828577093371
46 1.797342297471409
46 3.256393240966268
46 2.729727927984393
46 2.982853588728775
46 2.343256987355431
46 3.025094128732037
46 1.630011497758892
46 2.210767653349200
46 1.662062975626680
46 1.908195301370873
46 1.158603631318690
46 2.794854760159023
46 1.386987705235372
46 1.207508410730648
46 2.147416851277282
46 2.626576636586185
46 1.219540623820328
46 1.732785072633229
46 1.817336333828995
46 2.251898244918712
46 2.464018115718975
46 2.136920458455082
46 2.110747888920191
46 1.331461056678410
46 1.275935862986023
46 4.798297579395743
46 2.544535399048433
46 2.104610282751469
46 1.977996651673796
46 1.409294822845153
46 3.906369573016733
46 1.417316551276921
46 2.228069296424652
46 1.113664559436008
46 2.523006080249251
46 2.918638361851234
46 3.002486288983725
46 2.203269286219523
46 2.339801699167967
46 2.871930248262772
46 1.205154334362627
46 2.197835737055418
46 2.303620001126251
46 1.587705905890352
46 3.740901343873777
46 2.128400931417494
46 1.366258537779659
46 4.051145863241557
46 1.901863452912091
46 2.378177363405398
46 1.908882101583655
46 2.052262031961331
46 1.917357014195619
46 2.113335077569092
46 1.982369070517190
46 2.239382583667980
46 1.407109001820559
46 1.928587364102083
46 4.096975855807274
46 2.236239074536659
46 1.717613039612889
46 3.489182535442305
