10 0.014932873084347
10 0.013574520998345
10 0.011614650539778
10 0.007337119126936
10 0.010555564161640
10 0.009139768100419
10 0.008997217698371
10 0.005697698306213
10 0.012587073500787
10 0.010646314679443
10 0.014216908745981
10 0.008931885330720
10 0.014149266688392
10 0.015283361540778
10 0.014383482497142
10 0.010419990836044
10 0.014166119692302
10 0.014061165898630
10 0.009887346904067
10 0.011220445762839
10 0.015070719648108
10 0.006915808291297
10 0.010888302289829
10 0.014721652998965
10 0.010831632380332
10 0.008866747269820
10 0.014566858913299
10 0.006402511128495
10 0.017964270280253
10 0.020393189868003
10 0.011320479495626
10 0.007100461461887
10 0.007007900277717
10 0.008366035404161
10 0.011242544800863
10 0.013766331113399
10 0.010355893881641
10 0.012582238519604
10 0.016951855915441
10 0.014198891620815
10 0.011701007622193
10 0.014423553059586
10 0.015284061221494
10 0.007761123096997
10 0.007612865168173
10 0.015118368368633
10 0.019739042116380
10 0.005483716306577
10 0.014824982750794
10 0.009929297206368
10 0.018792312763061
10 0.011274763246027
10 0.012812424720173
10 0.021620554740623
10 0.014910365794542
10 0.018755473405275
10 0.014448662309618
10 0.007621777759297
10 0.015699394123611
10 0.011428176816483
10 0.009897458440650
10 0.007157044110340
10 0.016018012913288
10 0.017545918015791
10 0.011359434190078
10 0.005680851400708
10 0.008044478329433
10 0.008881007042076
10 0.016015376847208
10 0.013710467113183
10 0.011441692707854
10 0.006766084197136
10 0.011896755995310
10 0.015957455905388
10 0.007801550991929
10 0.006552641876641
10 0.019062535050793
10 0.012858086569198
10 0.006970424899741
10 0.015351236194220
10 0.011433165355462
10 0.008943232634462
10 0.007681785213896
10 0.014746401962875
10 0.009274190673248
10 0.011017708127727
10 0.015208724861661
10 0.008205516915444
10 0.009858392699812
10 0.011143432030474
10 0.009266165166346
10 0.010213885135889
10 0.012004788797933
10 0.011626287218709
10 0.011489179250169
10 0.009001389841667
10 0.006148359024485
10 0.009340059605348
10 0.009479839319454
10 0.010868109319832
10 0.010205382752903
10 0.016889040784270
10 0.006145162937793
10 0.016510144825236
10 0.012114925763434
10 0.017800370129351
10 0.008892170150564
10 0.015574031052795
10 0.014339072391534
10 0.007329175526785
10 0.005246083965093
10 0.009095274793597
10 0.010685671356248
10 0.006472992168297
10 0.010514882533985
10 0.015290479495540
10 0.014567062707035
10 0.011864352902188
10 0.012480063395866
10 0.007970855425687
10 0.007719591974610
10 0.009804713956408
10 0.008896957034631
10 0.008916726376193
10 0.009004074015833
10 0.007550698943124
10 0.006606165363594
10 0.009020918370230
10 0.010821450220894
10 0.013395470117378
10 0.014058392496098
10 0.010385630686610
10 0.020260872302449
10 0.014470175661325
10 0.013654309550480
10 0.009761776015164
10 0.011501770260751
10 0.014498882086066
10 0.013948988736457
10 0.010594320580285
10 0.009362349329176
10 0.011182119156691
10 0.016018205306723
10 0.007315068310621
10 0.013290782272880
10 0.014048572592812
10 0.024232059564527
10 0.015626851766518
10 0.013250972522081
10 0.008881309913378
10 0.008522060081002
10 0.016417464273878
10 0.008862370541275
10 0.010483863897039
10 0.009617091022890
10 0.017928579445147
10 0.011758963293679
10 0.012131466434192
10 0.017080331519757
10 0.008785089814194
10 0.008408189453564
10 0.016754980905924
10 0.010649143308440
10 0.008024079533960
10 0.010979091141825
10 0.009089252496730
10 0.009112107941869
10 0.009545346283131
10 0.010911254783888
10 0.008041395425510
10 0.017344724072745
10 0.011644940945930
10 0.013782234228002
10 0.016216671818740
10 0.008436639661540
10 0.010502985674127
10 0.007067806347539
10 0.011076920263963
10 0.008577806286882
10 0.010417415986222
10 0.013096302978906
10 0.009840664990116
10 0.009867797475416
10 0.009752396701046
10 0.016203190143249
10 0.010305523271537
10 0.014354678961413
10 0.012585115691188
10 0.013336887750154
10 0.012896000545945
10 0.008969220782720
10 0.008173116530905
10 0.009953976037179
10 0.014137367785594
10 0.006470987378016
10 0.009472920305750
10 0.011651893907125
10 0.017827630886728
10 0.013685345830510
10 0.014541935639677
10 0.010682308721007
10 0.013958893581807
10 0.014252224241034
10 0.012733651434120
10 0.007129138819881
10 0.014282203488911
10 0.009910085364177
10 0.012146790014096
10 0.020732632505623
10 0.013857873926822
10 0.009491432821099
10 0.015231650118791
10 0.013269157024296
10 0.015340662925429
10 0.009362999674494
10 0.021662775525819
10 0.009098536918597
10 0.006392075179198
10 0.016279196233118
10 0.014560510688461
10 0.006004995840240
10 0.012840009690365
10 0.014632380360473
10 0.009207928921377
10 0.010214373464975
10 0.020932925041927
10 0.013922212090600
10 0.008998318868408
10 0.007546712809034
10 0.014673563287530
10 0.006244739535885
10 0.022436361171069
10 0.018105141530460
10 0.009374655532414
10 0.011350687756490
10 0.017585452580632
10 0.007863695170214
10 0.015857162262670
10 0.006817809910342
10 0.008528915315081
10 0.016828992428830
10 0.006856483779438
10 0.006990318887647
10 0.007556791716273
10 0.016550384637520
10 0.016253938306056
10 0.010999426368971
10 0.021896000452885
10 0.012617518447480
10 0.027296622703077
10 0.010106388505333
10 0.020923061833274
10 0.009184545757179
10 0.014596606638136
10 0.008861578522971
10 0.011021601770410
10 0.007214506263886
10 0.007893888906604
10 0.014867985330335
10 0.019246574946710
10 0.014772915648468
10 0.010495541633654
10 0.009408232121610
10 0.013613501494086
10 0.013883246500011
10 0.016743362153456
10 0.009200912140068
10 0.006765272291978
10 0.010427803846268
10 0.011211221501119
10 0.009101415244957
10 0.011138656662912
10 0.009889778434303
10 0.013902950517734
10 0.006335823200210
10 0.011422110132494
10 0.014573126101429
10 0.011700076131440
10 0.007235259341899
10 0.006772473346425
10 0.024204865150103
10 0.014439581528769
10 0.014129261731365
10 0.017342914704089
10 0.013136246180844
10 0.009792538379178
10 0.007577929930000
10 0.010009431044657
10 0.006841010735824
10 0.009608840025245
10 0.011536624821094
10 0.021823700721805
10 0.010117917884990
10 0.007935137729816
10 0.012881953049490
10 0.009211266666305
10 0.012425691360182
10 0.007567513836739
10 0.013516364158017
10 0.009318402118484
10 0.010946701895833
10 0.009074764427916
10 0.014311423108883
10 0.010558550538610
10 0.008832898026308
10 0.014014733770755
10 0.008958213569805
10 0.005713473879127
10 0.017015607741080
10 0.009702354063056
10 0.007817601848981
10 0.015551308364257
10 0.007576970536479
10 0.013953586976407
10 0.009151426773674
10 0.011326706583984
10 0.012985149554350
10 0.005953096166526
10 0.008543353808781
10 0.016283981708687
10 0.008227898078089
10 0.009445559860036
10 0.012429912850658
10 0.017801457006297
10 0.005185553613559
10 0.012775569411848
10 0.006069461396153
10 0.008692202792426
10 0.011008311359446
10 0.007919425212142
10 0.010429905147316
10 0.009485491180325
10 0.013531606968527
10 0.007370952929840
10 0.014542927257391
10 0.013646222022333
10 0.005893536318287
10 0.008543368235059
10 0.018757780604941
10 0.012299733374820
10 0.016303881356867
10 0.010791417359945
10 0.015398164934993
10 0.021367902297537
10 0.009653147422021
10 0.009327172811894
10 0.006330008059267
10 0.015882766381352
10 0.011911107284319
10 0.017685629089124
10 0.013296225123777
10 0.017443303375664
10 0.010997473752185
10 0.018555393901541
10 0.009775289678403
10 0.016607458581438
10 0.008890130525823
10 0.012913808085235
10 0.023827345940745
10 0.016316241101551
10 0.009039187687382
10 0.009751198101119
10 0.009842569732126
10 0.005813863999187
10 0.007153070420472
10 0.011479654824913
10 0.020086982468720
10 0.013263658712880
10 0.012134723190651
10 0.013168932963737
10 0.009888980256788
10 0.006946015689900
10 0.008554455318490
10 0.010997998711402
10 0.008997434514688
10 0.006121365541341
10 0.014201712417628
10 0.008225150799146
10 0.013734544893423
10 0.009059991369805
10 0.011835252759406
10 0.017582737312425
10 0.022178405812240
10 0.026940033064689
10 0.017966838356308
10 0.008326464572018
10 0.007037891189164
10 0.012086430964273
10 0.007029499015662
10 0.018220917948593
10 0.011919331782453
10 0.006029486326125
10 0.010230375989919
10 0.012354760962061
10 0.009668961817089
10 0.010660243833715
10 0.010482910190836
10 0.007626781182682
10 0.010367898918844
10 0.008082284095996
10 0.013065860652821
10 0.010555207109811
10 0.018059458980412
10 0.014962375781205
10 0.020508191279728
10 0.011117098016522
10 0.014602001226615
10 0.013057679066853
10 0.013023334539712
10 0.015049995814122
10 0.012051615173253
10 0.008212992095203
10 0.016308045641805
10 0.007267946663033
10 0.003851715764227
10 0.010714716171966
10 0.008867983320151
10 0.010276066724196
10 0.010005945019487
10 0.011339474220853
10 0.011189465605578
10 0.010811241266556
10 0.010737824444273
10 0.008533685057901
10 0.010385085635146
10 0.014444769019543
10 0.018209188986916
10 0.009753340979040
10 0.010859459724262
10 0.012160219199198
10 0.009785388441935
10 0.012237696542325
10 0.006345263507632
10 0.008294062313598
10 0.010152868432763
10 0.007352123822831
10 0.008808482631282
10 0.011809501155792
10 0.006941487431203
10 0.009868778155153
10 0.003931569530406
10 0.005481755597500
10 0.019477525565996
10 0.016881549960441
10 0.010003759567051
10 0.019427028097626
10 0.019171451818619
10 0.006923072137213
10 0.011692639568058
10 0.009592351586578
10 0.011616936911693
10 0.009769195153519
10 0.011667087031550
10 0.009395476942251
10 0.010885670154224
10 0.020415807784805
10 0.008800364360519
10 0.009811735260021
10 0.008563642795832
10 0.008688867964948
10 0.012279985571119
10 0.012752893215597
10 0.007615557431675
10 0.012880038110457
10 0.006033309083173
10 0.009103985819243
10 0.012622137207899
10 0.012629853328271
10 0.011605686047947
10 0.008031783067071
10 0.008810313516225
10 0.010081780697559
10 0.013607144042332
10 0.021879645289940
10 0.018914566716381
10 0.012923900814378
10 0.021440483995855
10 0.012805838938585
10 0.007262993603683
10 0.015225527608632
10 0.007259548168587
10 0.009153121487090
10 0.013794606491853
10 0.012744642139751
10 0.018450850069271
10 0.007489794201621
10 0.015076097441998
10 0.009165209196606
10 0.007369715963531
10 0.019496543315060
10 0.005036094877449
10 0.021919691146408
10 0.017939422142238
10 0.008829393099868
10 0.015575712867965
10 0.009711359328194
10 0.008171596570714
10 0.006028413197724
10 0.015564925947132
10 0.009084002881151
16 0.112236381699893
16 0.051027811377582
16 0.038479727866332
16 0.100745694288280
16 0.044024252854780
16 0.078068999409569
16 0.039888409209987
16 0.102880609178823
16 0.081195031666277
16 0.104320335946455
16 0.094174136339860
16 0.048463490506719
16 0.057545466644559
16 0.056685321337607
16 0.056846864206417
16 0.068575011728592
16 0.067839536959155
16 0.062381490210232
16 0.049070931266796
16 0.080353732349286
16 0.074316368490808
16 0.092887498625208
16 0.083869029114660
16 0.076693711030010
16 0.051142479231654
16 0.057422232798145
16 0.042935163999474
16 0.075455753372963
16 0.094681251308086
16 0.070143502393083
16 0.104529432351420
16 0.040111355764379
16 0.080415427791464
16 0.048756657325658
16 0.065489087957108
16 0.057385975189960
16 0.069900667800443
16 0.064565763648926
16 0.056506790333057
16 0.084882325759111
16 0.090631805962306
16 0.097244405155793
16 0.093141445925713
16 0.062474883804967
16 0.061431500558439
16 0.076199328925328
16 0.042528760783000
16 0.108380699924744
16 0.074319002143556
16 0.074195128333349
16 0.085490125401985
16 0.053523615913100
16 0.128092207037094
16 0.138044980543048
16 0.058151447566999
16 0.106031336984691
16 0.103640986787118
16 0.073280899250637
16 0.071293595157707
16 0.078627441063230
16 0.051864717430947
16 0.090247903821038
16 0.101517384014082
16 0.059747674598598
16 0.064086129729624
16 0.102106338241711
16 0.058519757374353
16 0.062788865939927
16 0.094870890545134
16 0.046368811919861
16 0.074689105749637
16 0.075735104317107
16 0.088995817254782
16 0.067470589098461
16 0.072554686851074
16 0.065367772770996
16 0.122443423658581
16 0.054623363855206
16 0.055495831448702
16 0.072042273513151
16 0.069527974183387
16 0.164828659628430
16 0.075438694758549
16 0.068025341569698
16 0.083101548602143
16 0.047045477402896
16 0.049435740500304
16 0.066960252824983
16 0.083466059989881
16 0.117142246531007
16 0.058809928207252
16 0.052961913914762
16 0.047881866719974
16 0.066793001001429
16 0.046622576678699
16 0.073027583430441
16 0.092603596443179
16 0.057572763028327
16 0.072706781054120
16 0.080130091956740
16 0.138643889829686
16 0.052618496105151
16 0.084688534244047
16 0.096193773669648
16 0.107781885890409
16 0.108001968589426
16 0.073683554730532
16 0.060535509424423
16 0.059454922184811
16 0.153163302572100
16 0.047543471555448
16 0.111097864510297
16 0.080935208553924
16 0.096746565108599
16 0.077485064292473
16 0.120383425607010
16 0.083190412928269
16 0.104366810850072
16 0.058310099204577
16 0.084038431400217
16 0.083121445707463
16 0.109207379198200
16 0.065813862041452
16 0.063246744448036
16 0.037978617918863
16 0.095163567901577
16 0.088242124204163
16 0.137563292796387
16 0.043821195893224
16 0.067574874017948
16 0.064915142492488
16 0.100648209475532
16 0.100189405812139
16 0.049536198238662
16 0.137456200066497
16 0.119261967877204
16 0.050178718615427
16 0.112532122186828
16 0.105825920349863
16 0.053785787382846
16 0.072790911003903
16 0.115922242538272
16 0.052361693707311
16 0.058794693157202
16 0.050760219423555
16 0.046546230637912
16 0.096161748559276
16 0.082208064222146
16 0.062191766671536
16 0.081160380774004
16 0.071081567671000
16 0.049989372216169
16 0.134296809587375
16 0.074413638550830
16 0.074896021655011
16 0.065798564808999
16 0.039705614810018
16 0.076683013811368
16 0.109869020177034
16 0.065974563291638
16 0.103001454119477
16 0.090286063279955
16 0.120678295857020
16 0.088816475213346
16 0.066223988497384
16 0.037746726688589
16 0.077273828400620
16 0.083886710069961
16 0.065577242957306
16 0.059561772459899
16 0.078839059559527
16 0.064991546490733
16 0.101835656752500
16 0.048808989050573
16 0.084953537364580
16 0.123049240120467
16 0.054854466464052
16 0.094637684122478
16 0.099484218686921
16 0.080086880728865
16 0.100615226029668
16 0.082774887036853
16 0.080228082923122
16 0.071130338666139
16 0.042895063228175
16 0.073416348854030
16 0.111191542589544
16 0.085427801927726
16 0.056572036619062
16 0.098577151449189
16 0.042425985747870
16 0.119710998976062
16 0.109613129390475
16 0.066086760239744
16 0.136801153430186
16 0.065544103080840
16 0.066435839499720
16 0.034275611457554
16 0.086909914227888
16 0.059566610593111
16 0.093285870132993
16 0.043849304352078
16 0.067284502911348
16 0.065435159792479
16 0.095023035826529
16 0.080140879318954
16 0.065793057459616
16 0.118231227499630
16 0.082065464586943
16 0.081362064344925
16 0.051445893044717
16 0.106541985202675
16 0.132652556258937
16 0.044297509460747
16 0.039414843192736
16 0.057782480666304
16 0.062563084286501
16 0.108169443727726
16 0.089698627567045
16 0.128183076699650
16 0.107744218636650
16 0.052672878641184
16 0.078682866509107
16 0.072740506471811
16 0.081607806104256
16 0.074414349914860
16 0.098998628638341
16 0.112708308300175
16 0.080865753407040
16 0.057744643090080
16 0.060891493945585
16 0.071790915667836
16 0.077654838913984
16 0.043432759324026
16 0.064701266935581
16 0.056571907538363
16 0.055582416649449
16 0.067539369762541
16 0.101671607162840
16 0.071807291183907
16 0.097649526690121
16 0.084118594518844
16 0.078442572976209
16 0.059895023248152
16 0.080130086958228
16 0.088341650747194
16 0.064021367550556
16 0.069218176207596
16 0.101974484838754
16 0.078184380066843
16 0.052105163833155
16 0.092043989755730
16 0.067407650891837
16 0.039796746515089
16 0.074967275126089
16 0.070897745328638
16 0.084878437749380
16 0.050811319826737
16 0.110658271157304
16 0.126156746982911
16 0.115238324007152
16 0.067201778097920
16 0.035019883864666
16 0.107394511970062
16 0.055600741878123
16 0.043981869522589
16 0.068094468586244
16 0.128755481955391
16 0.094509852686086
16 0.125479268681774
16 0.066121449326501
16 0.085862912679082
16 0.138300591348300
16 0.047923372491636
16 0.055969329823356
16 0.142426161391514
16 0.076369308327296
16 0.065934481618899
16 0.076897052877056
16 0.064963312818529
16 0.099422260124140
16 0.106166575683269
16 0.057153505989372
16 0.065651426595960
16 0.072689361513602
16 0.110751945459471
16 0.040448234883578
16 0.064042989203313
16 0.089630506604883
16 0.151711050314177
16 0.044176253849314
16 0.059455101361522
16 0.067299775003808
16 0.035849214152825
16 0.137094770785628
16 0.051394809061858
16 0.057285922489435
16 0.046189436345922
16 0.069168533706453
16 0.101180179489789
16 0.043438147030585
16 0.061802951861715
16 0.112782783943515
16 0.111836441968292
16 0.107673639254363
16 0.040416464467158
16 0.091817616814993
16 0.081983662679284
16 0.066414447444950
16 0.103609767819203
16 0.110678948942403
16 0.050994525922586
16 0.070636174802142
16 0.082232868889462
16 0.071743746455550
16 0.051682734356748
16 0.085759995105389
16 0.102310021652279
16 0.078937659073522
16 0.090097342567531
16 0.056719244138883
16 0.123420989131132
16 0.083495523206313
16 0.084606500340329
16 0.085657009519434
16 0.055948033469091
16 0.054458605405499
16 0.047674402546443
16 0.047746482403025
16 0.081222570361137
16 0.063983370971607
16 0.103393469914227
16 0.091440896048111
16 0.122938830381942
16 0.089380505029032
16 0.049132308844763
16 0.107863897988071
16 0.044862307876295
16 0.067307766747629
16 0.060969883140807
16 0.169476306104542
16 0.066345703974914
16 0.122125009367960
16 0.052434151400202
16 0.065124429786915
16 0.056888914360672
16 0.077257496115461
16 0.076421438438168
16 0.076398413305001
16 0.072755341468203
16 0.082722002859785
16 0.111318252254317
16 0.079776245103198
16 0.059501451658117
16 0.071797394163982
16 0.070342670167842
16 0.044710675828722
16 0.063000579515478
16 0.108222607899912
16 0.097299568090768
16 0.072613560420543
16 0.117241169505248
16 0.087013295179170
16 0.048408486265741
16 0.090079149962161
16 0.066090209738949
16 0.069724920498986
16 0.083462962784902
16 0.071955494387001
16 0.059509768915685
16 0.061796957250652
16 0.050394038525708
16 0.087292209761170
16 0.055488095933334
16 0.085583350420556
16 0.062521675870272
16 0.092137830489202
16 0.056760757100010
16 0.049140073742417
16 0.085562110558432
16 0.075193463571641
16 0.052378230079641
16 0.058644004955562
16 0.067795125926640
16 0.047178747196501
16 0.059086717154754
16 0.102831544722022
16 0.140257351525904
16 0.056797877684431
16 0.067205347399041
16 0.049785454854775
16 0.120484157776368
16 0.144944054409751
16 0.091967104528281
16 0.067596606986020
16 0.036819441133193
16 0.042333914159050
16 0.152958837925368
16 0.089166949411692
16 0.115365817735835
16 0.047199528537713
16 0.045866394097246
16 0.133579536419332
16 0.100239627823347
16 0.077266290336844
16 0.060240721493886
16 0.163067826491144
16 0.056454571652382
16 0.050350930943704
16 0.080382548748901
16 0.072445047808387
16 0.078833235430643
16 0.125007828456547
16 0.067178260027495
16 0.063746163780613
16 0.078545217695903
16 0.102272585237554
16 0.074306552965277
16 0.124203911417339
16 0.051030590249858
16 0.063957607495734
16 0.087292803268394
16 0.042413703209622
16 0.059975186989075
16 0.049975516325795
16 0.071492832604836
16 0.079510266815803
16 0.070063361353915
16 0.122332176171870
16 0.076637955061941
16 0.064359114920443
16 0.101541572838778
16 0.099757589088779
16 0.067935439293851
16 0.098782598028184
16 0.064435927938123
16 0.089429274449022
16 0.107275419662498
16 0.112929798321013
16 0.051249257352682
16 0.062449091721693
16 0.080215769397450
16 0.034634469114020
16 0.093634296584930
16 0.084486457398248
16 0.077895325163606
16 0.047804714146583
16 0.063907906141824
16 0.040070464911810
16 0.079304500940854
16 0.090688100054632
16 0.036443458942517
16 0.051147328907065
16 0.153121327182415
16 0.116052348254194
16 0.071389301291769
16 0.039108663937969
16 0.074179810695103
16 0.048334624396006
16 0.035395726894864
16 0.067103158343791
16 0.099716923774112
16 0.061821733984707
16 0.066073084848612
16 0.073055294527691
16 0.084391990592614
16 0.086558220024539
16 0.096086025987618
16 0.128368849397942
16 0.107718751613863
16 0.092733166635961
16 0.090913281144694
16 0.074813427050306
16 0.106457176531956
16 0.058741217851829
16 0.088886029901890
16 0.044321247279949
16 0.055892994239460
16 0.068642819263688
16 0.056034994036034
16 0.076954641119408
16 0.148128903500236
16 0.067172915573957
16 0.075547606649524
16 0.081227651201586
16 0.106099345428414
16 0.076054989531929
16 0.118806981748270
16 0.048816421972319
16 0.086027001898487
16 0.092665658340420
16 0.065866178584665
16 0.061814025584896
16 0.063455252152745
16 0.072288393936099
16 0.063598076232881
16 0.088465573237893
16 0.121650748102501
16 0.062209300707636
16 0.089596882452806
22 0.311125694537693
22 0.493059258742690
22 0.192854065907761
22 0.384906226295643
22 0.315208724440792
22 0.164550649776570
22 0.288502591673698
22 0.156514289044787
22 0.429134183982469
22 0.260230168424123
22 0.188594688549590
22 0.339143883667114
22 0.218126168226146
22 0.367610680414606
22 0.270611067272273
22 0.196398019041415
22 0.141317006108272
22 0.473994059576550
22 0.235727889555654
22 0.428506728776185
22 0.532121587684100
22 0.237696052308625
22 0.348870405783008
22 0.350921806330308
22 0.258674455230426
22 0.259460700978587
22 0.282464194135560
22 0.241022087624519
22 0.423911774299966
22 0.336603317301662
22 0.237483666492134
22 0.176548023564247
22 0.200845241471672
22 0.273898778259146
22 0.532950857822469
22 0.281813312178572
22 0.334500669875240
22 0.403457702176702
22 0.266340526690275
22 0.329556894298529
22 0.308377195584243
22 0.324671989258320
22 0.315524431443810
22 0.221460827417353
22 0.366284228423939
22 0.276812124255323
22 0.730430470152328
22 0.329902548249185
22 0.196631086781911
22 0.235513806877861
22 0.301282649877404
22 0.421243919960018
22 0.139172840131023
22 0.261450677278967
22 0.397800056681045
22 0.167902995200709
22 0.261481223510477
22 0.330720856053700
22 0.219134195711746
22 0.132144628052381
22 0.258371796650414
22 0.302327460033794
22 0.159119226211470
22 0.308093064969978
22 0.361864180596694
22 0.310461770637778
22 0.210160413945466
22 0.367317923297731
22 0.199306189739515
22 0.268477968639580
22 0.289546501073308
22 0.246384362960409
22 0.262239556485275
22 0.267351247735030
22 0.334855142670153
22 0.542031286179138
22 0.385906720927162
22 0.262730177688137
22 0.167864246427756
22 0.328841867282178
22 0.143187671894491
22 0.256614976890958
22 0.214011416080428
22 0.449339201723009
22 0.290515142769286
22 0.283024321058131
22 0.380853334059907
22 0.192008696378371
22 0.170857861216650
22 0.677154455617588
22 0.216403555149164
22 0.286135528180390
22 0.543496729164531
22 0.282804345610086
22 0.266223657848864
22 0.206315294011207
22 0.429341144647085
22 0.195204818032004
22 0.300983001881168
22 0.189926028718399
22 0.250395150273165
22 0.177011059524190
22 0.296149493883175
22 0.168128343388543
22 0.187335038637682
22 0.212798577137959
22 0.289432349132235
22 0.564997629062117
22 0.247834730949335
22 0.222875795256641
22 0.315065639411258
22 0.194199476817295
22 0.340890158703489
22 0.337053216446498
22 0.212095369551903
22 0.307630621305968
22 0.244046575048899
22 0.293184589165311
22 0.304551026994287
22 0.245601080915345
22 0.203112356043333
22 0.315993206591662
22 0.278188721674330
22 0.276199522439844
22 0.207440260311590
22 0.243648456747111
22 0.278601676896569
22 0.234699505305823
22 0.184160435537263
22 0.270686775665123
22 0.314104983946065
22 0.209006592005875
22 0.395919250488930
22 0.162131399118475
22 0.426699708976380
22 0.477524821720851
22 0.254084368253516
22 0.208464862858437
22 0.438965703865029
22 0.330815950015522
22 0.285633383071411
22 0.342371997959141
22 0.182173960642843
22 0.287203561737380
22 0.151387519195839
22 0.256223147269649
22 0.281250264670036
22 0.166667497083946
22 0.224360217983908
22 0.202157821137265
22 0.279157988580009
22 0.168314061441384
22 0.317794530010920
22 0.330876152078200
22 0.278780780059041
22 0.263800125714981
22 0.243445301610686
22 0.171137132335601
22 0.204432536844366
22 0.155652233508122
22 0.131380078021077
22 0.307261435964316
22 0.236043448238697
22 0.360589065298327
22 0.380842951565727
22 0.337927972491018
22 0.470202611871156
22 0.238311211400888
22 0.294922177451925
22 0.278924162587718
22 0.166657914774017
22 0.291536959976069
22 0.255841952275763
22 0.438634990284807
22 0.349180427465677
22 0.301073099055622
22 0.255421037548851
22 0.432419841533465
22 0.201624785285480
22 0.247421366039627
22 0.398157511919131
22 0.299311805608145
22 0.214901229618361
22 0.263786176791235
22 0.246549704553991
22 0.153904191201957
22 0.253365855103076
22 0.203222958273718
22 0.313102284210059
22 0.314760093984854
22 0.355475809733636
22 0.353374259916157
22 0.353474223118795
22 0.419407956410658
22 0.170712198949523
22 0.246556599196702
22 0.258178060716636
22 0.377759670669675
22 0.236914648704624
22 0.343225520438424
22 0.268784666063981
22 0.259335132728563
22 0.627676495550939
22 0.172222805457712
22 0.314418333644709
22 0.269659330500383
22 0.239638811537347
22 0.204851912281885
22 0.379935783349896
22 0.303188626852409
22 0.417178769475491
22 0.244455114145123
22 0.194238321896302
22 0.671540589389930
22 0.184847548621262
22 0.283149505144496
22 0.442411090053020
22 0.119373535857828
22 0.343301549018067
22 0.209778711381914
22 0.246642701162528
22 0.177087976503731
22 0.245427508209111
22 0.615351970449661
22 0.553717249198415
22 0.197746410362158
22 0.195000418426064
22 0.250858868785561
22 0.322602282730999
22 0.305518686969723
22 0.287502033140802
22 0.184138934885234
22 0.285093246889051
22 0.279188653811552
22 0.225078132462033
22 0.353970621400446
22 0.233841908579117
22 0.268550229792076
22 0.246782460718046
22 0.179043355936269
22 0.307279592062829
22 0.358741771641836
22 0.298780815327623
22 0.180689985773614
22 0.363623158510296
22 0.227553020920345
22 0.218536812745359
22 0.163336051827437
22 0.187680830601118
22 0.191712864989082
22 0.195349348959761
22 0.391148705507056
22 0.385396075712611
22 0.179176047463394
22 0.180809782330598
22 0.426881309922720
22 0.369566661843252
22 0.277539958424762
22 0.162476877899619
22 0.310872548549961
22 0.187751081246195
22 0.298909071661800
22 0.193582520055131
22 0.290811223194882
22 0.162683146709929
22 0.178942667807760
22 0.262272426927957
22 0.231020013585375
22 0.209607744529076
22 0.278879189222631
22 0.234018505408531
22 0.248519306224605
22 0.344463289826489
22 0.285438868204925
22 0.230216418419670
22 0.272524441182216
22 0.290389425951383
22 0.239226474484938
22 0.256385315303574
22 0.279353287490510
22 0.215055651310106
22 0.276135904187435
22 0.303846782032753
22 0.241936892983550
22 0.242512320706288
22 0.202995339681140
22 0.260226087523594
22 0.249943842239740
22 0.259323970242365
22 0.299357596476701
22 0.256799828320638
22 0.391741309944371
22 0.201469098933753
22 0.166212829481291
22 0.189552073087077
22 0.348046481457183
22 0.370579911606589
22 0.376426808548791
22 0.305530344639126
22 0.152811837469178
22 0.219961041657445
22 0.352546207627665
22 0.190393721840221
22 0.539627865665949
22 0.247563508484006
22 0.210853594081368
22 0.388770405496846
22 0.315890686661728
22 0.226941926679913
22 0.222558628290237
22 0.441622526686261
22 0.121354747741736
22 0.156428461984183
22 0.212646506289910
22 0.238895618318145
22 0.154822705978172
22 0.238444554448806
22 0.307203720587845
22 0.220619477908373
22 0.271379797586514
22 0.446844659108896
22 0.218527051693712
22 0.260620991282519
22 0.208387054070447
22 0.236175885551551
22 0.335943349967658
22 0.214458907056983
22 0.266386644972108
22 0.244433968831076
22 0.168789924782145
22 0.352428214276922
22 0.162159812973444
22 0.205281298109164
22 0.226330434191015
22 0.322857542741662
22 0.341717674997486
22 0.302346992385593
22 0.387191767141602
22 0.471607769706202
22 0.186949144956404
22 0.228591492163420
22 0.231846363837604
22 0.230603483968665
22 0.212424420960485
22 0.203285066663249
22 0.249455195993164
22 0.199067182751636
22 0.331493041534291
22 0.433565546439060
22 0.222225690679315
22 0.256441283245251
22 0.315335037041178
22 0.335970496785009
22 0.257768165701513
22 0.255064526316553
22 0.339122065501700
22 0.305584156021540
22 0.141577216514424
22 0.285596037551414
22 0.240715188146438
22 0.157054708716369
22 0.365238392602541
22 0.414582908888699
22 0.317425091621270
22 0.316194487687731
22 0.386153021263445
22 0.310378074018744
22 0.408988407006075
22 0.251697433159226
22 0.207795562770213
22 0.340187704645782
22 0.431236024633761
22 0.200877983026631
22 0.277902401072101
22 0.254504143631199
22 0.269412434260950
22 0.222362730163741
22 0.222082507908822
22 0.330305966392981
22 0.205274093767369
22 0.342920371895512
22 0.239219735395878
22 0.367020005393844
22 0.384460493777311
22 0.310295911910950
22 0.252057596392966
22 0.286095033188312
22 0.227583852346887
22 0.339866814120909
22 0.188931642471711
22 0.386819059131486
22 0.335062183219075
22 0.305152972052594
22 0.301309709672094
22 0.423341932170765
22 0.209318867541343
22 0.210506398943512
22 0.302677896031042
22 0.213943789617526
22 0.142596850778759
22 0.263018449415172
22 0.218994665351781
22 0.289587191844769
22 0.288511812644476
22 0.263352460361962
22 0.152149500228680
22 0.601803356418701
22 0.290872156243149
22 0.214585074419825
22 0.395084952554254
22 0.503764741479174
22 0.229023680856631
22 0.258143708269821
22 0.229825843989871
22 0.336949854792782
22 0.246475722258788
22 0.329110531844500
22 0.201215473147154
22 0.228848921075375
22 0.398654153282600
22 0.229100773728960
22 0.196835487881561
22 0.350695978470854
22 0.172818425236129
22 0.172261023325208
22 0.300922284913176
22 0.270816675549815
22 0.231879413975154
22 0.328833568155347
22 0.328372125722332
22 0.420169675034848
22 0.332139410204136
22 0.287693282692478
22 0.303574326053449
22 0.187272000970260
22 0.232355080356148
22 0.293405614086780
22 0.230621825206282
22 0.296165477147317
22 0.186657874543054
22 0.458630152274030
22 0.175448326302300
22 0.427083797113632
22 0.172350567699248
22 0.191316638717971
22 0.374296405721852
22 0.276504342218869
22 0.243879088183673
22 0.336436459035395
22 0.113671321313561
22 0.214852164867414
22 0.250437979699401
22 0.161323626889690
22 0.497918398633580
22 0.109127319868660
22 0.130029145606078
22 0.191015597669956
22 0.266273893717186
22 0.528276399017327
22 0.225245919246396
22 0.392737726412599
22 0.307551741797597
22 0.306640072865562
22 0.264430560208626
22 0.229761608102205
22 0.461890165722348
22 0.349529572542890
22 0.307819404551431
22 0.174697140469764
22 0.236664375145068
22 0.385339598745932
22 0.456908172186233
22 0.259929121885981
22 0.223544288494864
22 0.266004070551730
22 0.263384937423824
22 0.288571325678535
22 0.421537049782205
22 0.221894589984975
22 0.236857707808812
22 0.278652068282138
22 0.310870148038757
22 0.190297348489473
22 0.351927934013262
22 0.245185094607992
22 0.382834372426182
22 0.157315697692389
22 0.291821321203323
22 0.200805517244853
22 0.212754681184398
22 0.211930132171536
22 0.268971985044059
22 0.241520088164862
22 0.157773723744139
22 0.542928564795489
22 0.191461517518030
22 0.180095229578178
22 0.264266941135752
22 0.282931454494603
22 0.405548570291042
28 0.474006814922366
28 0.956800773579563
28 1.077031269280395
28 1.281102973483739
28 1.183070145753073
28 0.687467384421882
28 0.829270737624465
28 0.404266265576226
28 0.663044230546751
28 0.607147280741959
28 1.862221592590354
28 0.766228996391395
28 0.758206419497224
28 0.980254749781205
28 0.941990294346624
28 0.715498699967504
28 1.045440813254481
28 0.546885501801834
28 0.330189683282518
28 0.327327185555502
28 0.584525777716563
28 0.521993425819011
28 0.686995309950819
28 0.744914897280912
28 1.158862005811500
28 0.656215263607956
28 0.517950381721485
28 0.475501730413356
28 0.875881663717051
28 1.122271342981214
28 0.924372277054128
28 0.444882057963674
28 1.141591583408999
28 1.325388284663203
28 0.585594671740126
28 1.049148589835656
28 0.614053757601132
28 0.867411609761296
28 1.168823030946847
28 0.911142496127041
28 0.796712092803874
28 0.768335739768916
28 0.576871740124769
28 0.387802553423376
28 0.552999035894835
28 0.676575186827833
28 1.058655837027199
28 0.949001892541077
28 1.043119714611847
28 0.807190228437366
28 0.747529198766436
28 0.457849042564012
28 0.561307729976301
28 1.002610279958452
28 0.794943382432526
28 0.987060462289672
28 1.071409308606098
28 0.478952286839641
28 0.728142733096933
28 0.578212294263981
28 0.699112051450125
28 1.036530416704242
28 0.777277104584184
28 0.407269866846803
28 0.397240682697902
28 0.532266878739090
28 0.440456417580977
28 0.674986884836431
28 0.683963914116946
28 0.561913199885416
28 0.621357779401591
28 1.213165200304553
28 0.639440946333938
28 0.735373487921054
28 0.581488381517303
28 0.643936592960861
28 0.962147060347341
28 0.575126807324268
28 0.652142641849125
28 1.498745952558210
28 0.526957513770078
28 0.385470080595330
28 0.854260789049710
28 1.207834097758987
28 0.624041221101920
28 0.528989204028948
28 0.889551335654848
28 0.547233491527503
28 0.573748586564687
28 0.681396035623901
28 1.005828484792375
28 0.533099233573181
28 0.615948719270992
28 0.672651708716021
28 0.739389107456105
28 0.520226188427088
28 1.198098901982696
28 0.624017165749035
28 0.828271214033770
28 0.539858873947033
28 0.431544107580637
28 0.455893927180891
28 1.110570291604548
28 0.843330767093508
28 1.239468677926368
28 0.885801839479443
28 0.701116654428804
28 0.409347753902817
28 0.517650733918646
28 0.948561066656473
28 0.962269318750901
28 0.689562287973306
28 0.645480238247333
28 1.023345201177043
28 0.397874163018393
28 0.958609529928127
28 1.365544862643327
28 1.994559233446155
28 0.703715395633941
28 0.438489531475900
28 0.700768666443172
28 0.657135918740891
28 1.176721924119531
28 0.949042285550113
28 0.933612758161641
28 0.497898837282293
28 0.618622729134216
28 0.866347907709843
28 0.414647203774730
28 0.972176339669009
28 0.505763292490470
28 0.499126446050778
28 0.558160600982426
28 0.628028701020853
28 0.852743363244550
28 0.770331195248382
28 0.719651782292408
28 0.364958830731015
28 0.799409357224294
28 0.454252960846180
28 0.894362773767564
28 0.544116049315216
28 0.746217872126073
28 0.476045319882697
28 0.510798919874423
28 0.968704915658054
28 0.445083540403942
28 0.541026685821070
28 0.886935413631760
28 0.747211540294173
28 0.677780392720174
28 0.918329343471615
28 0.615846134983362
28 0.967596231721909
28 0.884090587763969
28 0.441425031292308
28 1.371135781967279
28 0.661294883638458
28 0.429546780970975
28 0.578318752445983
28 0.509556740557572
28 0.498357127196083
28 0.893052532324059
28 0.722328034413901
28 0.873690580688778
28 1.036155883486603
28 0.437686815527467
28 0.574315953293153
28 0.656710447807981
28 0.542643527274805
28 1.260384746577728
28 0.715158932855721
28 0.574347021637648
28 0.906441053664802
28 0.367460083056667
28 0.688125269073905
28 0.907167057360735
28 0.727632941671984
28 0.402867277020439
28 0.988877360881989
28 0.570654570816489
28 0.910597365902344
28 0.380786074859116
28 0.573501463527246
28 0.523589869882046
28 0.430479394683571
28 0.618977256336293
28 0.979092567629841
28 0.983196113477425
28 1.130842548466647
28 0.729816432302917
28 0.401196132744282
28 0.595981921758234
28 0.479173528290993
28 0.567441731527902
28 0.694043849474395
28 0.641593113172060
28 0.717739803058910
28 1.104599006263129
28 0.836480229233647
28 0.517539192117078
28 0.650158881768720
28 0.433333804690482
28 0.445734486783430
28 0.922581997614336
28 0.702785534180755
28 0.896693279984596
28 0.921535274271055
28 0.833864069013476
28 0.855412260378522
28 0.678890303113551
28 1.000816175903719
28 0.660646415246711
28 0.564227850047645
28 1.063139210636010
28 0.333477945893339
28 0.899019309361938
28 0.587396344885464
28 0.518145996360276
28 0.416499602411179
28 0.704731863832489
28 0.826363180342596
28 0.868152881674892
28 0.566765038971831
28 0.626328775444468
28 1.169660152486123
28 0.494177082333800
28 0.917475109646162
28 0.710450288812890
28 0.596439210257823
28 0.933498140119707
28 0.612534773383513
28 0.521698803563975
28 1.054120291301428
28 0.503963204697885
28 0.505038842155210
28 0.456343548299597
28 0.604086458074179
28 0.402277395883898
28 0.952324371234317
28 1.410735704468149
28 0.682908478255547
28 0.677831359199450
28 0.685071584605215
28 0.613965167795239
28 0.662368778656513
28 0.470732567516366
28 0.544009187374233
28 0.628976441271051
28 0.971615186516212
28 0.613450650637736
28 1.235320973846181
28 0.418535278622853
28 0.345255816120685
28 0.471605213854252
28 1.146618721071096
28 0.827611841492903
28 0.613991153953830
28 0.723479125555937
28 0.506322385523776
28 0.794451788652522
28 0.724812049538057
28 0.757049287871581
28 0.555720247800287
28 1.252741979508495
28 0.661667368857755
28 0.814426446112069
28 0.454108695363511
28 0.935214731723573
28 0.777848983832590
28 0.592644203583099
28 0.628313676496783
28 0.530371272519911
28 0.812790868258991
28 0.554733797354130
28 1.175257603759369
28 0.408568566599304
28 0.697078083904631
28 0.715370163457805
28 0.471583409555266
28 1.070858990111230
28 0.701780561097856
28 0.306802213103555
28 0.874778508832088
28 0.734113647798662
28 1.003261422672782
28 0.848351154713854
28 1.080052772287204
28 0.726891716923671
28 0.660562793848315
28 0.665715599296764
28 0.845989026230420
28 0.576294281298122
28 0.606120547256629
28 0.497565516332840
28 0.779639097013862
28 0.584736977389762
28 1.039078286907499
28 0.911545633906887
28 0.522079925120716
28 0.346591060120348
28 0.691865379398916
28 0.898919373306739
28 0.706022762303525
28 1.170629726099342
28 0.776098333744091
28 0.632419550405910
28 0.650959360521271
28 1.205674072488614
28 0.773992131166436
28 0.515883348939809
28 0.507347179323113
28 0.676069789662625
28 1.096697634394897
28 0.787997194791566
28 0.656040887512410
28 0.515840413783295
28 1.203242121476146
28 0.577000607566604
28 0.904766764024517
28 0.823798515508048
28 0.417991288311952
28 0.606280935462101
28 0.455414508143327
28 1.305143339009423
28 0.510628110025916
28 0.456721050743281
28 0.455747379990115
28 0.803833617584979
28 0.545433714121825
28 0.717767128003442
28 0.466847638797876
28 0.928975267044183
28 1.045162355005331
28 0.519706542038517
28 0.476115770208012
28 1.014585239962549
28 0.803088319661468
28 0.652306878957494
28 0.515414870714163
28 0.620139549554803
28 0.521062265821562
28 1.069300685451118
28 0.688165208088360
28 0.966442763296275
28 1.015669388168480
28 0.694812868400849
28 0.611096587430635
28 0.579106378218540
28 0.381144999600951
28 0.980801987696331
28 1.032953882495553
28 0.723912259969770
28 0.428953157248276
28 0.706439859982129
28 0.747028240417777
28 0.681202619808404
28 0.364231011288869
28 0.595092760883380
28 0.707140294869582
28 0.516628416424627
28 0.363548266656663
28 0.523672294381487
28 0.738618746890643
28 0.676243873725949
28 0.867667766814489
28 0.721118036980813
28 0.703171735536772
28 1.049229649784190
28 0.593476474546962
28 1.251518306911604
28 0.658673176868965
28 0.704544167807069
28 0.642979753096827
28 0.744676696975927
28 0.771159919978220
28 0.677682769945999
28 0.614298286530911
28 1.971341740466729
28 0.901118011200104
28 0.547694519158548
28 0.789134339926671
28 0.714062813951983
28 0.731921704310789
28 1.059064900333668
28 0.765823599298766
28 1.185232286777528
28 0.439761071617859
28 0.717987427718435
28 0.467173246953879
28 0.513815734081756
28 0.576029641991628
28 1.340740420058374
28 0.722610812077587
28 0.477456087948759
28 0.406420502957620
28 0.680703087849557
28 0.796517614093902
28 0.567952052922908
28 0.619659892333153
28 1.034677090720302
28 0.598861471378024
28 0.785081056770516
28 0.444609737166728
28 0.989864169810432
28 0.920217887083572
28 0.376472803004472
28 0.782755632101487
28 1.509011988233265
28 0.472244197489488
28 0.409066351489105
28 0.444165100969224
28 1.108215228821558
28 0.507427715035131
28 0.916070620606227
28 0.595238500267313
28 0.731394682520074
28 0.873677157249385
28 0.246689901554824
28 1.085355506570423
28 0.577129632420030
28 1.017617096463114
28 0.947484533044126
28 1.083183683570177
28 0.558279914571484
28 1.269050110593735
28 0.438861029967148
28 0.485661929923731
28 0.453225337301804
28 0.406726162560332
28 0.688299190292259
28 0.745143735973069
28 0.498133462842448
28 0.493668552565343
28 0.518569112621996
28 0.602384500685843
28 0.410616572720954
28 0.981577704815273
28 1.142865971438595
28 0.996554734247605
28 0.615300468267403
28 0.776992251896600
28 0.854042408719971
28 0.432481916036930
28 0.975627213565431
28 0.388810037817690
28 0.627765396305211
28 0.540952291504348
28 0.757435726698152
28 0.770289121626566
28 0.803551740899049
28 0.421280454984232
28 0.892142810585218
28 0.727464518727754
28 0.442397371209876
28 0.569675116594628
28 0.561594376103831
28 1.077514345863110
28 0.688256447836984
28 0.706513506558720
28 0.392269442813595
28 0.352791374747236
28 0.660273892058599
28 0.817272413981059
28 0.656676630786673
28 0.877291592094408
28 0.530086305974358
28 0.398898305328377
28 0.535705827629396
28 0.808748155530639
28 0.387377894327661
28 0.453619647003439
28 0.587241593480009
28 0.521372838458904
28 0.926785826068338
28 0.417931988657585
28 0.478232159649762
28 0.699768961348736
28 0.665722597664934
28 0.706300858157219
28 0.308344539069627
28 1.410581699210958
28 0.625349473604934
28 0.810698049501699
28 0.606188175123569
28 0.489869839040425
28 0.838458956646394
28 0.835271906822639
28 0.525611442186788
28 0.798107341672330
28 0.624102309363739
28 0.744170108155507
28 0.395165525436109
28 0.486215889964485
28 0.738194421492756
28 1.033390511849912
28 0.537857377761897
28 0.628129564928614
28 0.574067220007692
28 0.469127134940186
34 1.338631796224206
34 1.205452613617103
34 1.808757976266974
34 1.560012156294729
34 1.146886361136131
34 0.886555009928996
34 1.984163849589539
34 1.788170573906471
34 2.753765973234980
34 1.351364135067451
34 0.898166323999543
34 1.773284073845770
34 1.141358633914568
34 1.410463273176779
34 1.669136014896174
34 1.717181150118808
34 1.988752688052730
34 1.265017581955703
34 1.117084188194986
34 2.130405345828026
34 3.517381223512791
34 1.382382123587721
34 1.732021939201776
34 2.093967882733817
34 1.590203229967621
34 1.626840434502886
34 2.629697612854099
34 1.571456177463137
34 1.601964666320747
34 1.960739431138973
34 1.924543830294749
34 0.921376679267859
34 1.366865816744285
34 1.751772713106210
34 1.119775736471808
34 1.693278370943684
34 1.063512406067599
34 0.815481145121013
34 1.180057678861205
34 1.217015098387304
34 1.997687508561376
34 2.434343621798483
34 1.568869923209544
34 1.360462045031469
34 2.706598380409788
34 1.032924970511125
34 2.877609090566403
34 1.886986235467981
34 1.339901496820114
34 1.710488916246709
34 1.013676740618124
34 1.803982445451628
34 2.004918596596606
34 2.547049554167725
34 2.314268335555708
34 1.075435842349021
34 1.341967228511441
34 1.126372816259904
34 1.871588273613986
34 1.362503293644314
34 0.908295192357329
34 1.442953023489734
34 1.897743684240684
34 0.954513169734430
34 0.901651009893121
34 1.897592464632704
34 1.433320881914699
34 2.199152159766404
34 1.431174880355836
34 1.152870816639729
34 1.501178801047150
34 2.459127129824553
34 1.612783021261585
34 1.330364111354413
34 1.055521382021721
34 1.689838789044704
34 1.554297923014388
34 2.325775318255110
34 1.047718780047895
34 1.007670555918441
34 2.276634439657978
34 2.018398825265399
34 1.710910626579738
34 2.869840001707390
34 1.578105244095628
34 2.077284466894226
34 1.708595695877714
34 3.047018922248639
34 3.936649977551257
34 1.229998188268298
34 2.066058970714915
34 1.715286485770299
34 3.226428380191817
34 1.145422667275616
34 1.570002099357716
34 1.481704865671540
34 1.741699413520847
34 1.670109729755780
34 0.806696196101010
34 1.358299618934953
34 1.773045726505594
34 1.115044192562081
34 1.332742729935059
34 2.567349336611821
34 1.097403047794759
34 1.632217577856874
34 1.748634801007489
34 1.294885378443291
34 1.099277940999745
34 1.054086826140660
34 1.714612414929946
34 1.734810509733355
34 2.052811329335175
34 1.329026586039281
34 1.453769712947919
34 1.825610496016426
34 1.815069361749837
34 2.895263994431580
34 0.839935349916617
34 1.286932128146658
34 2.320939656631396
34 0.852007743432990
34 1.771653187733516
34 2.094941228744705
34 1.045890012747538
34 1.691863313402672
34 1.971942846400802
34 1.519112597310074
34 2.185449041224573
34 2.025796463253518
34 1.373517905183887
34 1.061760624003158
34 2.092146214476791
34 1.304500472898781
34 1.554317105170790
34 1.681208081838926
34 2.703092290279415
34 0.850590203320897
34 3.329545671696730
34 1.852206728323690
34 1.965256678358915
34 1.821093857833433
34 1.226969370311459
34 2.091432322958137
34 1.878158257007415
34 1.152905829112172
34 1.999401520208737
34 2.783633345023945
34 1.288099006163241
34 1.479054209766393
34 1.366155458511251
34 1.126300947798796
34 2.281500005843886
34 1.566550402525812
34 1.333247535040628
34 1.515491252808196
34 2.782991407364073
34 1.287960843773708
34 2.443898774959159
34 0.867136724967571
34 1.077868621720534
34 1.501598604991688
34 2.679016299722490
34 1.241483159754239
34 1.198513762516211
34 1.578237770564099
34 1.546697691949984
34 1.299587693888803
34 1.659573072238001
34 2.023404027447127
34 1.235026422214867
34 1.023759157304588
34 0.867525744804452
34 1.943359391082624
34 1.095125745724702
34 1.733144135397755
34 1.975409411054062
34 1.289562214167010
34 1.934726902306265
34 1.865035164728320
34 1.687927820377052
34 1.564662719014122
34 2.517983567549194
34 1.946662710072248
34 0.982515054088147
34 1.809854069419126
34 0.947006365083835
34 1.551446304997320
34 1.608045826655247
34 2.586836252698683
34 1.203347697755651
34 1.021095047460876
34 1.353520145274639
34 1.447942429431131
34 1.553235081529198
34 1.783954042190270
34 2.463622095040697
34 2.079526296141328
34 1.456605050071828
34 1.648218580174087
34 1.493943863315150
34 1.530583436459779
34 1.624454160037691
34 1.091004990144093
34 2.291740774584506
34 1.857869684704344
34 2.696431384650716
34 2.397975103704185
34 2.316856362278997
34 1.441729534120102
34 1.549701424532478
34 1.930340391408116
34 2.240787181742671
34 1.565865971613515
34 1.851008792348805
34 1.452005349167265
34 1.560555223420647
34 3.160192107426383
34 2.382126098122813
34 1.099026264752302
34 1.179595204498971
34 1.526023006691571
34 1.338780368447511
34 2.760470642382546
34 1.348270793443161
34 1.471808194657191
34 1.723701301254652
34 1.387009654140309
34 2.009279776945909
34 1.122211894526683
34 1.761237200566249
34 1.069877131968351
34 1.201344546006549
34 1.193793159124597
34 2.132953444733053
34 1.568903205469516
34 1.365017677023515
34 2.229397947234262
34 1.305622980044240
34 0.938976540870269
34 2.441046940020131
34 1.423357945074899
34 1.812060237180216
34 1.417089701363694
34 1.624539372957768
34 1.503119757051457
34 0.882328483501966
34 1.485948036483038
34 1.967323039199599
34 0.485749960143759
34 1.907669626805186
34 1.825477229638492
34 1.433473403735378
34 1.282733744110596
34 1.578644347635815
34 2.587058723593864
34 2.048383285572505
34 1.700384321357983
34 1.595559812083370
34 1.452970234233755
34 1.097749339220952
34 1.619720388304975
34 1.950481981270937
34 1.647955348174536
34 1.397420168074692
34 0.903116229042928
34 1.292066587714817
34 1.508641625185695
34 1.821565984036791
34 1.563381998085823
34 1.031442376994118
34 1.291461865961009
34 2.700149004038569
34 1.175530782605316
34 1.269492932623777
34 1.644536374777909
34 1.210903175145331
34 1.175895304646939
34 1.190995651594268
34 1.522925002487087
34 1.442964133069897
34 1.036801737481000
34 1.318847240042756
34 1.422002969160421
34 1.099583753009422
34 1.165902965955278
34 1.532032148050863
34 1.290661697816780
34 1.809321507500639
34 2.343989025471406
34 2.068413753672800
34 1.989618860201129
34 1.596011748381197
34 3.287763655036204
34 2.797286943118771
34 3.163967525892283
34 1.192647273282824
34 1.726660599704727
34 2.431429153335642
34 1.729358935346627
34 2.278827328121615
34 1.311330790095116
34 1.553739673923439
34 2.176331375658355
34 3.258466445463040
34 1.633601641165323
34 1.579985684029184
34 1.310850239217510
34 1.684290629231833
34 1.418794602111252
34 1.338738123390045
34 1.175901422381255
34 3.039276191414661
34 1.275607506878494
34 1.272144925995337
34 2.339746218580697
34 1.089838299663742
34 1.655843189249673
34 1.547893858624238
34 2.286790266458339
34 1.443965316457466
34 2.849229012431154
34 1.264680259844950
34 1.913956371055255
34 1.911267382684228
34 2.376509433066619
34 1.359768020665976
34 1.121216135655320
34 1.016365058330090
34 1.256196987861764
34 0.934202526675806
34 1.259119447351469
34 2.391566799345071
34 1.344202448683718
34 1.484744194219486
34 1.444948229766037
34 1.380557394554883
34 2.182416755936147
34 1.205194113669402
34 1.477418286650686
34 1.948016826740223
34 2.209980407340162
34 2.270743693135547
34 1.512024801213800
34 1.011794416153264
34 1.012809452209647
34 1.247448311001897
34 1.241439434916435
34 2.141316771054465
34 2.353187150490161
34 1.307533079946063
34 0.895860194148492
34 1.405760588879137
34 0.814304120702911
34 1.229654166478831
34 1.859106141179846
34 1.359896492716196
34 1.779704033398338
34 1.815102041202624
34 3.143281339317959
34 1.741711879164322
34 1.316424827741841
34 2.344173046236193
34 1.691410725539877
34 1.710211796959117
34 1.240442512570120
34 1.731033182872443
34 1.107077102702603
34 1.658704341120993
34 1.978475170402489
34 2.104006349059966
34 1.349182458939652
34 1.471806101349295
34 1.746533132107642
34 1.175423381657631
34 1.462316666330937
34 2.882033115605132
34 1.797847042336057
34 0.871996193001840
34 1.627353077607450
34 1.979997930479049
34 1.908879247196872
34 1.150688152260344
34 1.950495142438735
34 1.167366206726246
34 0.992498902838284
34 2.130066115913394
34 1.837071421981742
34 1.816057915297899
34 1.751311356337436
34 1.501810425428875
34 1.023522063365954
34 1.892070311214781
34 1.334752596158648
34 1.581206755957510
34 1.390709677525042
34 1.830102404146041
34 2.283129591244943
34 1.177876820229812
34 2.980305452886558
34 1.326088466426899
34 1.093691569815230
34 1.466250952151351
34 1.937472768576539
34 2.423942148366110
34 1.656457250839408
34 1.220968412612044
34 2.180574332999818
34 1.584013730237867
34 1.508676747703749
34 1.176552833435346
34 2.010102507210566
34 2.037068125724890
34 1.211141728687803
34 1.790010267493745
34 1.182185107773474
34 2.616942989854498
34 1.490872236872015
34 1.018010419015607
34 1.361024654769928
34 1.481772665626952
34 0.906233755138015
34 2.143427649053915
34 2.314957269989982
34 1.299497701785088
34 1.052638169450238
34 2.036614515148458
34 2.215041647848017
34 1.628566163936681
34 2.460336077738039
34 1.172137567316149
34 1.110226486862517
34 1.503608719372609
34 1.143157691568724
34 0.979019260025224
34 0.751558739873492
34 1.662300133560272
34 2.939709432077802
34 1.049748773655461
34 2.281001991583279
34 2.093442295359264
34 1.296733584003245
34 1.900376683538481
34 1.693715422344972
34 1.227470156864348
34 1.385226143475262
34 2.013428426162035
34 1.102022136347028
34 1.160314695051275
34 1.052663578457915
34 1.013381992519444
34 1.864013976203493
34 3.027335204679897
34 0.997010440415570
34 1.750300364391418
34 1.867768440657240
34 1.509068235399001
34 1.852901246014964
34 1.911465639278839
34 1.374608450541186
34 1.239300512356626
34 1.265228427740149
34 1.555641349588594
34 1.674772694351154
34 1.587281806544449
34 0.973308019703343
34 0.942373748564715
34 0.828643685326898
34 1.645217251098220
34 1.366648322880652
34 0.927677702880158
34 1.622917927714598
34 2.256550030729728
34 1.270260905549422
34 1.667204157736730
34 3.088768455483276
34 1.653082361039272
34 1.718392707874276
34 1.181826630353024
34 3.318864596775281
34 1.934277629713320
34 1.359118873396792
34 1.867915784883466
34 1.320085820352529
34 1.374258985223693
34 2.097018507410193
34 1.198490994487761
34 1.328855624325139
34 1.087807663075770
34 2.835262839441897
34 1.611912625771207
34 1.874403719857022
34 1.003370959305932
34 2.852350753996216
34 1.017237231525449
34 1.251391059787221
34 2.383830141590102
34 1.798487090928004
34 1.292856291624982
34 1.351953236417685
40 1.807789611257093
40 4.425732407948045
40 1.772174530465323
40 2.926538704795991
40 2.882417502822079
40 4.285147708299615
40 3.183432785070643
40 2.417285278166187
40 3.739647955887866
40 2.526706763766413
40 2.218945078190017
40 1.792477660453943
40 6.220648517966018
40 2.961115209777324
40 1.948381745000891
40 1.684122239517762
40 3.216179183674388
40 2.175126830930562
40 3.150310440722119
40 2.586468533958119
40 2.967182313082546
40 3.375361845503141
40 2.847806498948934
40 1.884421310498583
40 2.809082080933859
40 2.184714592128408
40 3.145451570386060
40 3.286700070925061
40 4.240249473328433
40 5.995467547421792
40 2.532886578877044
40 4.088498401657136
40 2.730983117140086
40 2.783970437666413
40 3.108533174844621
40 2.314568557020294
40 3.911973401275287
40 4.528614272507541
40 2.556017996270215
40 4.642698011086990
40 2.617803380685519
40 2.116155727939546
40 3.723746926929904
40 4.505483892616585
40 2.027400801107030
40 5.193788872949057
40 2.283819853009935
40 4.411788141321445
40 4.714986186942704
40 1.490616020791430
40 4.156706835385459
40 1.609726120858190
40 2.780371464813661
40 2.709866214586203
40 1.560326102909382
40 4.235968903981359
40 3.281634477551988
40 2.837041167759545
40 2.620051839023061
40 3.813162228630361
40 3.675079955958804
40 3.754799810866727
40 2.410245159183560
40 5.152399576946879
40 4.049847460538329
40 7.002424982492325
40 2.818760944598687
40 3.478929966517372
40 3.528089049200874
40 2.005007289988420
40 2.316362290338121
40 5.180881710963529
40 3.499939852072278
40 2.789287650798483
40 5.129965906583775
40 3.183354462422683
40 3.245493608282844
40 2.515110961513729
40 4.580556104998111
40 3.586567257788879
40 3.025187472963133
40 2.994342312082070
40 2.956793593628900
40 3.793483478435988
40 4.784533487799279
40 2.920231512769440
40 2.551633700834678
40 3.083493640814266
40 1.953455398492824
40 3.362197510666276
40 3.094178072212464
40 2.358796455979524
40 5.014738590255845
40 1.930173109832912
40 2.547762346560278
40 4.213987474305171
40 2.610005218492267
40 3.512864160057934
40 2.533465474516374
40 2.569748120906057
40 6.342944206875432
40 2.834404204436414
40 3.986591430531092
40 3.160703491089091
40 1.768998555356092
40 3.497691384646723
40 5.759722039380696
40 3.861077424212290
40 2.357079957775492
40 2.671701441198783
40 3.589421107090787
40 3.410679702084898
40 2.991509480482318
40 5.978241599669480
40 3.852375864566945
40 4.228994731291676
40 2.615293142237293
40 3.475400232968921
40 3.840819619187593
40 2.863838340778568
40 3.292314681677174
40 2.750761690781538
40 2.487703844124566
40 2.260913429868552
40 2.019174564628893
40 2.048420645900139
40 2.163491940621015
40 3.359668457418245
40 2.198528962499681
40 2.238040992861203
40 6.474488006970800
40 2.069756469083364
40 4.156780057511503
40 2.427062897094248
40 2.130891645077314
40 2.858876333310217
40 2.399758545335541
40 2.323465811672715
40 1.799753006488434
40 1.196378262040120
40 3.189798285241514
40 2.515122611992750
40 3.028305663683620
40 1.859643669422130
40 2.097488718535665
40 4.433449355123102
40 1.790696081020055
40 2.678162938417069
40 2.921145130185226
40 2.918907533448955
40 4.245878468712684
40 4.154840064680936
40 2.564500196205916
40 1.874839744205289
40 1.819902667502033
40 2.067213708281587
40 2.312769152164286
40 3.394570020326087
40 2.510914341248884
40 3.534997033557716
40 2.996062685232523
40 1.830656437081277
40 2.515971516706967
40 3.928177882618565
40 3.244615371444979
40 5.812491383386922
40 4.525704254287696
40 3.364679142809006
40 3.981210791534274
40 2.858206433467851
40 2.082270129212171
40 3.467547277855997
40 3.391643647152144
40 2.479106390078989
40 2.914547446601981
40 3.955663502011980
40 3.926702398778461
40 3.109304593193983
40 3.902956961249837
40 4.289873285513531
40 1.783852325739820
40 2.210325427330767
40 3.982054598024369
40 2.336886154176337
40 2.610621147215888
40 2.607253941166492
40 2.707587876344795
40 2.195758905364696
40 1.535977951184112
40 2.076376023209619
40 3.255888009064494
40 2.423646168242197
40 3.128484850479630
40 2.152533240175549
40 2.349513220918885
40 2.364497710947978
40 3.653225570344189
40 1.947868195678596
40 1.947574147392491
40 2.808219502795410
40 5.731085918873108
40 2.421779550852612
40 2.703049171442110
40 1.844574314024049
40 4.962258266920072
40 3.689217799603024
40 2.363929567611418
40 2.865901787557185
40 2.301791682867574
40 4.319121716441067
40 2.893136263865784
40 2.155780421309506
40 2.967796404540167
40 2.127237000531310
40 3.095676127877335
40 3.157969496159501
40 4.077131987179989
40 1.934298817124333
40 2.314815489660935
40 2.174047440268797
40 3.079540395894588
40 2.098028402162168
40 1.864169748202690
40 4.025048403845421
40 2.796731219254035
40 3.109825841889513
40 2.516287390284413
40 2.564290035114706
40 3.519976378430345
40 4.017181613268981
40 3.543761760722158
40 1.763016650427824
40 4.888866115627198
40 2.364323588401236
40 3.010608004211647
40 3.411452956758285
40 2.213076741588282
40 5.675054472687337
40 3.085447433560661
40 3.763818436618678
40 5.517609552454799
40 2.163545826022240
40 2.864834389665959
40 2.350890268435178
40 4.060567168115918
40 2.801824047416586
40 4.296779209774725
40 4.644944023166905
40 3.667159803581079
40 2.842220958918160
40 2.569950768828830
40 4.592511797626266
40 3.491762050541322
40 2.184756630339757
40 3.433945970947175
40 3.153794687292115
40 2.697200303700201
40 2.113549392211258
40 3.299728098802429
40 1.615358113109557
40 6.300772373127824
40 2.199202927356286
40 2.901637725721059
40 1.836688479197860
40 3.034852542156314
40 3.716090340921564
40 2.089182017421031
40 2.748428054802973
40 2.341737335727242
40 1.879094459108121
40 3.543838312676748
40 5.277946588430972
40 5.293741076712885
40 2.836916966227983
40 2.054606158245939
40 4.386980685408869
40 3.117374650664004
40 3.440037279846324
40 2.712177875461306
40 3.771818011072419
40 1.924417470540167
40 2.332419342704327
40 4.899128796282715
40 1.535094942747896
40 5.522497499340234
40 3.236787238297330
40 2.526540097198835
40 3.750214327887689
40 2.504193884368039
40 2.870047145379679
40 1.701739494522847
40 2.401178639056438
40 5.775606993941663
40 3.208965454969946
40 6.235730337466240
40 4.789661437504561
40 5.172016640870639
40 1.840625134787158
40 2.401147019588496
40 3.836324458284826
40 5.365770893860839
40 1.786394517389716
40 3.482456399618519
40 4.989066896380557
40 3.744143426503189
40 2.034544209929925
40 3.801962510289185
40 1.892682253045717
40 2.710156835501788
40 1.426311818812930
40 2.716457711430714
40 4.569032571223795
40 3.514948860140608
40 2.297997634101002
40 2.766819830562021
40 4.990141981839102
40 2.975906091917615
40 3.054864411670158
40 2.837800025866880
40 2.981903618735490
40 2.552130387476822
40 3.467483818849668
40 2.340503075309369
40 2.589118559826192
40 1.852052418950006
40 3.199381806103704
40 2.913105369916485
40 3.820222942961797
40 3.804645504663766
40 3.608618619744570
40 3.291436541926615
40 5.297423738693757
40 1.892354082909272
40 2.964827704949784
40 3.555299660285959
40 3.913352964445524
40 3.238076096314783
40 3.304432164772592
40 7.914382389766477
40 2.911509472148195
40 5.135751158887489
40 2.849050372922692
40 2.923642670130851
40 2.249924959751254
40 2.874874275617929
40 2.664949072666230
40 1.971313488507278
40 7.561055397578878
40 2.301246149661935
40 2.012313295736359
40 4.216780817594783
40 2.276959830671730
40 3.449542335336220
40 1.753637700009611
40 3.251186476808154
40 2.567708976868920
40 2.970624844866582
40 1.941300237191978
40 3.294151038876743
40 6.096231185670710
40 2.354910029815085
40 3.361520678365952
40 4.078602333599340
40 2.236052526594959
40 2.117182360520227
40 4.511949124995893
40 2.544942790283155
40 2.785704029977008
40 5.497694875359254
40 2.351136520053437
40 2.354421610155063
40 1.942260717389984
40 2.459888036348250
40 3.243507025898639
40 2.825360067780593
40 2.606586213826201
40 3.414603112708814
40 2.950481147782679
40 2.799635985692298
40 3.451082687463590
40 6.786086973080581
40 4.873448054660382
40 4.293122154837720
40 2.505545170860382
40 2.544709545223682
40 4.358217186947797
40 1.963154548933129
40 4.687991214832680
40 6.010320169445056
40 2.428407033348641
40 3.285610021476989
40 2.925284599118427
40 2.173327497697414
40 2.848863156423072
40 3.349409576833354
40 4.360044576351266
40 2.156870579220573
40 2.659034976956930
40 3.576952664454133
40 1.546996381515489
40 6.053252696252953
40 2.364930520692774
40 2.319037584880036
40 3.473658955384485
40 2.468716273433857
40 1.993839817457285
40 3.172186840125692
40 3.377287070408991
40 3.097373227403236
40 2.399430909895468
40 3.312486428223163
40 2.142902980001695
40 4.922763682277990
40 3.719993632602740
40 3.522413580840393
40 6.014675105416964
40 3.973199655467168
40 5.065668424111703
40 1.528756188911117
40 2.353338408758871
40 1.786975957795683
40 2.631026296075996
40 2.450833911743354
40 3.103765795328684
40 2.739812110743456
40 2.592385818590616
40 3.339978867945552
40 2.897122549348454
40 3.666304124797792
40 2.216788150977070
40 2.865240254567199
40 2.177271647722499
40 2.569227210225518
40 3.383175010516269
40 4.505309735764609
40 3.363547473692742
40 5.806318634293520
40 3.460417744278013
40 1.830724627360391
40 3.680913451999889
40 2.641691676964840
40 4.976857716256374
40 4.644673352138732
40 3.288777445317757
40 4.224681843075913
40 2.049215461667915
40 3.079016228265894
40 3.567135397348748
40 2.296885572814935
40 4.263690568689408
40 4.150370516806722
40 3.154332567469060
40 5.060334816457541
40 2.784685225341089
40 2.522349275170360
40 4.028953966950029
40 2.432563385457174
40 3.489066916233275
40 2.291254598581510
40 4.744674898359856
40 2.501496305889732
40 2.576125453222589
40 2.390338658019255
40 2.962369427270115
40 1.941157196412322
40 2.023138802076284
40 2.899964896920352
40 2.585492041561471
40 3.156936656504062
40 1.842710163737754
40 3.960972515435868
40 2.976081450615450
40 3.694062865426382
40 2.687633910370087
40 3.273706685168876
40 3.086106597145399
40 2.418758877256434
40 2.660444792048633
40 5.985438544197186
40 3.442450133072449
40 2.966267281938322
40 3.885556649409830
40 3.762685440444964
40 2.609374508687639
40 3.427194069530538
40 3.803508211352563
40 4.319866333729482
40 2.897043948179633
40 2.957099341796424
40 2.709460088284928
40 2.651536068022864
40 2.214826864225389
40 4.255537636192044
40 5.337597636472721
40 2.919886079359563
40 1.622050301986418
40 3.724103066409908
40 3.639263857222794
40 2.113291267100005
40 2.386767389370902
46 8.318891862847650
46 5.410017962975632
46 5.393586338103615
46 5.561470698994709
46 3.037484977412157
46 3.118014933596745
46 7.836969018767695
46 5.373606083538141
46 7.192394844897885
46 4.578749078602962
46 3.481533913530966
46 5.104568225449112
46 3.298990751789080
46 3.107909893698086
46 3.345282768712418
46 4.534655100429855
46 4.264223918473569
46 6.890858379467262
46 5.444244208174095
46 6.743704495859301
46 7.948314732169563
46 5.420551761860134
46 4.737383474685147
46 5.863376293762632
46 4.885809357386246
46 6.861986091988207
46 7.959973827942545
46 5.820613724929946
46 3.272553149126098
46 5.034389875616851
46 3.041671042158383
46 3.416651508304501
46 9.751126453113653
46 3.937811650408703
46 7.949225574654054
46 5.712856117923174
46 9.181041531400989
46 3.384327015775337
46 9.940535442225197
46 3.373334362687745
46 3.141184348384382
46 2.878830793998759
46 5.557384347800752
46 7.138135972442743
46 9.931927061395449
46 7.693479870442636
46 8.182017250802609
46 4.957843095581029
46 4.912689774601188
46 5.744541038360335
46 4.041213077845660
46 5.048878429051472
46 5.855578980825001
46 5.684423314512664
46 3.207958405128692
46 5.692437694678786
46 7.132676550372086
46 2.978898042730361
46 5.791264833007182
46 7.669581906020741
46 3.989336799165397
46 5.418963646948892
46 7.941745785063104
46 3.738079831077503
46 4.236161831289197
46 7.173504552377936
46 5.621517789324619
46 3.366550256015401
46 2.834998990449391
46 2.760349472295447
46 4.958826320173673
46 7.463339500225525
46 5.083152142612138
46 6.515841904957780
46 8.356289141338735
46 6.445223289107773
46 6.441047131873826
46 5.734652364244162
46 7.103716790600838
46 7.888939064837387
46 7.866824207006844
46 3.796261818085966
46 6.059848255838856
46 3.300529934270836
46 7.569224928952076
46 6.373387838751304
46 6.327474861456966
46 6.795416425836490
46 3.589293142009717
46 3.411794444139122
46 4.617961214448986
46 6.136946815688145
46 5.662534363251747
46 4.382618497107069
46 7.250434082279303
46 4.655565876756082
46 10.476774301199544
46 3.862197692339095
46 4.960895965937198
46 6.216912292759749
46 3.543667820738258
46 6.438173377418666
46 8.195780855121789
46 2.778957391164123
46 4.935004701355907
46 8.224946553712329
46 4.247078700983587
46 5.308407207236733
46 5.667551588132886
46 6.036554442769097
46 3.759340556986872
46 7.062169568925666
46 6.627880222843849
46 3.316941730726525
46 3.906972220066357
46 5.618317827049693
46 7.938667339115215
46 5.128186824042632
46 5.554428622409943
46 9.883954696885406
46 6.165748310227775
46 7.672773802172927
46 5.507118324789101
46 5.873754507714773
46 5.515350280005351
46 5.048843892695316
46 4.936832747262648
46 4.438273606463826
46 4.998921054735377
46 9.498382122850023
46 4.706568916654343
46 8.233215838883869
46 2.843021360825374
46 8.324995073518785
46 5.704458791915757
46 6.447236049672963
46 4.517559783158892
46 4.157533350971920
46 10.391899410337384
46 4.647517416464106
46 3.643141642134610
46 6.854288465503077
46 8.684161220479675
46 10.845009099010406
46 5.611535239273877
46 6.025695177968595
46 4.028714637662762
46 4.068404444677991
46 9.124386295112755
46 4.778161964663084
46 5.472450801491779
46 2.641545611457018
46 4.653833399748470
46 5.917860832312880
46 3.965260664753372
46 4.359438878045669
46 5.231069187955805
46 5.955314259044786
46 6.202531586802567
46 4.724721987702151
46 3.455975851284734
46 6.243707989820467
46 4.851791113432437
46 6.206553704365670
46 3.440466473596214
46 7.778572041369192
46 3.477074506033065
46 3.413946471246605
46 6.841907254129372
46 7.078588449911898
46 3.369369149176787
46 4.481477252301833
46 7.328613829962326
46 7.870150140687586
46 7.167529533463398
46 5.295511335785317
46 4.171433994759159
46 2.778892403617281
46 5.993654361911384
46 6.819076137335299
46 6.831148823628379
46 4.125019290155371
46 3.648147512638602
46 4.331713646446772
46 5.409092324047498
46 3.744408398046480
46 2.313275138040355
46 6.627599171264995
46 4.966637063916925
46 4.053541321005462
46 4.534286401133133
46 6.728321092397613
46 4.839338067987594
46 4.418732018949555
46 4.128499225295139
46 2.485455920668301
46 6.008184834738454
46 5.980218645068302
46 5.808542546792690
46 3.341663826237061
46 4.644701989768135
46 3.842151264050509
46 6.761072685170102
46 4.797141932713295
46 4.992821683415524
46 3.783450563405893
46 8.282489566104111
46 3.672056647384983
46 3.897856010296826
46 5.421476793081888
46 6.218892484006982
46 4.443990011398661
46 7.017842493277687
46 4.835957245655270
46 4.266991382064063
46 6.735932441294216
46 4.766671441751968
46 5.221137420344503
46 4.973885607819860
46 8.152043648201730
46 5.213309849788446
46 6.427080373762157
46 5.636870985634403
46 7.071769151810246
46 6.248790803919429
46 3.685928854759910
46 4.450986813873403
46 5.387292885758137
46 3.401482100294055
46 5.454651530814179
46 9.793093055788127
46 4.957850192316663
46 4.400242374983615
46 5.303766225171646
46 3.664337712396932
46 8.480938424402567
46 5.230666923335566
46 2.357780032000991
46 3.236832870872740
46 5.353590004653030
46 3.538644766648356
46 9.589113312054405
46 4.357121938507247
46 5.961663451314434
46 5.803239321538736
46 6.902280954359256
46 11.833150587498505
46 4.203912811430682
46 8.824657828220815
46 4.381044541406599
46 3.852518733890785
46 6.005045110070349
46 3.501952090047754
46 4.594373406514075
46 8.520474010825524
46 6.300680310106541
46 6.052258107831152
46 6.773402062484742
46 4.933695395544205
46 5.132261071337529
46 7.818964689754236
46 6.514172017818322
46 6.153152398449901
46 3.874155200747522
46 3.207837101218529
46 10.108414345712649
46 4.614612492731753
46 3.760025189941995
46 8.095066800759005
46 7.626092626100073
46 6.050736066826361
46 6.983259009691248
46 4.703705983940095
46 10.398249282792774
46 3.476332909198619
46 9.492503994739209
46 4.310338179274102
46 5.577529099186521
46 3.819324638840786
46 6.756837795715201
46 4.020641922106213
46 3.861243960941675
46 3.794366851539182
46 7.157374158965465
46 4.006076646775201
46 3.116657703858701
46 3.511537105753344
46 5.631631568659887
46 3.837212577428346
46 5.257267607662004
46 6.397209963433266
46 6.084488556383084
46 4.321225036772333
46 7.281412844541028
46 3.484871628117846
46 6.506190455941308
46 4.815699258677727
46 3.497190045534755
46 8.257935275680593
46 4.597725294834662
46 4.743053030597059
46 4.112011759026739
46 7.227749730778217
46 4.553950355834367
46 9.870040331866800
46 7.288889767217063
46 5.130016902217590
46 11.949881972473685
46 4.862242610172261
46 4.110005868017733
46 8.526087350005374
46 5.994034247773862
46 6.306690307096589
46 5.905157183431901
46 6.429202420376354
46 7.923780259167894
46 9.400066170937862
46 4.415709590504671
46 4.747297753499088
46 10.372055358395976
46 5.129899690641240
46 5.730040317618959
46 4.977626160315556
46 5.322743071028410
46 8.614640504529508
46 5.149296126136636
46 7.879678116329668
46 5.386005114302154
46 3.791888992861886
46 5.890254890371492
46 7.305513571405177
46 5.138002698119696
46 4.847330434344256
46 7.205864785074415
46 8.808598711934129
46 5.829771883528823
46 8.478522678779068
46 3.781820514090130
46 3.261393577708332
46 5.723325304289878
46 6.584357654148788
46 7.601622809457848
46 4.917448215870912
46 9.887642380513263
46 6.502846051899398
46 10.026180754704946
46 3.031934481670289
46 4.005151504649901
46 6.982314194637742
46 3.893911623918600
46 6.157854622483194
46 5.693419407137205
46 6.864936978276837
46 6.766593081356723
46 4.414124573160889
46 10.106140681897445
46 6.181369113602088
46 3.239100142011062
46 6.006544514431330
46 9.112561126466039
46 3.557638094748649
46 3.987045733955021
46 8.224887132407131
46 4.736406605958043
46 4.458295431815680
46 5.124082331988029
46 7.018135435552953
46 4.641188821146502
46 5.784417736284260
46 6.460969186485046
46 5.061339233769538
46 3.947325133602560
46 7.809282346582712
46 7.060452135989369
46 5.191520457400265
46 3.472685513093708
46 4.191259345886420
46 6.792120715703476
46 8.835748076660161
46 6.699551236791132
46 8.631874412687603
46 4.011022913284128
46 5.259493139726811
46 3.196061744620277
46 3.613136590957625
46 5.100775114810180
46 3.986725335317517
46 4.569063280875773
46 3.900000495859993
46 9.406762358848995
46 3.932355906778410
46 4.566631562001294
46 4.502384820208598
46 4.669661969951423
46 5.769954171217355
46 8.190197317422562
46 5.268240881591330
46 5.189971010649134
46 10.484589590730870
46 5.952899038857328
46 7.065675183166302
46 5.150312649296438
46 5.478517921001931
46 8.458710530256759
46 5.576739596294590
46 6.254754466402060
46 4.744028651117406
46 3.832903805520279
46 8.261630339245549
46 5.133236953182075
46 4.332215370585735
46 5.568625556401953
46 3.976066773986485
46 2.881913355094775
46 5.551722687655586
46 7.113644613083511
46 5.000271489018587
46 4.553970475962118
46 5.738062718780553
46 4.252321693599280
46 4.738937876676086
46 3.583239423326675
46 8.490923063657547
46 5.108919570659304
46 6.825845584081821
46 3.968405220639156
46 3.155602369480320
46 3.862118952184361
46 4.909227877885552
46 3.893836570678727
46 10.513077424202550
46 6.312326186305619
46 3.463201033277849
46 6.827950045508536
46 3.852441141289966
46 4.581377184722561
46 9.391487098676823
46 5.642362779777849
46 14.489645621584657
46 6.906859379184045
46 6.569534152575105
46 6.647871494608944
46 6.671560877196359
46 7.587508513421827
46 7.717137333141523
46 6.681938348550181
46 5.981424619708928
46 4.196979542172346
46 5.703942020429899
46 5.945424591790528
46 4.058700787961824
46 4.480460990988930
46 5.595302979875562
46 6.814006441677327
46 3.117613141780180
46 6.261691896578980
46 6.585904886472028
46 4.540474786048747
46 3.987785034394571
46 3.218471944015572
46 5.066035617364738
46 7.659062193869411
46 6.209686753661126
46 7.763605700019387
46 7.041260684739044
46 8.207207254399341
46 10.133725481698983
46 6.698002279242481
46 6.296665815135341
46 3.543365494982590
46 5.494276647032041
46 8.167428747661788
46 5.264997812078957
46 3.866250198408671
46 5.213692977968250
46 9.608508962351076
46 5.103751083797960
46 3.738792211550654
46 5.100867329984811
46 3.903400166830657
46 4.281998209655247
46 5.281738132293573
46 3.860527145315257
46 5.383330145218458
46 4.528573051553817
46 5.611945429031381
46 3.660282253592940
46 5.831106377662399
46 6.303841991006528
46 4.382393770652282
46 7.994964091630747
46 4.561158612760742
46 3.869708310190783
46 5.395052612647001
46 5.983271915622522
46 5.398798222050196
46 4.625073701468362
46 7.646673317044126
46 6.301900756795251
46 3.844507406126197
