10 0.037633780877198
10 0.019922196412560
10 0.018775219160524
10 0.012962486931757
10 0.035067570867494
10 0.021312990592858
10 0.009538451457710
10 0.038511300083417
10 0.025338137588776
10 0.014339110013101
10 0.012522507612977
10 0.014966677762156
10 0.019579327925112
10 0.022652354804951
10 0.010842811761364
10 0.018641352611071
10 0.009550603691479
10 0.017690785791446
10 0.013267303564813
10 0.023026495964525
10 0.017580862420615
10 0.013330793992017
10 0.015174705982151
10 0.011923006734008
10 0.009545798756920
10 0.012078634899364
10 0.021459317744613
10 0.016023006900206
10 0.019040291355962
10 0.032227087639789
10 0.029138574768477
10 0.024367633736775
10 0.013271040659900
10 0.016896770941674
10 0.011422472851716
10 0.012276572692870
10 0.011046906666828
10 0.010779332657318
10 0.014765396065414
10 0.010478645486879
10 0.018660824044588
10 0.009560571756825
10 0.010378538854852
10 0.025177973379723
10 0.020431649368441
10 0.013294658098473
10 0.009397142693847
10 0.022631279230897
10 0.028081370138994
10 0.019164749773708
10 0.021557779837803
10 0.014273989020774
10 0.014661611310275
10 0.023412544423238
10 0.015880044622180
10 0.013948583127043
10 0.016181315424931
10 0.010599524969535
10 0.021934644208046
10 0.013100021826541
10 0.017377940745126
10 0.014465095202083
10 0.010281744739866
10 0.025841645723842
10 0.019824642048714
10 0.014774532256135
10 0.018135825650516
10 0.015871396863389
10 0.011811213707626
10 0.024705861272981
10 0.018591219539159
10 0.012311426852702
10 0.018872646366385
10 0.031975126860667
10 0.012149445282376
10 0.017949649781659
10 0.017065182283780
10 0.010210673181465
10 0.013917306299600
10 0.038578084419777
10 0.014747422901157
10 0.015873782207214
10 0.020814502868876
10 0.014684895977734
10 0.018637647320534
10 0.022657088514051
10 0.007267488865119
10 0.014258007943411
10 0.017065312521363
10 0.021403003598826
10 0.026949399552437
10 0.007550163353335
10 0.020053662465106
10 0.021512478721951
10 0.017392223509605
10 0.021169225635269
10 0.014490942085312
10 0.024998088242236
10 0.023879084257429
10 0.015460468280144
10 0.034200826978661
10 0.015605633548634
10 0.010858879316285
10 0.015289057001960
10 0.012282039278050
10 0.042229272842820
10 0.024989358586071
10 0.035856874329940
10 0.018924168142314
10 0.024764067368433
10 0.034802957351527
10 0.020425910810068
10 0.009644260190038
10 0.035183304839991
10 0.027987691691026
10 0.012042268510797
10 0.020131513115213
10 0.010555040911430
10 0.022703287633219
10 0.013278731124206
10 0.016691260002269
10 0.019967854779416
10 0.029075115288640
10 0.011039476165361
10 0.021262107256570
10 0.028044940772683
10 0.019942432603286
10 0.013095326892468
10 0.012297407819850
10 0.018632510654482
10 0.025098101003095
10 0.025248444242361
10 0.018623869343599
10 0.008515985641662
10 0.012929450266656
10 0.019649796685069
10 0.018871642924837
10 0.012258226911678
10 0.027665336760959
10 0.024758797485468
10 0.015897846701970
10 0.012345658254059
10 0.020951630735113
10 0.014408942711639
10 0.028047757787595
10 0.025528436751809
10 0.012250221211416
10 0.032828883020775
10 0.015135882433928
10 0.029498210885305
10 0.011108254460747
10 0.022539151007305
10 0.010511382161447
10 0.016167132325045
10 0.029750939588919
10 0.014637792902706
10 0.032281963427291
10 0.009193704315977
10 0.015668329290220
10 0.021599696936149
10 0.014569973620370
10 0.011269970709558
10 0.028258253837198
10 0.016219684222038
10 0.012401361521796
10 0.024443382446610
10 0.008047380883207
10 0.013115696589569
10 0.013852392481704
10 0.018453831136001
10 0.015432289616289
10 0.014973654411085
10 0.014081376744433
10 0.017383284297323
10 0.018948455628994
10 0.018564888289928
10 0.013592299154578
10 0.032719730906594
10 0.012148509353892
10 0.012261129804596
10 0.018123473734603
10 0.020468056726694
10 0.025198222445504
10 0.023059143356305
10 0.024900408950373
10 0.009401957746296
10 0.007840266727439
10 0.026121911281342
10 0.007737842404123
10 0.013910993254487
10 0.014059130141922
10 0.013536845094173
10 0.036533525671523
10 0.028242535182860
10 0.015996450931505
10 0.019610850700241
10 0.019290444238828
10 0.012127329710363
10 0.017787205210835
10 0.017417221150894
10 0.041955963440475
10 0.022095855934381
10 0.024449897117126
10 0.016922116618929
10 0.011548352191999
10 0.009873356043689
10 0.026838772528380
10 0.016446196015554
10 0.022291303312815
10 0.012340254801215
10 0.016641733631608
10 0.009252805137095
10 0.018517537602521
10 0.023346991229796
10 0.011944112969851
10 0.022432586825626
10 0.015837446255696
10 0.016020418444720
10 0.011225740242535
10 0.009020983466298
10 0.011479252360710
10 0.013023417824611
10 0.016714642510347
10 0.023087977815347
10 0.011677031724637
10 0.029758880523650
10 0.011453385735473
10 0.017282174695726
10 0.022481998766117
10 0.019375170512001
10 0.015218525227724
10 0.014408386741714
10 0.017465955220078
10 0.027432278781133
10 0.024450090149301
10 0.019358941413826
10 0.015909463377147
10 0.015779161699471
10 0.022729268470879
10 0.010180332046093
10 0.008870178663751
10 0.013222199817759
10 0.012105188268893
10 0.011117743409006
10 0.014380297653239
10 0.014666829264269
10 0.014657617091539
10 0.011726416392515
10 0.015646256309348
10 0.020899586066992
10 0.043258649415855
10 0.012343777870053
10 0.015438530434468
10 0.021214313035748
10 0.020035599303000
10 0.020627966049898
10 0.027353526494721
10 0.013680958113364
10 0.013622724514188
10 0.010012835461429
10 0.021382995697530
10 0.016305543567216
10 0.017122451421152
10 0.011780366309407
10 0.014918500972970
10 0.010083260632813
10 0.009068430980119
10 0.025211034351238
10 0.025128278147681
10 0.021634133747869
10 0.021351115179209
10 0.024487145745896
10 0.014880569059948
10 0.013662680926808
10 0.011071312120019
10 0.016150169813239
10 0.019969732058640
10 0.024920556464249
10 0.016492722793447
10 0.025336541296683
10 0.032278574954799
10 0.025859515776185
10 0.010385481276982
10 0.033084981458773
10 0.026327421706083
10 0.016904868795536
10 0.022918428460972
10 0.015636973150851
10 0.014640679821284
10 0.021124240209476
10 0.016336404762081
10 0.023480000141017
10 0.023773569120097
10 0.022741761648192
10 0.014783407168279
10 0.015572279799422
10 0.016167127037229
10 0.027144591669707
10 0.029124012403972
10 0.013408166494175
10 0.026677144296527
10 0.020705039769639
10 0.012273269336352
10 0.017875517493975
10 0.016931551661035
10 0.014882007031116
10 0.011773760169853
10 0.014820190953565
10 0.021321482568714
10 0.014502013049126
10 0.014382460212073
10 0.022907754553323
10 0.017476813113242
10 0.007538619484208
10 0.012289662304945
10 0.019733635896027
10 0.013756238589079
10 0.018760465393641
10 0.018946098340600
10 0.021430340090880
10 0.027371733549759
10 0.010576175120275
10 0.029748340919971
10 0.020635734079491
10 0.019457653492719
10 0.017183059166149
10 0.010375403947501
10 0.030657754168095
10 0.009337944164979
10 0.023415359908052
10 0.028844741566932
10 0.013366854342962
10 0.016499729762205
10 0.014857375013397
10 0.013226966969323
10 0.019349126517482
10 0.017510717072619
10 0.019949765662934
10 0.019188531146128
10 0.015766153183495
10 0.010918785333292
10 0.025846353266470
10 0.014424148793152
10 0.023953299625712
10 0.020421733678316
10 0.017964089781617
10 0.015582047492783
10 0.020487916304841
10 0.020517857717368
10 0.010550656839556
10 0.028422882517501
10 0.010168614930303
10 0.022055974991180
10 0.012139431363152
10 0.012354678329266
10 0.021407471651346
10 0.015903556308077
10 0.026296607412602
10 0.015583830272106
10 0.025083204114286
10 0.012237337427737
10 0.015114376593595
10 0.023469626335900
10 0.009453099984747
10 0.027482224354598
10 0.023701843058890
10 0.017055277026607
10 0.024124482027234
10 0.011690849178268
10 0.014546991052003
10 0.015415314534689
10 0.018901515937895
10 0.009030439564274
10 0.013593216424199
10 0.031023225074640
10 0.010207563340096
10 0.013061591571283
10 0.011591793254824
10 0.020117099621499
10 0.021323345018879
10 0.015441688529307
10 0.021737566514372
10 0.013260635044978
10 0.015189212891695
10 0.022677701098366
10 0.029916934248753
10 0.017583748429638
10 0.011653403682971
10 0.017380291869547
10 0.016197068906762
10 0.015235964229966
10 0.019644420472737
10 0.015644905093404
10 0.016017757335842
10 0.015789520508918
10 0.014377307886356
10 0.026338186075292
10 0.011764455999580
10 0.013553368672810
10 0.018230812269895
10 0.017089337064607
10 0.013171376768617
10 0.025250610587918
10 0.013163357663466
10 0.018995161620189
10 0.017164638690404
10 0.017231588789468
10 0.013819603238795
10 0.012471825165955
10 0.009237029984951
10 0.007781779725327
10 0.012547628661007
10 0.014578946105095
10 0.019206485163960
10 0.020622358177136
10 0.013258938396585
10 0.022344698894530
10 0.008810210732518
10 0.018143293378947
10 0.014131649759654
10 0.023208137402338
10 0.020639516484938
10 0.019634854946617
10 0.013467173611639
10 0.021711462111692
10 0.032660031513990
10 0.017747484438708
10 0.011878376200489
10 0.017172707146954
10 0.021048673251719
10 0.012220871544154
10 0.016310403049436
10 0.021895494195194
10 0.026884558618911
10 0.010006752509751
10 0.015813804560384
10 0.022531885832179
10 0.014220826095994
10 0.029212552003323
10 0.016176635712854
10 0.012115949376456
10 0.017112611213757
10 0.010141322959009
10 0.013863970919921
10 0.026545528675164
10 0.012453232498790
10 0.019692867844581
10 0.020338226686644
10 0.015877370711710
10 0.010161457637604
10 0.026031437584040
10 0.010600903648366
10 0.022777925016210
10 0.023999644630631
10 0.013383443197344
10 0.016786211130395
10 0.022237120880809
10 0.018471207011342
10 0.023906208683070
10 0.015872805337445
10 0.011219989854400
10 0.013862073593260
10 0.010865527681431
10 0.013171746344545
10 0.022800291035576
10 0.024746341456095
10 0.026537296511774
10 0.022448012179612
10 0.013951078489084
10 0.023015147506554
10 0.013161333138201
10 0.013096252283650
10 0.012788803689906
10 0.016018202615103
10 0.011499681372694
10 0.026742129313948
10 0.017301313703645
10 0.012277942912855
10 0.012827922988401
10 0.017493385998527
10 0.014526332003981
10 0.033339627499497
10 0.016687044396988
10 0.019830315845410
10 0.025400083580542
10 0.008666221929454
10 0.015611057883834
10 0.020646207793641
10 0.016074098637428
10 0.019438649412343
10 0.009507952572865
10 0.017533623759231
10 0.021218487943292
10 0.013651328831834
10 0.023778019174524
10 0.017499287136033
10 0.018882725954774
10 0.025347601633703
10 0.012764034889913
10 0.029906039944832
16 0.075299818104789
16 0.088210695723471
16 0.105937492618954
16 0.163354519037152
16 0.168329047859172
16 0.121965372194218
16 0.127232574027700
16 0.086612542201013
16 0.093275538591692
16 0.081208766443697
16 0.224627004801662
16 0.101629492220738
16 0.116175792148201
16 0.117325628429076
16 0.137685165203550
16 0.121731223603824
16 0.054387432691402
16 0.067335570861600
16 0.072316433486080
16 0.100500628939031
16 0.096778139238071
16 0.148655720398237
16 0.218289438342873
16 0.167050631839742
16 0.082428708298758
16 0.087074685119268
16 0.103752608805468
16 0.090721809154301
16 0.167347447142945
16 0.099119124117804
16 0.135042238716812
16 0.075950153196253
16 0.166885055960841
16 0.200147784634440
16 0.069640496052989
16 0.043414890428505
16 0.050040866750294
16 0.090123450186539
16 0.179013106469771
16 0.101334954225044
16 0.205847274646729
16 0.072799902023552
16 0.066968265646144
16 0.080481478593311
16 0.098212089599597
16 0.125533109257816
16 0.106571987013132
16 0.122501037718939
16 0.085471097993515
16 0.187420501891318
16 0.215545263187613
16 0.149058589234138
16 0.061695299923305
16 0.079551717093492
16 0.124326185406509
16 0.109948170559920
16 0.043429868168502
16 0.211908031370250
16 0.056522109465560
16 0.127304267266365
16 0.143240706183678
16 0.129590579531021
16 0.080130975125188
16 0.106387648738768
16 0.124074402425177
16 0.179401839867461
16 0.166851809518038
16 0.180559456824168
16 0.153391764929228
16 0.072923085422138
16 0.070998334511885
16 0.091219399734981
16 0.110837500769469
16 0.084505790980589
16 0.209845636851995
16 0.121355265462747
16 0.120269868226093
16 0.133270716116617
16 0.153258913367373
16 0.142326381379101
16 0.087390291692163
16 0.139663914821460
16 0.104324944531041
16 0.061466592561556
16 0.066213886360813
16 0.119966350741648
16 0.123756739967873
16 0.094691840766809
16 0.070014341882902
16 0.103095966730443
16 0.074447219169284
16 0.126923052881885
16 0.104645767765226
16 0.132361935123979
16 0.074075092455222
16 0.108500774843673
16 0.087912927541503
16 0.081091346563832
16 0.082052967933252
16 0.052160648978592
16 0.097261789359801
16 0.111032689202024
16 0.074157007257328
16 0.153015820969225
16 0.104553689629204
16 0.065882963905551
16 0.120495061843289
16 0.144348338442383
16 0.088636730796596
16 0.066913142481557
16 0.114645500255609
16 0.170540419797480
16 0.175910116159149
16 0.118749463502864
16 0.107337075863921
16 0.082047781816431
16 0.075921400936568
16 0.232273189696765
16 0.108156729685669
16 0.110295406390550
16 0.091475484138889
16 0.133597046866686
16 0.188534507046070
16 0.117412991611802
16 0.118838217941665
16 0.049948054618229
16 0.104640323691687
16 0.075632874847923
16 0.164655007459681
16 0.055885409151978
16 0.062295278952646
16 0.121615255544281
16 0.194637386222746
16 0.092656945677134
16 0.087797780802128
16 0.076285407508124
16 0.072968781185178
16 0.130610156633756
16 0.099307208081089
16 0.060227581948299
16 0.125737385403848
16 0.079241924630220
16 0.129263043692836
16 0.109407661095865
16 0.167355626344563
16 0.060575595829400
16 0.141408135160294
16 0.076893405106960
16 0.100250054222663
16 0.120399876085954
16 0.079640577978903
16 0.108536051071926
16 0.061489405743749
16 0.198319234950831
16 0.115350980597952
16 0.084661715658311
16 0.106052647907569
16 0.075728703403957
16 0.075193784560641
16 0.101007494239477
16 0.098222820876759
16 0.057971101207114
16 0.077039433712542
16 0.112557540839972
16 0.129592269343938
16 0.150277916847405
16 0.056373192268218
16 0.078424038785286
16 0.124697924493166
16 0.167778421559635
16 0.150015983405580
16 0.145152228450909
16 0.105339864961866
16 0.158399151077628
16 0.108572328736306
16 0.053390227217958
16 0.145037890165028
16 0.062004035944965
16 0.127828563858557
16 0.132354150155788
16 0.106373383291991
16 0.152151917537944
16 0.101465754168353
16 0.084321357848013
16 0.060532076588042
16 0.076580699307667
16 0.145642630228074
16 0.085052913913601
16 0.111013898655826
16 0.094043854549090
16 0.079536471488802
16 0.138301124145340
16 0.139216328248157
16 0.080356543389024
16 0.162604597102484
16 0.149609817597463
16 0.098743891544713
16 0.103389095668720
16 0.119322331807709
16 0.085544751277850
16 0.108333199809744
16 0.070552162657849
16 0.077616789139897
16 0.045616151331092
16 0.131677799655440
16 0.167115637548844
16 0.116775138609864
16 0.087013951619340
16 0.261896070112904
16 0.086374407758453
16 0.098508017898658
16 0.061975139426357
16 0.139320899661401
16 0.050712112451163
16 0.046326633241299
16 0.078079748384951
16 0.068671425919090
16 0.079184258868099
16 0.082698509427015
16 0.050547203855331
16 0.122026990779346
16 0.113265895376649
16 0.054556092442418
16 0.072062289357331
16 0.071010195189358
16 0.075052925331045
16 0.080124533826133
16 0.063754617346558
16 0.089220143307476
16 0.111473530973375
16 0.116406216748735
16 0.116307233703600
16 0.112062877503142
16 0.077933242503298
16 0.145312806617420
16 0.158613064576960
16 0.083332067826435
16 0.063786884435438
16 0.086577128679979
16 0.209289657806357
16 0.083463125953891
16 0.126434575914674
16 0.111931406006494
16 0.125803034823789
16 0.120682996048804
16 0.163137902815886
16 0.050017249426462
16 0.078451783049064
16 0.089173221207936
16 0.065106140699813
16 0.077705521636093
16 0.139209559877343
16 0.070647713698065
16 0.101090276323220
16 0.064299111077673
16 0.109530119643112
16 0.099110717470687
16 0.068222953216145
16 0.075463092942140
16 0.103624293258210
16 0.073737806205580
16 0.104031125941077
16 0.119217251386537
16 0.054887247925417
16 0.100960559795850
16 0.080096569731903
16 0.132321620198224
16 0.081980878685178
16 0.097146316019397
16 0.140094856741671
16 0.117709498596993
16 0.061734305060326
16 0.112959415486996
16 0.061405995039198
16 0.107346421012536
16 0.153625387149698
16 0.077444607822822
16 0.074448629926903
16 0.073647258406702
16 0.125775237626086
16 0.174716599247928
16 0.151015079786537
16 0.176285287871853
16 0.091854279409016
16 0.155564594740098
16 0.088593348008535
16 0.077369095108896
16 0.066032622174141
16 0.095837797017330
16 0.079128935758294
16 0.111262896511462
16 0.139585822357418
16 0.072562046049171
16 0.133251865035839
16 0.094838040364698
16 0.084262704206755
16 0.124657547626525
16 0.056457013132340
16 0.191376485464553
16 0.079570738429633
16 0.104667841288751
16 0.215224912716785
16 0.081946687679024
16 0.076605812923681
16 0.156016699105356
16 0.086179395511846
16 0.118408094781068
16 0.113956101648481
16 0.067675443906881
16 0.053516364622899
16 0.121565164457228
16 0.135890817348271
16 0.112121805012693
16 0.136937959611316
16 0.117104411473461
16 0.072568768304418
16 0.084055139207691
16 0.102652546893896
16 0.065953983580512
16 0.117702971447460
16 0.098256548733738
16 0.077767628244688
16 0.063310422372922
16 0.150930189438316
16 0.077595748126107
16 0.148228895784064
16 0.095747421462012
16 0.076999843371358
16 0.202811851336266
16 0.105061057110414
16 0.081201575113141
16 0.113741598872868
16 0.095969464473083
16 0.064649743348637
16 0.097491289376969
16 0.064625567412099
16 0.099250958382101
16 0.138743838060358
16 0.216787081718478
16 0.114898494140559
16 0.059857256689167
16 0.068832191264286
16 0.107474283141806
16 0.065773897231720
16 0.101692696757136
16 0.188544162465719
16 0.107843406284792
16 0.081963843767162
16 0.087415176543925
16 0.067625037679351
16 0.074932000681259
16 0.070370476489272
16 0.147569519024742
16 0.137732051765125
16 0.101865841357112
16 0.064150381543212
16 0.165911311910531
16 0.046679187302379
16 0.066120065540168
16 0.085439208941025
16 0.100766607611506
16 0.053596073897533
16 0.125868986358891
16 0.116080672801157
16 0.082013195136803
16 0.100685943869691
16 0.179812220348864
16 0.135314732439640
16 0.155996243428947
16 0.144862081668750
16 0.067976174780311
16 0.070655946572760
16 0.111549131182731
16 0.193962534332850
16 0.120432095762522
16 0.082248056473136
16 0.097119517760719
16 0.126261031948805
16 0.140494478376618
16 0.069260841066821
16 0.119103936961730
16 0.101130013106272
16 0.103582405260135
16 0.107235364304335
16 0.073480086857160
16 0.058507834096818
16 0.087234339489847
16 0.222310509675086
16 0.055152932773404
16 0.135676002227702
16 0.173703663058516
16 0.086307072371282
16 0.180818842215250
16 0.084784148766200
16 0.118319399638491
16 0.098387136250685
16 0.059808627939128
16 0.100855313074448
16 0.110566315805634
16 0.154963038396904
16 0.069234192437606
16 0.165554773369808
16 0.081042505397688
16 0.096857694725321
16 0.067913128072880
16 0.098461957661853
16 0.092129558065816
16 0.108088381468727
16 0.114440171162427
16 0.075812227364325
16 0.102916727980987
16 0.093484275655468
16 0.087780549048679
16 0.097013748128167
16 0.104573575624602
16 0.132439587506653
16 0.133871449970637
16 0.125311369908820
16 0.149718698081963
16 0.127394369914597
16 0.086638400706748
16 0.060762282753077
16 0.102959344783571
16 0.209644298720692
16 0.121862526883510
16 0.073700832224493
16 0.073561151194854
16 0.088579854385532
16 0.149441630609640
16 0.131454635174409
16 0.082365045159285
16 0.078209339027658
16 0.093901004895417
16 0.089384332265360
16 0.063991129514032
16 0.180521335253090
16 0.167196678963062
16 0.102743586539545
16 0.071181965925718
16 0.084245885828915
16 0.135983162803504
16 0.084536764841920
16 0.075359320964020
16 0.107092981446956
16 0.093669937703585
16 0.118653313949951
16 0.081365772464907
16 0.109129843018235
16 0.149403734836718
16 0.086576248361652
16 0.052178066001736
16 0.091382932078963
16 0.084824581612687
16 0.100912693824780
16 0.061632819079507
16 0.080956455616448
16 0.076888503923560
16 0.067246882942764
16 0.072282973343312
16 0.083322798040047
16 0.065635261202014
16 0.110354414071002
16 0.115189245883768
16 0.077545586448435
16 0.086661139297648
16 0.058868431375751
16 0.120387930879763
16 0.086829827638284
16 0.167941467708691
16 0.114722752429906
16 0.081334673549260
16 0.105719358436447
16 0.072464167282627
16 0.121923776648237
16 0.083943507969013
16 0.096612697396831
16 0.136948176883665
16 0.090683660510922
16 0.158913865972549
16 0.078006630981619
16 0.129599943492677
16 0.094590277358669
16 0.188723019399150
16 0.048986081152729
16 0.119215719632952
16 0.077365958985956
16 0.069349641627648
16 0.074883069615452
16 0.082957370456321
16 0.098592295974864
16 0.133074981109043
16 0.145863668557583
16 0.083989825994787
16 0.093825904021327
16 0.115497348435550
16 0.082370438532791
16 0.134196192143406
16 0.098780150606931
16 0.074439123928633
16 0.079801383374970
22 0.312087869788798
22 0.271243579851658
22 0.341928534537447
22 0.353259670030789
22 0.156937021105050
22 0.336648176274875
22 0.476697988677573
22 0.203149521906779
22 0.336286228769536
22 0.344600774281609
22 0.295237076761732
22 0.313106011655300
22 0.360855118974172
22 0.569256558956300
22 0.279666805947749
22 0.168315837809896
22 0.215420061390475
22 0.332160649632409
22 0.288690866496812
22 0.307772878013582
22 0.474900573077337
22 0.306196306625584
22 0.190819901622006
22 0.278940909995694
22 0.332476908406547
22 0.264884913493524
22 0.341338905488743
22 0.389756011191500
22 0.312250880739206
22 0.351066952232135
22 0.197145888418850
22 0.851985385751648
22 0.336088712489924
22 0.265811146034386
22 0.383542641193367
22 0.317533381906257
22 0.461667074681733
22 0.303544029975724
22 0.320830337165991
22 0.230482083798350
22 0.191998451033812
22 0.330200098365425
22 0.200784182650527
22 0.298908710404505
22 0.306620784255567
22 0.343890638292645
22 0.568150703399372
22 0.485748427462566
22 0.265662757700232
22 0.276736789177136
22 0.214282299424913
22 0.526460763459565
22 0.246427947635149
22 0.274747996666578
22 0.272662182587528
22 0.247249331658210
22 0.263096259698534
22 0.506964224689774
22 0.213156747288468
22 0.257159537108947
22 0.524208565137370
22 0.147772864718224
22 0.203266452113509
22 0.322088029600576
22 0.337733571733636
22 0.333298461990502
22 0.272942534267431
22 0.403540987891734
22 0.613491249400251
22 0.567077589670543
22 0.405928326117501
22 0.220403740717099
22 0.197824225516338
22 0.456841743459522
22 0.232426296764121
22 0.147446914425736
22 0.454887103905678
22 0.404185695683076
22 0.216559186859514
22 0.192124397121614
22 0.160880361177598
22 0.270472525133789
22 0.248694741023939
22 0.262766667323300
22 0.387696703003131
22 0.149597910028918
22 0.174096876744963
22 0.357973865536191
22 0.208193743624588
22 0.411403649135460
22 0.269917172192670
22 0.336181142557687
22 0.328952538568250
22 0.380470306991254
22 0.168238181754235
22 0.232720599670371
22 0.431483355144007
22 0.237403592074344
22 0.128029883070990
22 0.377947312256977
22 0.264687941602694
22 0.465342505849694
22 0.142578924283195
22 0.236533676794584
22 0.328543987606873
22 0.270543969408178
22 0.344266837924884
22 0.221019782444054
22 0.285736867267744
22 0.308803289891724
22 0.281861754084549
22 0.351764879963528
22 0.298340445526916
22 0.326816892124849
22 0.323535203227799
22 0.334808747676583
22 0.256696003967139
22 0.330964831712502
22 0.416264264074611
22 0.343548627051199
22 0.345690352395853
22 0.608368544445042
22 0.174283772700671
22 0.286199477402842
22 0.516680499793588
22 0.347370267840286
22 0.377871454131081
22 0.312478217282560
22 0.291543901234267
22 0.313347644130458
22 0.250430753177830
22 0.222443192804012
22 0.208122664533208
22 0.282872579209899
22 0.311555752051922
22 0.334486784261809
22 0.149458487715517
22 0.283882625200849
22 0.426509328153983
22 0.246151274595300
22 0.306464374360257
22 0.403359402183112
22 0.241955249440172
22 0.510151520361745
22 0.344474629288153
22 0.219167482866545
22 0.395783172373432
22 0.284857332228222
22 0.272659337003644
22 0.616352139847559
22 0.380007748575598
22 0.292836127322116
22 0.194548475477888
22 0.443025130446058
22 0.388944085541755
22 0.522308733852450
22 0.225891311089868
22 0.241071670028130
22 0.256435682082927
22 0.353327230164766
22 0.338483647399236
22 0.475717990350339
22 0.334967760957989
22 0.323675552163126
22 0.284978321085108
22 0.283734764494283
22 0.580130523858883
22 0.197495494747897
22 0.231452792111249
22 0.188595085681170
22 0.237046471965006
22 0.215666918437882
22 0.232065864641235
22 0.228960420124275
22 0.185388603402327
22 0.350252834319330
22 0.315179455046972
22 0.378241555933611
22 0.328852108363169
22 0.429766137157660
22 0.214926728863123
22 0.394796987434234
22 0.340261414603570
22 0.244089089252316
22 0.380825909362682
22 0.272843141302915
22 0.268489934281710
22 0.194547725009259
22 0.313733402998437
22 0.216105486818899
22 0.471818121467483
22 0.193312055034700
22 0.301507597069628
22 0.183851428013076
22 0.438468211487823
22 0.178316633453839
22 0.247066112103177
22 0.481532635398527
22 0.504595163579005
22 0.475277431306748
22 0.408432248963331
22 0.146961475201278
22 0.138877845721267
22 0.482749292899324
22 0.234554213832411
22 0.272142966540669
22 0.523428581854677
22 0.248549313847263
22 0.237890028006164
22 0.308341723207590
22 0.358207994416857
22 0.286730829881213
22 0.196351754281202
22 0.234941744149889
22 0.336704954842265
22 0.367510584296028
22 0.533860513197095
22 0.221906109680622
22 0.245188162221050
22 0.386663800100389
22 0.316688317106865
22 0.153220633550535
22 0.310352607282845
22 0.238866262779949
22 0.237211930831426
22 0.153286848451828
22 0.224564479446210
22 0.244653256571797
22 0.310016164853373
22 0.216801038141420
22 0.344116651249901
22 0.365685671571212
22 0.378236433630771
22 0.316273210770422
22 0.309949030977878
22 0.296537304034842
22 0.608557557952540
22 0.260596412731271
22 0.259897076466449
22 0.178506963200828
22 0.455015513618931
22 0.388629793311162
22 0.143330272911219
22 0.281878827126861
22 0.388645152427011
22 0.410361744480999
22 0.365264046383113
22 0.276800927544084
22 0.222055058275207
22 0.329405836623503
22 0.334934026350903
22 0.287980755192641
22 0.273778172668726
22 0.211163193534095
22 0.221424168647619
22 0.320982941852140
22 0.404087370584745
22 0.238095155572102
22 0.258653725812334
22 0.319458150191819
22 0.231069549136480
22 0.404685820417110
22 0.439859514575062
22 0.260260305466353
22 0.572729722959685
22 0.261785002041420
22 0.179981051331159
22 0.183241265046263
22 0.374055653840554
22 0.339313769578883
22 0.316045692761538
22 0.288924300959724
22 0.185315897192650
22 0.318747873740505
22 0.336858423946453
22 0.295257492027545
22 0.509785357376390
22 0.290079577933809
22 0.226271871502242
22 0.280512633835324
22 0.494981288136855
22 0.263599225728882
22 0.223901504393218
22 0.248171450309878
22 0.280868873366830
22 0.129433772736052
22 0.324203078774080
22 0.180123796112477
22 0.309262851450518
22 0.341366870900295
22 0.300158792699098
22 0.231433830096901
22 0.229091788477344
22 0.279575171051199
22 0.286802109196974
22 0.188322503844325
22 0.377791527511701
22 0.209271443633828
22 0.259583565785860
22 0.310497585479161
22 0.378780508362933
22 0.235167406249094
22 0.277503915730002
22 0.411786620426780
22 0.228618223776506
22 0.266372055211181
22 0.149462173224928
22 0.382788116907391
22 0.219825176791207
22 0.242789746811064
22 0.223527983344503
22 0.255720450321351
22 0.290953096224811
22 0.312719240079824
22 0.382943353758427
22 0.306906684663860
22 0.269446305240586
22 0.254598485931606
22 0.269259814040236
22 0.171995594880621
22 0.187569818322405
22 0.355109261335791
22 0.524691227244332
22 0.376346184531913
22 0.167277338289879
22 0.239255949557984
22 0.408279948645596
22 0.209412146052502
22 0.186800310831904
22 0.299776489829339
22 0.485012038554604
22 0.504743726438690
22 0.349537465600775
22 0.248187751155239
22 0.275416773522521
22 0.170025185744459
22 0.275636610552291
22 0.258114790284321
22 0.237322321240499
22 0.219552784627322
22 0.333580240582539
22 0.300017430684943
22 0.320869836475910
22 0.338611667982824
22 0.458184349384235
22 0.247646155865769
22 0.218210296928194
22 0.190864059277882
22 0.212568744799282
22 0.337967428854367
22 0.263154806356843
22 0.161686684247683
22 0.289169354794153
22 0.207102450359689
22 0.220550756150416
22 0.266607147744463
22 0.215652313471503
22 0.263158720726184
22 0.202345239527789
22 0.515868446381176
22 0.258713793417872
22 0.265560495525658
22 0.300059200488984
22 0.429519675185753
22 0.481320207665864
22 0.281533550764501
22 0.518004659400278
22 0.224054722755963
22 0.212275946181665
22 0.344110733760875
22 0.441782230430868
22 0.225509915275935
22 0.247718442521252
22 0.352560094216199
22 0.280740987248078
22 0.391185973181476
22 0.333397429144471
22 0.327091578981346
22 0.343394075712998
22 0.581701059691718
22 0.388678577622254
22 0.212657095817820
22 0.448111032401641
22 0.403482126573738
22 0.394069697340252
22 0.299251442198964
22 0.575922386979265
22 0.403791715575545
22 0.470119832920817
22 0.382991246644768
22 0.461686404067871
22 0.290937147263407
22 0.165221184198430
22 0.478881297311263
22 0.324029201153857
22 0.271514827326835
22 0.411678366681001
22 0.344979644180710
22 0.160384920255868
22 0.323585457642511
22 0.354376454015686
22 0.233688009298179
22 0.196829282231737
22 0.243136262293786
22 0.345548698326213
22 0.179001365705229
22 0.554669627346281
22 0.288813671378072
22 0.342442445712584
22 0.151927874785987
22 0.291350413029800
22 0.367537643454717
22 0.210670722832073
22 0.374276038705742
22 0.251319106092226
22 0.191314232209761
22 0.221009973111014
22 0.169212332668283
22 0.344523093998836
22 0.568641391194262
22 0.349876610498423
22 0.305401966306871
22 0.401447173809033
22 0.413453197531150
22 0.331561479587205
22 0.180705042014868
22 0.242411289410072
22 0.140285576887894
22 0.327435100748705
22 0.375166290559278
22 0.328385902756251
22 0.154581423244741
22 0.281691528902460
22 0.162343377439211
22 0.202572328512652
22 0.382360478890939
22 0.209071758134401
22 0.330357594562891
22 0.471525432134021
22 0.252509887637403
22 0.245515474010010
22 0.254712170466638
22 0.209237798428646
22 0.417316571289807
22 0.308425954366395
22 0.295184824996062
22 0.307378397828250
22 0.199981700416414
22 0.245477830313019
22 0.317448818278012
22 0.430297821915164
22 0.345924147881170
22 0.302641307253143
22 0.342814144371536
22 0.313022415612580
22 0.250028308930833
22 0.263066734910977
22 0.341565746961414
22 0.261792663449090
22 0.459907635934981
22 0.289058705852360
22 0.238699812837722
22 0.307821059654438
22 0.384597569481256
22 0.629170809238143
22 0.277975270262121
22 0.222932011011306
22 0.501474997264191
22 0.387994372002521
22 0.390773466887702
22 0.275856539067925
22 0.206396551519459
22 0.222384449505844
22 0.202611204927300
22 0.388924914302700
22 0.486985169321046
22 0.358018303062545
22 0.400526746826676
22 0.191956715508044
22 0.198088679517105
22 0.278127350935484
22 0.310871277825562
22 0.557323553575486
22 0.206537173514328
22 0.167851801111845
22 0.255487611113634
22 0.419717466916903
22 0.546462319767239
22 0.195891438647814
22 0.210765289708438
22 0.218550572520370
22 0.220979453374740
22 0.256337754967814
22 0.433451768759012
22 0.300936417816060
22 0.194366788941625
22 0.369858056548583
22 0.315311506087485
22 0.337053661752458
22 0.274757090207595
28 0.596858227699538
28 0.699946406674789
28 0.916537782077669
28 0.606364433208628
28 0.955201190856361
28 0.809999231557658
28 0.563079798336258
28 0.674893500471033
28 0.479951162732464
28 0.362809338307440
28 0.762676947394869
28 0.480385350379118
28 0.399563034632962
28 0.483033178917961
28 0.938217227472936
28 0.952260286368575
28 0.485938763104465
28 0.445895960100072
28 0.438666693959643
28 0.824912570068236
28 0.926385360935967
28 0.433635009785771
28 0.729105107827456
28 0.494605815583793
28 1.060298173083366
28 0.573041122825072
28 0.472713220475076
28 0.546090501115172
28 0.578898044046477
28 0.514177153514932
28 0.761814283360845
28 0.810536478980930
28 0.756808399713967
28 0.411934563478741
28 0.907537245082452
28 0.420439717897009
28 0.571612275373000
28 1.051762796194562
28 0.659258179884771
28 0.487299420916551
28 0.366002394877861
28 0.693932276807732
28 0.625001491656416
28 0.506647418839316
28 0.511681520420445
28 0.896132457460791
28 0.590833340445955
28 0.539552584019414
28 0.523863736747280
28 0.766931185147418
28 0.484536291333409
28 0.892555845021114
28 0.699564985386097
28 0.568807558151495
28 0.584715418886495
28 0.417727668220538
28 0.720082901671016
28 0.864199324776700
28 0.523694443305773
28 0.618931044760082
28 1.054769387442318
28 0.731689232236233
28 0.961934563989871
28 0.523722500600914
28 1.150830799984583
28 0.721348001827814
28 0.642174402457579
28 0.853214773695686
28 0.908379319205506
28 0.580850825897230
28 0.619081715636910
28 0.645305717842745
28 0.799440426168553
28 0.720639612799368
28 0.679260612888188
28 0.405864330597009
28 0.715702074354756
28 0.533634259186519
28 0.887002559245210
28 0.788176858423113
28 0.643373408834051
28 0.810303551067172
28 0.960715001783799
28 0.866656343397764
28 0.470860153123896
28 0.743836451333484
28 0.649822805474907
28 0.875666786207590
28 0.482278882745614
28 0.443571220370941
28 0.552124872119019
28 0.808439406030195
28 0.735913595942984
28 0.660620137899843
28 1.035127960702390
28 0.930175376303553
28 0.537974138254579
28 1.093525699352845
28 0.547421873414965
28 0.578433171916981
28 0.524453816288909
28 0.519321448624897
28 1.007531194573723
28 0.523996663421529
28 0.362845965356021
28 0.493731966435244
28 0.825745183743006
28 0.520276839602237
28 0.867461814020792
28 0.945026330281198
28 0.574983065252840
28 0.557583239072203
28 0.811467869633693
28 0.728437393635285
28 0.450868833664078
28 0.877829959591487
28 0.519214346582775
28 0.452398575180917
28 0.486658013090039
28 0.853261316355220
28 0.578686280381603
28 0.713987011517953
28 0.520499664958239
28 0.609209854069717
28 0.463055786855239
28 0.753533425599747
28 0.498442875334224
28 0.605278027853844
28 0.454910649811118
28 0.403929164537018
28 0.482296335034895
28 1.078170411826535
28 0.451976197092224
28 0.496295582284041
28 0.428620620513492
28 0.585384209133952
28 0.438418189644578
28 0.560989522739273
28 0.479573801397292
28 0.857138204011924
28 1.000830977187207
28 0.376536179080465
28 0.955988822597895
28 0.767480128836440
28 0.767981054703098
28 0.723691193698573
28 0.622728004311702
28 0.607065173026596
28 0.837922458722864
28 0.973094159508616
28 0.370648050885830
28 0.650688553597755
28 0.528836106155810
28 0.579792157718813
28 0.574153049924526
28 0.510651828614785
28 0.452041275343442
28 0.597503581152317
28 0.623474646838018
28 0.329671950911393
28 0.469575572907973
28 0.403771257525290
28 0.578022281754947
28 1.414244715408350
28 0.339151493559191
28 0.625549817216976
28 0.397094990172509
28 0.542581658575573
28 0.423241541303835
28 0.672003359861483
28 0.436064407807980
28 1.005199552927958
28 0.335279599601010
28 1.026013135263581
28 0.485549348579106
28 0.307205159510886
28 1.785123987104968
28 0.866790313275992
28 0.812966587468266
28 0.663418332076382
28 1.362918872815512
28 0.545693527861297
28 0.886365071153213
28 0.726158739920532
28 0.553143481387415
28 1.454353263404639
28 0.477327315665634
28 0.806155975698988
28 1.819963815548205
28 0.499919229100117
28 0.402565743326043
28 0.927502518671727
28 0.893103145847947
28 0.676950951019706
28 0.500756898636940
28 0.385798683271168
28 0.610986205163103
28 0.395252863342060
28 0.387231198723818
28 0.794709078338765
28 1.061789363110750
28 0.494873402408301
28 0.416713217194427
28 0.806829137776601
28 0.475217934268512
28 0.642114540049743
28 0.616213010382579
28 0.646732714358903
28 0.691769332050628
28 0.779451686061605
28 0.420763441940686
28 0.879247618583917
28 0.581005127112682
28 0.687541725020777
28 0.505290410442107
28 0.537445115191080
28 0.851571266508844
28 0.489830238792924
28 0.880463508120839
28 0.681593185020553
28 0.869125692825857
28 0.639997560404716
28 1.120600177948486
28 1.532997453626429
28 0.565391403206723
28 0.904024449227452
28 0.559967683864266
28 0.507591110794445
28 0.456160402207932
28 0.598959270241417
28 0.695740570902552
28 0.632392845646989
28 0.535684673892129
28 0.622025259709323
28 0.703062234927589
28 0.616224961520068
28 0.890337423200160
28 0.893042478792300
28 0.608096229152116
28 0.990890668135951
28 0.479916146870552
28 0.460266879686617
28 0.707553106119889
28 0.427009391692670
28 0.866080599031831
28 0.659959470280655
28 0.947499384418427
28 0.595984355350695
28 0.630430515343427
28 0.811909974082669
28 0.715930061095986
28 0.518749877418507
28 1.043129216593516
28 0.535822485019508
28 0.639809636002114
28 0.594689238337841
28 0.891905742496950
28 0.761806558133816
28 0.971547207650264
28 0.581995124722076
28 0.565723692328170
28 0.857100736264952
28 0.567384917630163
28 0.541196922410588
28 1.181779562758602
28 1.239249550418707
28 0.689896742359502
28 0.362140532856522
28 0.592988891738730
28 0.865151088549505
28 0.547656689718063
28 0.410923017477428
28 0.695794859913731
28 0.420642431232230
28 0.762482490739370
28 1.243611308599199
28 1.127338327839609
28 0.572959515962592
28 0.631808862421066
28 0.689630259838309
28 0.681210295686893
28 0.528076693308044
28 0.882443387723506
28 0.760805817839499
28 0.509433176198126
28 0.974981676091611
28 0.556150031773861
28 0.777462340099208
28 0.969082108084587
28 0.745828271791249
28 0.642751352257327
28 0.657390405025902
28 1.192944349419814
28 0.623801352920053
28 0.341429413595570
28 0.596519254384754
28 0.484046085094319
28 0.505869185618383
28 0.356912941401792
28 0.505274974361257
28 0.675218025806062
28 0.703514599817651
28 0.732506333937160
28 0.857043823244675
28 0.941670192177286
28 0.647419211669034
28 0.468940730668000
28 0.496848486690654
28 0.424873161390423
28 0.804453247510862
28 0.494912676074419
28 0.363618399031870
28 1.105421603313776
28 0.655161667714333
28 0.410641650137161
28 0.509282508203377
28 0.606424917261179
28 0.596290679604405
28 0.788908452998954
28 0.449017979843100
28 1.339663903835945
28 1.177720813130667
28 0.401084643704900
28 0.617492812416288
28 0.469540062401377
28 0.535205689241708
28 0.903843084103353
28 0.597383484027635
28 0.768840413921485
28 0.548381677068778
28 0.874303977050398
28 0.376598019258037
28 0.781173421135437
28 0.731697358832890
28 0.400755167337529
28 0.943588572302947
28 0.742494066890808
28 0.746266536160314
28 0.789895729113104
28 0.616610814766060
28 0.786845742583320
28 0.670126183653134
28 0.618549081097009
28 0.662136008359812
28 0.632464819574231
28 0.751682191487027
28 0.613015672785350
28 0.836690801144957
28 0.726125801776352
28 0.692162389347126
28 0.426744007542381
28 0.730881957320230
28 0.888217230937336
28 0.730926178876957
28 0.755900504500973
28 0.475187948901062
28 0.466529348045088
28 0.648158125988449
28 0.528483337928114
28 0.390162487087286
28 0.715132540632540
28 0.852232400138855
28 0.976966285949431
28 0.766098720894078
28 0.864570619432224
28 0.660583591784054
28 0.556129908673070
28 1.870098820212309
28 0.348535574601718
28 0.704480281519465
28 0.698791235030177
28 1.073159561956818
28 0.714806848335900
28 0.789987004070534
28 0.527435375967444
28 1.025286854767600
28 0.491407065214847
28 0.902405796745031
28 0.820556798178377
28 0.543457706802648
28 0.467474701543265
28 1.278840456852081
28 0.553242368427886
28 0.681440606045713
28 0.603507520649412
28 0.284021987096839
28 0.728916955399532
28 0.634445343927278
28 0.516137726520334
28 0.930473599975312
28 0.431317185996732
28 1.399062413749368
28 0.701359297603651
28 0.733199057471669
28 0.462677434485378
28 1.046118603833603
28 0.657153035293407
28 0.499969775243428
28 0.463712164193814
28 0.398447289925669
28 0.904526918420157
28 0.997915965175485
28 0.614220320794190
28 0.702492240071318
28 0.832047653866354
28 0.735473587332764
28 1.219158789231106
28 0.821094320445199
28 1.196349254874963
28 0.761372339026719
28 0.440834063082862
28 0.998084644918070
28 0.605017192360474
28 0.687876177413285
28 0.503735751282598
28 0.810906601126874
28 0.782890015529310
28 0.634243290257896
28 0.395762602104385
28 0.678433285762582
28 0.719891737476446
28 0.850781144559701
28 0.372306888152719
28 0.968474233638930
28 0.533873638120820
28 1.126214891448716
28 0.742350748211878
28 0.726356493047791
28 0.538793729128946
28 0.516701518456474
28 0.712296950273366
28 0.397614490981220
28 0.495013784081379
28 0.571335316959342
28 1.153808024331537
28 0.253129884628946
28 0.340652427804371
28 0.820182046854177
28 0.724717904368928
28 0.742941822130557
28 0.849339618516407
28 0.568906288374016
28 0.585964121020297
28 0.586318114519773
28 0.944683511091994
28 1.089297978486297
28 0.512573090096573
28 0.859366384045521
28 0.672844309344040
28 0.517179716344399
28 0.806019002017779
28 0.459798499625144
28 0.820521461855032
28 0.729141484012477
28 1.611860621185051
28 1.147731740117795
28 0.865304577213566
28 1.607974167310341
28 0.398091798413457
28 0.407138039487585
28 0.985845257461452
28 1.361485465659119
28 1.707741309681461
28 0.377741000718374
28 0.570179561110256
28 0.357433107015366
28 0.821484873717949
28 0.631382824104496
28 0.712650004746082
28 0.505636720390271
28 0.500180184305805
28 0.398791672043504
28 0.474939502565961
28 0.555216922045439
28 0.836838833890649
28 0.543627650508940
28 0.488965936905294
28 0.566699451058564
28 0.919352123703569
28 0.580513807283174
28 0.593131543419495
28 0.729090815806282
28 0.404845338112826
28 0.469993623680317
28 0.666382164199494
28 0.668313439893356
28 1.092320281159579
28 0.390930046575786
28 0.442895799418317
28 0.449413744221268
28 0.646598805695461
28 0.664747814013809
28 0.829765210810612
28 0.496599153113523
28 0.933854280350264
28 0.508401187738435
28 0.573334827098686
28 0.376879092198323
28 0.966722620553279
28 0.398019294735772
34 1.385984413349714
34 0.577237624834225
34 1.327704916999968
34 0.823682863666626
34 1.105112941955252
34 1.776745867240222
34 1.792311605657944
34 0.641832450403764
34 1.677649698280821
34 0.786362982137177
34 1.214535587117226
34 0.696953316678829
34 1.479850131225849
34 0.819667803697922
34 1.273033608093186
34 0.755126243574613
34 1.097590276401896
34 1.324933737917512
34 1.485962748044072
34 2.303571883982459
34 0.710321424552895
34 0.934571606444042
34 2.137533022762270
34 1.042682670470963
34 1.784096697122796
34 0.884305594993302
34 0.521708991918964
34 0.791477816536016
34 1.620210355133532
34 1.217212115098134
34 1.078031384884379
34 1.545672490226385
34 0.883385864755084
34 0.752413204078971
34 0.830528309630414
34 1.009606296295846
34 1.322162604097607
34 0.778037046119433
34 1.472816417538341
34 1.176269874657055
34 1.088435831842818
34 1.255581847173233
34 1.403915627411493
34 1.354938248310744
34 1.674055340966816
34 1.545057999301971
34 1.594905874076463
34 0.548159113461505
34 1.133855550316799
34 1.546108119804925
34 1.082241504318041
34 1.641880840113842
34 0.523916167311667
34 1.365281300536937
34 1.173901465362874
34 0.929748307293919
34 0.897053309136815
34 1.508414327917266
34 1.517956297845478
34 2.218487252273837
34 1.547350500333659
34 1.766561653845867
34 1.584752311457324
34 1.030917598429507
34 0.813495100522946
34 1.538226646117621
34 1.341427943629463
34 1.147564973630772
34 1.450627532301035
34 0.666484207641555
34 1.211316786688984
34 1.483447967796599
34 1.396169891643158
34 1.356530604936985
34 1.383119308332463
34 1.316087030708784
34 0.726256248720287
34 1.187335450466307
34 1.758279778961112
34 1.155188817880246
34 0.631856905554872
34 1.175951333762611
34 1.831290144480259
34 1.790969108528309
34 0.863677050892045
34 1.098344390473897
34 1.603384893444225
34 1.054813916934907
34 1.431040272151436
34 0.744764255747687
34 0.942625890430714
34 0.890960262049441
34 1.949899210106624
34 1.334979404425712
34 1.831703113144937
34 1.097535230931934
34 1.936809476856054
34 0.703944115088702
34 1.576686832966376
34 1.531042053758015
34 0.926251404275569
34 0.868550470097163
34 1.725721066575059
34 1.110963979673103
34 1.300858224882367
34 1.342596396315280
34 1.426441777735591
34 1.374191543923251
34 2.556720224751373
34 1.787299578709510
34 0.672527380456881
34 0.601056969097010
34 1.572671173051753
34 0.870116935648059
34 0.957815209542271
34 1.493767815150266
34 0.985167854035020
34 0.497881355753670
34 1.479796106817275
34 0.807989669516495
34 1.836136158771740
34 1.241847537959553
34 0.679022985066096
34 0.970332189292221
34 1.333562715791931
34 1.147962998628566
34 0.917870992555466
34 1.304622436354635
34 2.192004085984918
34 0.667806014235359
34 0.780743443120201
34 0.778698713070190
34 1.821852450475658
34 1.630406290346717
34 1.751335956119352
34 1.046867902513985
34 1.562234211514069
34 0.753934277742560
34 1.783423975827056
34 1.128313063712679
34 1.620244296649559
34 1.215069404485100
34 1.115492256196388
34 0.805035623789300
34 2.121353589127079
34 2.186446860175050
34 1.003133486789618
34 1.576839514629269
34 1.519721535252255
34 0.932064879326393
34 0.862976630298358
34 1.928231717705659
34 1.245018925022110
34 0.515949443931679
34 1.085829932814853
34 1.039645392471925
34 1.052065054262837
34 0.935547531683168
34 1.242689531995793
34 1.050114205866000
34 1.452181931547966
34 0.706032791739629
34 1.105357725708075
34 1.655093546838724
34 1.256218245236081
34 0.869933147463455
34 1.069346612315571
34 1.591706689984581
34 0.782834696599043
34 0.956175733527256
34 1.068966494186212
34 0.850092354912280
34 0.916414112533685
34 1.457848233343211
34 0.946452656378267
34 2.016572651970590
34 1.045719208730901
34 0.704643986813933
34 1.124253507514270
34 1.366098952789907
34 1.467249464992885
34 1.211681255076610
34 0.883112527475707
34 0.686709222234087
34 1.109865475518350
34 1.716692783817342
34 1.633125579331411
34 0.643747747999644
34 1.140760273365596
34 1.747001208175067
34 1.331343235215009
34 1.409714218674282
34 0.978272417614661
34 1.303122403524556
34 1.083854583775556
34 1.377732578587954
34 1.288086511355679
34 1.702640329898625
34 1.191890920602727
34 1.224664880370230
34 0.965596659319484
34 0.830176175418792
34 1.094168872877607
34 1.340818744961670
34 1.355330653048513
34 2.795479868159153
34 1.656359489865191
34 0.978089796046673
34 1.653865849373787
34 0.804276544838205
34 1.271777039242330
34 0.765839287649430
34 1.548764655523410
34 0.892566380965186
34 1.166746849137865
34 1.996777454794924
34 0.853955501895257
34 1.163458252043509
34 1.335871417821842
34 2.379368168464833
34 1.122881986790227
34 0.800337929932121
34 0.775012315127981
34 0.939249580383988
34 0.833130842227954
34 0.589825704101030
34 1.786192426878844
34 1.045695721506145
34 0.894514136091904
34 1.860615878649699
34 1.062622987171766
34 0.811096659074550
34 1.734365096387911
34 0.833925835264623
34 0.911057584669912
34 0.936434859478953
34 0.735480697453602
34 1.205448242608267
34 0.682079794665193
34 1.608063257645055
34 1.436286306902954
34 1.058245960347716
34 0.789317712536993
34 1.529518679401418
34 1.379897738122259
34 1.031219387292166
34 1.699049876195186
34 0.983991291662799
34 0.878445870962394
34 1.077254933604138
34 0.648591672672025
34 0.687933654954584
34 1.089566332068810
34 1.887956292844089
34 1.924561689280636
34 0.874214064665240
34 1.423946501078586
34 0.800910876932008
34 0.851829360052913
34 1.544662451473144
34 1.579688713051363
34 1.552891892845560
34 1.232841278009913
34 1.326573302479192
34 1.521745889351030
34 0.651142594447450
34 1.132297626522674
34 1.097089331544238
34 0.916299040916006
34 0.818280817276122
34 1.021744294491572
34 1.031471374655418
34 0.899406140768757
34 0.764422400496110
34 0.653606743809574
34 1.127605594450050
34 1.860507235327299
34 1.467887802102527
34 1.547870499779174
34 1.603492807803780
34 0.775822024761129
34 0.999452977331991
34 1.473307382431167
34 1.240612456278867
34 0.639988657914232
34 0.984610146664352
34 0.972415615058063
34 0.909831770212824
34 1.166514782773248
34 1.782397728332673
34 2.352714026876493
34 2.293571909543648
34 1.078376418837399
34 2.892711961467103
34 1.507851484954175
34 1.640254540533677
34 1.076183544811898
34 1.112191158656808
34 2.042998263698663
34 2.038433336258146
34 0.997074342997303
34 1.394216590754887
34 1.230224099180277
34 0.947607906103744
34 0.820528418835567
34 1.765887512217769
34 1.506375842861511
34 1.663768794503437
34 1.258965700741475
34 0.836134750847079
34 1.008694373422092
34 0.772695742162580
34 0.993334349614135
34 1.083107038927647
34 1.534462299070612
34 0.597890886172769
34 0.597819538485954
34 0.647579052061444
34 1.153939140769890
34 1.238932849725741
34 1.210663761038735
34 1.157672535899168
34 0.786412224081078
34 0.915668830637691
34 1.011075819545122
34 0.630822708768173
34 1.652753161936033
34 0.953729284470221
34 1.322897504738514
34 2.182208450963965
34 1.473777930827644
34 2.099806966855133
34 0.870314931308656
34 1.308235931775178
34 1.947776904850336
34 1.324504794973961
34 1.680705895123062
34 1.523510585672414
34 1.508420244744677
34 0.754238006536815
34 2.849088562958395
34 1.022796945536235
34 1.168531900717742
34 1.082460295738986
34 1.528241562642735
34 1.032292214322810
34 1.082979717374870
34 1.031877523153101
34 1.328063639764779
34 1.456306956968982
34 0.732969791887239
34 1.115172702857571
34 0.963535122995880
34 0.964708987408098
34 1.485524148835675
34 1.305885524776119
34 0.886778777889085
34 1.376033763088791
34 1.497229810943043
34 1.866502527113942
34 1.304313758524164
34 0.712179242153710
34 1.295148295484911
34 0.643904551577697
34 1.936328207166817
34 1.032381207838609
34 1.951434177673220
34 1.386838614236263
34 1.787694045013616
34 1.231120505960308
34 1.088001081297706
34 1.536031712196353
34 1.159734640476823
34 1.727114075379436
34 1.103174054901455
34 0.597340474409394
34 0.889471519562387
34 1.163446732249573
34 0.844862621571686
34 1.272318022911284
34 0.738300409793169
34 1.340589799856864
34 0.825835612163186
34 1.505528242439138
34 1.329368881857052
34 0.586459477906486
34 1.261320572059281
34 1.113165300040879
34 1.081765399840880
34 1.679276918197510
34 1.631271444461342
34 1.275926270280277
34 1.229808132193810
34 1.692540204668861
34 1.143330016810997
34 0.938196984733711
34 1.123113449288871
34 1.266873948019983
34 1.223173259239307
34 1.672339271944444
34 0.963357835898432
34 1.816876706596379
34 0.799463581140585
34 1.023531123852768
34 1.051301927392415
34 0.785298763935748
34 2.110177625629960
34 2.046072676648302
34 1.434142503258927
34 1.629398162702620
34 2.431549646299729
34 0.930486604316397
34 0.759549112370414
34 0.564085850005857
34 1.081928849690608
34 1.458097586763558
34 0.815723477108687
34 0.933036317401618
34 1.472295383947477
34 1.552455131477804
34 1.804934752952728
34 1.279167006838875
34 1.010830022405951
34 1.285429413485685
34 0.992752996019719
34 0.949080808408351
34 0.678727558963015
34 1.075824832699874
34 0.938938854870434
34 1.626605111536926
34 0.618281575262257
34 0.842397833740421
34 0.719153123598886
34 1.055100721024001
34 1.381649062541285
34 1.147462404169760
34 0.767333512512623
34 1.369230793361108
34 1.488461343717725
34 1.747732686820997
34 1.892146621259539
34 1.139663248434154
34 0.570237198524451
34 0.982483725670774
34 1.062521880997076
34 1.260695490397292
34 1.070959362403381
34 1.172152225030267
34 1.233584058885220
34 1.729526304743781
34 1.719060805651075
34 1.816693574595813
34 0.921243489865025
34 1.415913465834810
34 1.449248557445104
34 1.685619321888453
34 0.659523413424604
34 2.327317067340509
34 1.015637399922022
34 0.708359827971953
34 0.751779657967772
34 1.038280939031377
34 1.385777046408943
34 1.240609374450166
34 0.905399823421962
34 1.477593776587157
34 1.040520807388149
34 0.987300371410749
34 1.364495873332766
34 1.864714595714164
34 0.996819476393159
34 1.117539624752237
34 1.484073718454904
34 1.495220504045350
34 0.896231633900137
34 2.696301445844263
34 0.537586161447555
34 1.456840563965565
34 1.238802741744639
34 0.815718889531403
34 1.646994403029559
34 1.732076390795164
34 1.320447358652416
34 0.567070310109909
34 1.392529063075250
34 0.959374704636909
34 1.625158748435547
34 1.414258607018516
34 0.777774932910301
34 0.963927184011109
34 1.856635820684171
34 1.193004536480060
34 0.618080135529605
34 0.764317965199348
34 1.255340827566557
34 1.415219457446872
34 2.197439007078317
34 1.282409548241184
34 1.861382127262764
34 1.438744020293973
40 1.430396529714470
40 1.589127964291224
40 1.296378117908772
40 1.950499254469594
40 1.786055245696319
40 2.335690901567466
40 1.920128017394489
40 1.415256975761398
40 3.093016046253437
40 2.155321409989426
40 1.328614232603766
40 1.216394826896940
40 1.206006975157756
40 1.337196787635657
40 1.220538053771312
40 1.541235513353939
40 1.582328705939175
40 2.704193554515170
40 1.554666391120183
40 2.033537952701748
40 1.746807084253696
40 2.065774492153559
40 2.043502710289273
40 1.380151632299133
40 2.073389685224077
40 1.448399428079165
40 1.015307315861397
40 2.224434690861117
40 2.501942553359786
40 1.457417170664455
40 2.968364491407154
40 0.907566119085818
40 2.612075319180512
40 1.527136220524012
40 1.720302921535319
40 2.769518167230917
40 1.401365084841601
40 1.085841720141961
40 1.701221559625541
40 1.065689934760569
40 2.372101532220043
40 1.688415871432731
40 3.523763485042792
40 3.247268339319215
40 1.915939752676460
40 1.855458910810000
40 1.072981474316673
40 2.098960694930541
40 1.589521168965256
40 4.129109631365046
40 1.588382937454524
40 2.988283897748978
40 2.954559128646190
40 2.552013433964497
40 4.243575513016799
40 2.914275518745179
40 1.563699384778725
40 3.031377200354951
40 1.958085037205558
40 2.198783798340082
40 2.500172427278684
40 2.237776921116493
40 2.103869543980444
40 2.818913721586024
40 2.296486420647053
40 1.019407664985428
40 1.907446342700005
40 2.095610550556809
40 1.784364185492956
40 2.979295626404698
40 2.212369626736563
40 2.046034068402852
40 2.059126032444076
40 2.379527205824953
40 2.236116944959234
40 3.267052093210641
40 1.959091599609186
40 2.142470845430640
40 1.275052584793691
40 2.784388475174572
40 1.931263074547836
40 1.109316672702868
40 1.376904806497850
40 2.044428123161623
40 3.343730518545392
40 1.372908156236397
40 4.004096088171680
40 2.423879416999872
40 1.676014459759662
40 1.622398276523151
40 1.787417627468807
40 1.478003999225716
40 1.918076067978561
40 2.102820952383885
40 1.846013122704814
40 1.199542360969771
40 2.875138395917881
40 2.128658261063094
40 1.855170811866872
40 1.687864496447208
40 1.291074333821044
40 1.462220327906447
40 1.085239694215754
40 1.328735802757166
40 1.827288438320446
40 1.290762670515109
40 3.317377151374197
40 1.305253833434130
40 0.917395031567752
40 1.715252835934154
40 1.301920045207643
40 1.345311143929404
40 2.274365367559851
40 2.140297578677204
40 0.844948572435998
40 1.262449798223287
40 2.718421776166489
40 2.394206092308252
40 1.725512065290893
40 2.708686128921574
40 1.214127632196966
40 1.553437875507985
40 1.914212025186992
40 2.458813283481225
40 2.107634731797555
40 1.924986171467225
40 1.489413371031633
40 0.994905680827239
40 1.423235935203794
40 1.700095446880820
40 1.711809881240821
40 1.721730554937727
40 3.446720665878541
40 3.167220476470355
40 1.129713527402419
40 1.801003303280925
40 2.609222937002391
40 3.462183565834374
40 3.227994732894484
40 1.314118828971928
40 2.081500573147432
40 1.374707780506213
40 1.487528690151159
40 2.267503838375765
40 2.686936478562336
40 1.792272475368934
40 2.355759981266451
40 1.023133274557892
40 0.977622398884272
40 1.903213749335318
40 1.111611736792469
40 1.500011431649023
40 1.099510998646588
40 1.530185408368061
40 2.518625400581550
40 2.712719598762576
40 2.112223944072522
40 1.823494715806422
40 1.868960181421254
40 1.445666767370476
40 1.442515361758211
40 2.643392380518167
40 1.765698908806987
40 1.122060461592209
40 2.061309851792658
40 1.415810395331048
40 2.705973754478680
40 1.936763542651510
40 1.758106548456016
40 2.705208996737079
40 1.315457956493667
40 1.570898515394372
40 1.691160557076718
40 2.472167975512255
40 2.457645458116515
40 1.145905871756542
40 1.719483224567206
40 2.716868137720861
40 2.416146265973942
40 1.560115771166618
40 1.436124123264468
40 1.921612825941528
40 2.031314119341040
40 2.790938068539539
40 3.545713996609694
40 2.486534099808722
40 2.792221189590709
40 2.329581747522893
40 0.900355491919793
40 3.230796086886254
40 2.012190079366805
40 1.102802955573550
40 1.544617658413960
40 1.324986399209131
40 1.817743585882704
40 2.150040440944124
40 1.116674444218168
40 2.306870832346926
40 1.469167853406940
40 1.100204323182460
40 2.006698898541064
40 1.918604586981818
40 1.513409873027340
40 1.721308313035140
40 3.376908944196881
40 1.854365686962610
40 2.044471707232614
40 1.630713075735002
40 1.593094070411476
40 1.707153536107782
40 1.279839174374827
40 1.956922292973994
40 1.534263405160273
40 3.149476549503612
40 1.193009041833237
40 2.437294575177043
40 2.109924791046244
40 1.402098281313690
40 2.409941517515652
40 1.137715365391944
40 3.809611638991358
40 1.417900606431996
40 2.218158064096945
40 1.234439783533263
40 1.368329626657689
40 1.273745203971046
40 2.009894734394961
40 1.503873255887568
40 1.440556640686252
40 1.380300079116807
40 1.569684883693890
40 2.383313817401833
40 1.205117841896433
40 1.774811617237791
40 1.533052850887838
40 2.133219817855703
40 2.300564406689595
40 2.991005554388691
40 1.612423643536896
40 1.466988374022051
40 2.390819301704716
40 2.357848773460004
40 1.060545439488775
40 2.015629463819104
40 1.510971207404312
40 2.086137659340521
40 2.085355112113978
40 1.546421437721724
40 1.452665688097118
40 2.699142650815450
40 2.543025509864595
40 2.054032141364975
40 2.404883548078334
40 2.117709511876994
40 1.474155754275261
40 1.501220882142924
40 1.371440390027898
40 1.414606705890330
40 1.381889445216157
40 2.032743783086773
40 2.893715600553905
40 2.486071137668043
40 1.538155160334828
40 1.560638476223092
40 3.276022039891490
40 2.166362401069682
40 3.171043641116116
40 2.490853358017588
40 2.311978585564420
40 1.281350802008374
40 1.008655592504455
40 1.779863786972792
40 1.564208694060503
40 1.156699032002686
40 2.087482989079703
40 1.370777262315467
40 3.529590795792304
40 4.000287801030801
40 1.574270746293982
40 1.704154639199326
40 1.406741241427437
40 3.674897854888229
40 1.894390071872171
40 1.641162194346305
40 2.430456201760352
40 1.597702872648835
40 2.937572130983582
40 2.315210987463908
40 1.914837535299242
40 1.590093750362142
40 1.445455485090983
40 1.552905585033514
40 0.741392286605732
40 3.261864852843658
40 1.830093509496493
40 3.199368616293123
40 2.368266377995369
40 1.163271589670012
40 1.494463347671399
40 2.683676723758136
40 1.138231478294587
40 1.897784299922735
40 1.717789886518119
40 2.360233477944320
40 2.927115855759903
40 3.076697542881769
40 2.401465947025084
40 1.620535521743089
40 1.371005987223137
40 1.449904853437918
40 1.876482539786240
40 1.696755861321988
40 1.622469666244499
40 1.641684277302404
40 2.358963991416315
40 1.363602849851935
40 2.527944300219898
40 1.681064103537906
40 3.459696413365092
40 1.242611550937280
40 1.019114371415246
40 1.233561441616164
40 0.917348081037662
40 1.437345073997357
40 2.004794752877734
40 2.545838565919181
40 2.870483214506997
40 2.089437521791970
40 1.196066017586055
40 1.720249761064043
40 2.533728506223774
40 2.885171742767911
40 1.745251704118230
40 1.359846719382169
40 2.619380529215002
40 1.656992159038710
40 4.027981794729710
40 2.663430845180219
40 2.934788930001089
40 1.819872055344603
40 1.854488644206681
40 1.671502856719732
40 1.715935620460964
40 1.845859644950270
40 1.679124038191983
40 1.309652880360273
40 1.749055423286178
40 1.724697879098780
40 2.857347182736444
40 2.133785477474520
40 3.311979499236176
40 1.469039469020668
40 2.260653094853607
40 2.363192326415623
40 2.164859587204235
40 1.493453828181604
40 1.701279596960561
40 1.996219725521083
40 2.059375492956214
40 1.715482526844966
40 2.029051882653712
40 2.652897257713599
40 2.026108404521480
40 2.015416286789434
40 1.168194084903146
40 1.693745598599920
40 3.016185174199196
40 1.628794458625576
40 1.392477184457908
40 2.078935154804981
40 2.253794493980097
40 2.204637824258492
40 2.110027994691924
40 1.610014660728046
40 1.536891157547302
40 3.439111992630338
40 1.367635545828545
40 2.345651911043447
40 1.078553945048103
40 2.030494511190588
40 1.951134691164496
40 1.864611160992564
40 3.114966207965272
40 1.830612536422397
40 1.440523979279940
40 1.239964620969298
40 1.836472666989687
40 1.805779065203590
40 1.347597199532744
40 2.267365409820908
40 1.911324787453582
40 1.302404720130851
40 0.809691248124932
40 2.047416211478820
40 2.301980865642237
40 2.164529848557191
40 1.164099899125158
40 2.197177395828193
40 1.110305251264357
40 1.035737979433010
40 1.528627881610686
40 1.281134648405198
40 1.911883508526058
40 1.051925445485102
40 1.548413305968089
40 3.644060386865466
40 1.090816821251649
40 1.876626659875466
40 2.153351074599737
40 1.939660846684502
40 1.076517055294336
40 1.931056739302276
40 1.274138853360689
40 3.729691048156510
40 1.927788600249420
40 1.659671133106411
40 0.867304691731869
40 2.238954944512960
40 1.570314469786643
40 1.037011526008228
40 2.189367181829567
40 1.585895749516224
40 2.378786513033017
40 1.829317672259814
40 3.199177476622976
40 2.263161275503240
40 1.326015550838505
40 1.982510949579428
40 2.190665070935285
40 2.063233129474957
40 2.240421760042583
40 1.334434056566215
40 2.095418474781018
40 1.475042825220465
40 3.417844828393038
40 1.909336179883281
40 1.893665324369413
40 1.358970469934579
40 1.386881191465919
40 0.955285583242661
40 2.162523073348835
40 3.246515264233508
40 2.990169890769399
40 1.729726411472203
40 1.917167640521133
40 1.772693591934104
40 1.894545637416247
40 2.883501781386066
40 1.626928996522169
40 1.189566625916319
40 2.446489847749236
40 2.262592414295131
40 1.839002574004921
40 1.896613915607100
40 1.526043048227290
40 1.375646518681329
40 1.064011155132308
40 1.891308256265450
40 1.387381279147933
40 1.265486614626183
40 2.401250312912605
40 1.523006603812000
40 1.165783681647802
40 3.293983637041540
40 1.475731548589176
40 2.247775952765004
40 2.020822801161939
40 1.606080127828688
40 1.794197085578295
40 1.797236931666777
40 1.366430110296617
40 1.707274381833284
40 1.537972287052186
40 1.392676134023555
40 3.444476559786454
40 1.358962495768406
40 4.045702768677955
40 1.565565747926762
40 3.263409689980557
40 3.239212744708402
40 2.324609765124515
40 1.084870495020674
40 2.073711122778843
40 1.361939048816005
40 3.323707634758465
40 1.181113701023900
40 1.765350371934225
40 1.982306264775312
40 1.211752101446951
40 1.824083717075611
40 1.574416561835072
40 3.225032492245087
40 2.338603069182204
40 1.410092144956140
40 2.661800604115188
40 2.645774173381600
40 1.500357668281643
40 1.718398729093195
40 1.688451121452369
40 1.934984355876709
46 1.450644724329316
46 4.490051836091562
46 3.160557525085536
46 1.672170865602659
46 4.269497953636302
46 2.322364023075534
46 2.631859753098066
46 2.628295152022140
46 4.295026465994017
46 4.367780249733950
46 3.242822076498692
46 1.695849716633143
46 1.411353541508073
46 3.947731202956905
46 3.514976665635280
46 4.685982611457156
46 2.878812244656341
46 3.869020200963930
46 2.286505814273760
46 3.041858260091245
46 1.859754539082433
46 2.524523882228756
46 2.974279515220549
46 4.062701787510248
46 2.538526025736869
46 3.055674133668150
46 3.016478153763764
46 1.550901646985619
46 2.624772792482605
46 3.294625759699484
46 2.278134192851743
46 2.841031146928882
46 4.600096938902947
46 3.330409229601897
46 3.292772822546320
46 3.112561129809377
46 3.439269406083167
46 2.929440868467830
46 1.823925241291971
46 2.178933347994912
46 2.555681008647413
46 3.090486314489655
46 3.700648890286026
46 2.227646289120327
46 1.781137929387398
46 3.654526124058716
46 2.819945201189966
46 2.973728139030300
46 4.264691728004619
46 2.123832303945274
46 1.803650423020954
46 1.888609175543134
46 2.463271184386863
46 1.855255189122098
46 3.475087226149816
46 2.461469783743388
46 3.718470335717124
46 1.228097645754131
46 2.469899328710865
46 2.626595917443828
46 2.198358420806198
46 3.002683578924781
46 2.521854605609288
46 1.181026826652158
46 2.086726858080729
46 3.085253381886290
46 5.452155075652796
46 2.748932618751444
46 3.389307708723199
46 2.577740705574343
46 3.360803740259635
46 2.503900947595630
46 3.052444852580892
46 1.920497707215120
46 4.085129589231267
46 2.402334736384829
46 2.800109814900206
46 4.571333943029349
46 3.321665998809335
46 1.657961950985635
46 3.363467260001750
46 3.421195086703816
46 2.777337042556303
46 2.109225261115248
46 4.614587135643676
46 2.923115792222967
46 4.611218786969558
46 4.527750630615591
46 3.453503930759294
46 1.931909393821302
46 1.941806296339356
46 1.626150257946231
46 4.624525712989097
46 2.548992649568639
46 1.999975586848854
46 1.906895924444330
46 1.292377017419976
46 3.727107147872013
46 3.159408696457952
46 3.693350846547445
46 2.547775328213240
46 3.543947206210730
46 2.187330963250425
46 1.792380072357108
46 2.829627253337101
46 3.421632211338222
46 2.097260260380357
46 1.627460413506430
46 3.176839952956085
46 2.900725339074602
46 5.680854806782234
46 4.488212239461435
46 1.842956850265757
46 4.373442513390255
46 2.029532794920014
46 4.052299580830718
46 4.038262117913482
46 3.293204719228982
46 1.678704035373889
46 1.923268655362101
46 2.287067317391061
46 3.822365342060283
46 1.549375790261998
46 4.085255103242798
46 4.792218593201707
46 2.899426193961491
46 4.359821103982785
46 3.021655937534691
46 2.218206469729758
46 2.277674721710651
46 2.074389411941749
46 2.433127410980080
46 2.246357091691973
46 2.848991992275987
46 1.847794938177894
46 2.316504043501790
46 2.584079063344978
46 3.844472054416221
46 2.446374199442884
46 3.539039736572274
46 3.613587581878324
46 2.459612751614552
46 2.842298156293158
46 3.526412622645441
46 3.214098937411761
46 2.338701874562451
46 4.046961919522950
46 2.332730841000404
46 2.074427150029231
46 1.469691963000171
46 1.548588242446308
46 2.499275006146783
46 3.291183585775781
46 3.674738404980324
46 4.286039119787939
46 2.632083659132215
46 5.032590357095660
46 4.226868068317655
46 2.896731718788334
46 1.991778584234168
46 2.476363435660595
46 3.847193355454799
46 2.443688155071585
46 1.910501491257498
46 4.533738344810942
46 2.249538531162904
46 3.504870373442487
46 1.462646244542469
46 2.825819597485792
46 2.711721098387716
46 2.528555384436132
46 4.317022820789746
46 3.226631658311799
46 2.084638729207750
46 3.938554488564131
46 4.527800131469837
46 2.645560980998312
46 4.370617772527046
46 3.201467560768124
46 2.844758894846823
46 2.074733949408512
46 1.604961143423480
46 2.090488945417884
46 2.959752906687235
46 3.435807800824977
46 1.553488174146526
46 3.330678523103250
46 3.717695060634932
46 1.576118757279273
46 3.356140592672839
46 3.797392668250312
46 3.841860177249675
46 2.865002315577171
46 2.172231923983373
46 4.088576923665574
46 2.869634303783238
46 3.376456524943223
46 2.801421635381630
46 3.165880547075850
46 4.172622546421257
46 2.848687216458817
46 1.906568611891289
46 3.880975225451693
46 5.464316459667749
46 2.961580021227686
46 1.852288031907924
46 3.278459962866016
46 2.453945289310870
46 1.954855582854626
46 4.428363573060831
46 2.526487268831718
46 1.746077973595644
46 3.162842979854747
46 2.089276344940554
46 3.081639138129477
46 3.640603327889350
46 2.379184434882671
46 3.421254047200127
46 3.372414678706854
46 1.751245775509841
46 2.437254602417801
46 2.744926376056037
46 4.075318125702777
46 5.191541688186517
46 3.986292811412226
46 2.816314284106367
46 2.961770820080277
46 2.266027980038083
46 1.900492970157926
46 4.568660695834533
46 1.587376740802704
46 3.337775685174705
46 4.719817292832671
46 4.638170023258958
46 2.839916022251330
46 3.005315003574870
46 2.542183657373512
46 2.343247168797392
46 6.301957608167108
46 2.915299215645309
46 1.841478156446554
46 2.582254616764855
46 2.976591028298537
46 3.232244396477495
46 4.494916552368216
46 4.012481103006684
46 5.495386261458945
46 3.296511308101368
46 1.616216137146855
46 2.023856900076406
46 1.532960286629899
46 3.182297978689336
46 3.214539611366373
46 2.683382642203596
46 2.221471861875344
46 3.675144912933902
46 2.360541486596552
46 3.133618041915229
46 3.098562717540271
46 1.358485278446225
46 2.728496879951738
46 1.436428618796633
46 3.560680488237717
46 2.035228926536852
46 2.958961038820671
46 1.964044353814445
46 3.057887806676466
46 1.245735886247413
46 4.449641626916777
46 2.212333234126891
46 2.483496873247675
46 2.580939684724371
46 2.096704397852998
46 2.704448987768376
46 2.115674207118848
46 2.512531758217964
46 2.394800399325512
46 2.680051591245824
46 2.666673586444157
46 3.355059013426446
46 2.132977367640483
46 2.477624808829672
46 2.485118649057276
46 3.958509089744965
46 3.867876048381871
46 2.524313792340639
46 1.722684957317882
46 2.797279555087046
46 4.246169415427850
46 2.236182721220924
46 2.482250648113580
46 2.685087342682906
46 1.484719588796851
46 2.464678670413817
46 4.002663116629629
46 3.053585986836189
46 2.177136893206502
46 5.952197565477846
46 5.046077838186547
46 2.482385560565527
46 1.964276369847918
46 3.858099285714106
46 3.105307372751872
46 1.592674359319094
46 1.912738245954237
46 1.819243466543496
46 2.187167233518403
46 2.144429406557298
46 3.556745621442071
46 2.727229798951068
46 2.610890191692572
46 1.766657118380885
46 2.293727084959365
46 2.840340889513421
46 2.517776778837022
46 2.655494084996425
46 2.504280490753582
46 2.536865445170882
46 3.613877488300588
46 1.455186497861494
46 3.045433416991861
46 3.066641046822812
46 2.783237590335473
46 3.214156539164255
46 3.088304618493702
46 2.028995269608413
46 3.121121600247962
46 4.070905469284307
46 3.548196317903328
46 3.363895399887763
46 2.088408503816821
46 2.696849368863352
46 2.020652993532044
46 2.958762678794100
46 2.301851401679808
46 2.880121120676497
46 2.144961226147706
46 2.696316380843449
46 3.298616066696039
46 4.551715078244602
46 2.260828270756707
46 3.354200670211268
46 2.570509000324286
46 3.173535073087578
46 2.098630147821837
46 3.167459325811709
46 3.956138342256265
46 2.085979471260665
46 3.676226757424126
46 1.991033055913708
46 3.502161267419565
46 2.620042038844112
46 2.213847491143722
46 2.049640458190038
46 1.276237217080487
46 1.624994088054582
46 2.356143635041594
46 2.460258059968056
46 1.976729345260711
46 2.089372382108022
46 1.852792881284461
46 3.623906412638043
46 2.080274748529762
46 2.727706387360021
46 3.131168079373992
46 2.596674178411057
46 3.496888605455577
46 3.800881837738363
46 1.679643271957214
46 2.528897671479786
46 2.045935858408690
46 3.596357816579543
46 2.122996990917437
46 4.507794504746692
46 4.318460695497301
46 4.057587566357310
46 2.160992943018651
46 2.307221754240906
46 1.879636915687417
46 3.365141686972416
46 3.080044717654906
46 2.597531777773883
46 4.602078594732207
46 2.691746957142107
46 5.109547282153136
46 2.304625610161510
46 2.644307597027395
46 5.406098650287285
46 3.252667485058701
46 2.656335691287875
46 1.950027282785158
46 1.630026262221482
46 1.555453397641820
46 1.853269300487526
46 4.077051636161323
46 2.092683219047924
46 2.935175465791350
46 2.211661492677931
46 4.359864447596967
46 2.774598631421953
46 2.618217681386160
46 1.948110910693873
46 3.018394053142687
46 4.154230500860740
46 2.430446029891299
46 2.711070268479229
46 2.793261882275495
46 4.567622775748933
46 3.376307667434554
46 3.451707642666806
46 3.193559785214181
46 3.854753846239995
46 2.296282510010277
46 1.822296107607920
46 3.947507994276429
46 1.806737380258459
46 3.043764302011482
46 1.806776314438235
46 4.075782877021304
46 3.704436379611696
46 2.058047683197101
46 3.626361304430556
46 2.322437298639378
46 2.404978071008529
46 1.869259754999024
46 1.833754874250513
46 3.805312495792387
46 1.799292973687742
46 2.200637938285815
46 3.331650387035649
46 2.149097767926052
46 2.702604591927806
46 3.875080572245371
46 3.021559172366277
46 2.572388642667434
46 3.549325384053176
46 3.401373697499659
46 3.110093103271354
46 3.408565219998415
46 3.280993010989274
46 2.290807065196532
46 2.031068509926094
46 3.622490073374992
46 4.501408572774799
46 2.129595855876167
46 3.782067817308501
46 4.523377261786144
46 2.557218753059888
46 6.781704756032291
46 2.142227178236800
46 3.091733616075653
46 1.907050465465822
46 2.520828563705765
46 1.406379911277547
46 3.346603880273221
46 2.105531423755693
46 2.867888831960297
46 2.923406770439972
46 1.880646388828951
46 2.713197156845986
46 2.544609437465445
46 2.334256477693237
46 2.534692746495140
46 5.894348531722926
46 3.560488289226335
46 1.178913041947490
46 2.821875283337822
46 3.424024260152736
46 4.053834723774628
46 4.319387797292671
46 3.349799179124140
46 2.390269428538158
46 1.438559465345914
46 2.450275355392156
46 1.888071735588571
46 3.079905601054366
46 3.137409431093336
46 2.613074855566449
46 4.738893910626567
46 2.331119571750841
46 2.578459151902524
46 3.368161511676288
46 2.762498103457705
46 2.509241493693088
46 2.875006521750616
46 3.148191794516559
46 2.359034578507552
46 2.579697276424793
46 2.768868954790906
46 3.162389110996588
46 3.234152173140427
46 2.795657668584081
46 3.990274843519587
46 2.574306329357706
46 3.724561446305673
46 2.261834906875567
46 1.136965709668335
46 3.394627637521713
46 2.857731272198655
46 2.493289582335018
