10 0.005092817988694
10 0.008065187025565
10 0.012822000773355
10 0.009495428515091
10 0.014362517913618
10 0.009890435249018
10 0.008707081450348
10 0.016445598718152
10 0.012311615172137
10 0.011950090090880
10 0.015864461583749
10 0.015236153665978
10 0.008147262956117
10 0.009779379034168
10 0.015754497335238
10 0.009087533161642
10 0.012452165530321
10 0.007371892518826
10 0.010530489859585
10 0.009939942978318
10 0.020664027741263
10 0.008728886013107
10 0.010884700425270
10 0.010497616479653
10 0.012393505874173
10 0.010801308504289
10 0.016379761172255
10 0.011465698559990
10 0.010899095108097
10 0.015768602061999
10 0.011654415683740
10 0.023633758604751
10 0.014749060922090
10 0.015712522867692
10 0.014543239870727
10 0.018203941108649
10 0.009546665994140
10 0.009089428297888
10 0.006487826008150
10 0.021694573128795
10 0.008365263365418
10 0.011727739610132
10 0.012341884426599
10 0.009208402324276
10 0.013572806883607
10 0.013950057545985
10 0.008101002471067
10 0.009933719234819
10 0.015133408867114
10 0.018051981977387
10 0.010953194321892
10 0.015448708587226
10 0.012326785491721
10 0.007518320151074
10 0.008161822698102
10 0.011751287613542
10 0.012615055123199
10 0.010774057042940
10 0.016028817075580
10 0.016313766951189
10 0.008783518120390
10 0.015151663291698
10 0.014507271833932
10 0.008120507249427
10 0.006938897419291
10 0.007089613487917
10 0.008711659882247
10 0.011802406342918
10 0.013866414560051
10 0.015695084564039
10 0.019687744458462
10 0.008274467015104
10 0.011480149845265
10 0.017687711005070
10 0.011458098398308
10 0.010145756407809
10 0.008554218163020
10 0.007522348841800
10 0.009412137938395
10 0.013548206911142
10 0.008101583089532
10 0.017549094243144
10 0.013915420476627
10 0.006844064004536
10 0.014530413158544
10 0.007039981550849
10 0.008045410509998
10 0.010672388370238
10 0.009343300082795
10 0.015400579318214
10 0.008993364370118
10 0.014836180214883
10 0.015691208331798
10 0.013752318002770
10 0.007385200137337
10 0.017430848983829
10 0.007592902735812
10 0.011781402768293
10 0.010269302459763
10 0.008045965737303
10 0.006572606745961
10 0.015236054503280
10 0.007636907452053
10 0.008293844892012
10 0.012373695122483
10 0.007215271911666
10 0.009385326760455
10 0.016168541697459
10 0.005679024404627
10 0.010211495728379
10 0.007416678047948
10 0.008422631953845
10 0.017195128744161
10 0.010733402404189
10 0.012326008689958
10 0.011628176346932
10 0.014303942765658
10 0.007495359294860
10 0.013825280532068
10 0.005868452271795
10 0.010369240145292
10 0.009007781968094
10 0.006368134799237
10 0.010830963993538
10 0.010042324000880
10 0.016412254567211
10 0.017521654926291
10 0.018833791172561
10 0.007432286637051
10 0.011112704961350
10 0.009665098309104
10 0.021634268327587
10 0.010833752927308
10 0.015037969529060
10 0.022032624330093
10 0.010061714716472
10 0.013100133334042
10 0.012200183677002
10 0.021591171102588
10 0.016130654075848
10 0.011464109406287
10 0.008427143927174
10 0.010615954695958
10 0.009968179830914
10 0.016468168630328
10 0.013960287013037
10 0.014338275552606
10 0.023301792798047
10 0.008166643877996
10 0.019287721837338
10 0.014828515417020
10 0.008725124252224
10 0.007350318413946
10 0.012020273993139
10 0.015410573023033
10 0.012650543526688
10 0.011586769452435
10 0.007488943034911
10 0.011419938858011
10 0.013826698054236
10 0.014863167053250
10 0.010851782447357
10 0.030504487445717
10 0.012146389004796
10 0.009506308174280
10 0.006376486880576
10 0.007947341632210
10 0.017954327050422
10 0.011921318930520
10 0.009665093748005
10 0.007935587449551
10 0.008982357843975
10 0.012100231124694
10 0.013797646707763
10 0.010157510260371
10 0.012570961182915
10 0.006547854423422
10 0.009948173959935
10 0.010148613246393
10 0.012874025689321
10 0.008307358768600
10 0.013312326912605
10 0.008619955375016
10 0.008304897512051
10 0.008332219645907
10 0.011726075321848
10 0.014603118622702
10 0.015471212797474
10 0.007939666900494
10 0.007597063203338
10 0.012718345622104
10 0.008975963822606
10 0.011987589778193
10 0.011614106627938
10 0.010141670233010
10 0.009674044917840
10 0.008059769983719
10 0.018419285179632
10 0.017205571485617
10 0.016894589003541
10 0.021468169668185
10 0.024647062240794
10 0.009389263061466
10 0.014127887063996
10 0.013845392527835
10 0.013755799235487
10 0.006221242019078
10 0.007312676209681
10 0.014253640329589
10 0.016748942525059
10 0.015916054696555
10 0.017403642885907
10 0.013549112524492
10 0.013467880338806
10 0.006522310495490
10 0.009861291542586
10 0.006061603315260
10 0.016894341642388
10 0.011040844682241
10 0.009134847869084
10 0.020530419099675
10 0.012327691740932
10 0.012085806349188
10 0.009606416836200
10 0.017397145676711
10 0.009840393647582
10 0.008486407635284
10 0.011330862570965
10 0.008607052927818
10 0.012111867774432
10 0.023787966853293
10 0.011231315170090
10 0.008441766885304
10 0.015284117148191
10 0.013113508911805
10 0.014209895953689
10 0.007766089682938
10 0.009420562619985
10 0.020130224327476
10 0.027027811802269
10 0.009009810774428
10 0.008005808297035
10 0.012503083266177
10 0.011308369101664
10 0.011163975523226
10 0.008113043606042
10 0.005944060818886
10 0.014753652710585
10 0.010421388042069
10 0.013060263887460
10 0.011244250006296
10 0.007246185499250
10 0.010559053963812
10 0.009665578090429
10 0.016077347212527
10 0.010358827906382
10 0.020443513025203
10 0.007875142784934
10 0.005742550344416
10 0.019947460675110
10 0.011657369641139
10 0.007916359941557
10 0.009020593141449
10 0.009143478096723
10 0.004734903260160
10 0.012518681979641
10 0.017096393744595
10 0.010282015906914
10 0.009069885217021
10 0.007270524027063
10 0.019581502676365
10 0.007925035405454
10 0.006855396974539
10 0.006374149765102
10 0.010626859316560
10 0.009612524799948
10 0.012601470759133
10 0.011629644078907
10 0.011211116984353
10 0.014008800066959
10 0.018288421755879
10 0.016740033537958
10 0.011331536625351
10 0.011772590247119
10 0.007925247704192
10 0.011016572849232
10 0.007330491016898
10 0.011384554900335
10 0.016812675518541
10 0.020819081553933
10 0.018664849436757
10 0.011266765970573
10 0.012231096575616
10 0.013568200693852
10 0.009599958369672
10 0.008032995710799
10 0.011349318321580
10 0.011895106008557
10 0.017341118870775
10 0.008802023177818
10 0.017435337902328
10 0.007686299204187
10 0.013727723617254
10 0.008697490143929
10 0.019420549073818
10 0.021209499312166
10 0.012009911950637
10 0.008294594472090
10 0.013474276169242
10 0.010322767040885
10 0.008783439822999
10 0.011487973622501
10 0.010984692443735
10 0.009514498286837
10 0.027700117406972
10 0.010614999578381
10 0.014686434734248
10 0.005214694823664
10 0.018676350232099
10 0.008996644453553
10 0.011353295856375
10 0.012055419839910
10 0.011719192102852
10 0.020586416908307
10 0.008039149384775
10 0.010571888341555
10 0.011264055448760
10 0.015194995316137
10 0.011883552643685
10 0.012277923151606
10 0.012149707818447
10 0.012244628260091
10 0.008436489273127
10 0.010595501881867
10 0.011394814426117
10 0.015512488782565
10 0.014907413740611
10 0.015545323025626
10 0.010324987282866
10 0.010515168050825
10 0.012826053578154
10 0.016406318341848
10 0.015846102476774
10 0.010414089577346
10 0.008556578135409
10 0.018165164351739
10 0.008953006329492
10 0.008281816341184
10 0.012756898587954
10 0.009468790360192
10 0.011644613115503
10 0.006162821854742
10 0.006453467181633
10 0.012131008444517
10 0.014799690134065
10 0.007403638898257
10 0.013228720301132
10 0.006933288299215
10 0.011292707066123
10 0.011835469912134
10 0.024922579392329
10 0.010266606388521
10 0.007641054900581
10 0.008671755719535
10 0.008388073595019
10 0.005505703384276
10 0.008737943011250
10 0.012495499205375
10 0.006529120811904
10 0.008968904909180
10 0.011427434600531
10 0.009625106220705
10 0.016167998990708
10 0.009214836295502
10 0.012154126628167
10 0.013181730232661
10 0.021074060449752
10 0.011231181446067
10 0.009103702843521
10 0.014381774669002
10 0.013102183485818
10 0.010966408308947
10 0.009086117839772
10 0.011824270645379
10 0.010428688564277
10 0.011390949229894
10 0.009524069050337
10 0.013386583943533
10 0.009458807132397
10 0.008326608113215
10 0.008928737597501
10 0.008222798112481
10 0.010939934269643
10 0.008095703159336
10 0.009170180534139
10 0.013944923192059
10 0.005518557163793
10 0.010256624493962
10 0.020803513222178
10 0.005512955030463
10 0.006776586109001
10 0.014133723053621
10 0.023793842876069
10 0.011560069603663
10 0.008097872701551
10 0.007089804316676
10 0.014732454083904
10 0.012755442635499
10 0.007019294751765
10 0.009274170125564
10 0.013348015963711
10 0.013760024800082
10 0.012365776489345
10 0.011684148735677
10 0.010699520349280
10 0.009745871166144
10 0.010504322341976
10 0.015781779024975
10 0.011860404465044
10 0.007290063814209
10 0.014579027249501
10 0.012730147058561
10 0.015541419720428
10 0.006044629493393
10 0.007549337752223
10 0.006505988503916
10 0.013784546860778
10 0.005359764574489
10 0.012331206706602
10 0.013868589307702
10 0.010733360596047
10 0.012772861440266
10 0.015280487033992
10 0.008623618902559
10 0.023835385235994
10 0.006714955146169
10 0.007714514545905
10 0.012934053244985
10 0.014574743965620
10 0.014659285211596
10 0.011542254330333
10 0.009849761493207
10 0.011480849513683
10 0.005644683662140
10 0.009063084964125
10 0.010891021822394
10 0.013890466147269
10 0.011035017384835
10 0.007685790523632
10 0.017838422324732
10 0.013635880975260
10 0.012966051477224
10 0.006411021644158
10 0.007087817955216
10 0.004740575148108
10 0.006817816895789
10 0.008591118862155
10 0.010960669751804
10 0.018321351384039
10 0.008585926811387
10 0.008208145036833
10 0.012350378700892
10 0.009777857821774
10 0.008604680491100
10 0.013784857215746
10 0.011489619036543
10 0.015223947667388
10 0.017857916405017
10 0.012482282089391
10 0.017142214234609
10 0.009616718583097
10 0.008341234436611
10 0.005698326599490
10 0.007320855626492
10 0.008331752322872
10 0.008478904082184
10 0.019464272601218
10 0.014532600910818
10 0.010880190547755
10 0.015123161519221
10 0.018859061332347
10 0.006510872724786
10 0.007398289434897
10 0.020901677055524
10 0.008326575282646
10 0.011284886270449
10 0.014031457558857
10 0.008337440514600
10 0.009082839327872
10 0.008555767649636
10 0.007769960932308
10 0.012862535619509
10 0.006670490615174
10 0.010827574674968
10 0.006461882943623
10 0.008883923040339
10 0.008335035364640
10 0.012985459258092
10 0.019722988406283
10 0.009973495762105
16 0.050574782124158
16 0.082521945851026
16 0.075183922033346
16 0.070326154458011
16 0.037153272015996
16 0.043412991544824
16 0.060675812514356
16 0.049877214791584
16 0.116776972254606
16 0.048122122732131
16 0.090375902749591
16 0.084534776213095
16 0.088886212103849
16 0.068783763385225
16 0.077882661311253
16 0.078677647324777
16 0.112972772533022
16 0.058177519113354
16 0.039409414240301
16 0.113774950129349
16 0.099303151918746
16 0.144897824997290
16 0.068395246572594
16 0.069509362832809
16 0.056350719664559
16 0.037587682232231
16 0.114379355024163
16 0.065506697710060
16 0.076827349317244
16 0.088545962738535
16 0.050278747837263
16 0.080556990091613
16 0.097771190998435
16 0.063506239757287
16 0.057778780783461
16 0.063220243443889
16 0.161169530291014
16 0.057133724967147
16 0.082916017289954
16 0.106987342982067
16 0.072697160783841
16 0.150159779384240
16 0.116315197188842
16 0.050594688651792
16 0.050529679921693
16 0.084939794894356
16 0.090429029381866
16 0.104095397372587
16 0.033163534055025
16 0.072869588257776
16 0.046659189604981
16 0.145979642114876
16 0.121847906751009
16 0.080729539998751
16 0.073313927960972
16 0.107868083353907
16 0.129460942473086
16 0.102278255367862
16 0.068201807218019
16 0.084708987895418
16 0.054509081272374
16 0.059404645021080
16 0.078919508109573
16 0.073248717710726
16 0.074167746430653
16 0.158812351617310
16 0.116169935635891
16 0.041885480811421
16 0.046953391903011
16 0.157052550069710
16 0.037759465460242
16 0.064210412654499
16 0.094174325095513
16 0.092913101585950
16 0.085637469153929
16 0.049514978450441
16 0.078452073268380
16 0.122855568126433
16 0.129410768250403
16 0.053730866211518
16 0.057451007644617
16 0.158795199768018
16 0.124387300339640
16 0.161714287943770
16 0.051971277220435
16 0.058969987232041
16 0.057503452760725
16 0.072169945897145
16 0.056206182957503
16 0.085743529566366
16 0.119841933449287
16 0.092666443771597
16 0.054215028244317
16 0.048073158157635
16 0.036160435283509
16 0.047032225671716
16 0.073237324212283
16 0.061927529521209
16 0.084784669576804
16 0.063730867092061
16 0.080564712629027
16 0.062624367179727
16 0.105880958948401
16 0.101708533015538
16 0.056778519901777
16 0.071304992181037
16 0.074643052428664
16 0.067870523304720
16 0.063968802167465
16 0.074474653184248
16 0.102505073145628
16 0.109276022860322
16 0.119921026809504
16 0.043280763697092
16 0.117681594543838
16 0.077468344517447
16 0.089994534203932
16 0.058489658004205
16 0.066589111060126
16 0.042723094714477
16 0.051181437569464
16 0.085490396230158
16 0.105609396077818
16 0.079214728842165
16 0.063381934756258
16 0.100726518687685
16 0.142448545929206
16 0.093858201782368
16 0.066464799462752
16 0.093462153032279
16 0.043778876489477
16 0.030454154758029
16 0.064357418033215
16 0.115367413824061
16 0.046634386498252
16 0.120054045058381
16 0.103140896820835
16 0.089899800976406
16 0.137916549185862
16 0.048882874976187
16 0.081777604049894
16 0.073908185098904
16 0.123127615017016
16 0.052432709139992
16 0.049465571799299
16 0.062321096792172
16 0.082213009924206
16 0.105312883127408
16 0.080051384728698
16 0.085971973647708
16 0.034351735830086
16 0.074855232682159
16 0.066362571134045
16 0.077851934198933
16 0.086933054611239
16 0.091201926441442
16 0.085089543081079
16 0.054426641976423
16 0.036143628606144
16 0.076728774167994
16 0.054025595898960
16 0.069401108755707
16 0.077446083700333
16 0.079933616732319
16 0.131826300277163
16 0.071328383633186
16 0.112717922498991
16 0.067337282669230
16 0.059992759352157
16 0.036893015071406
16 0.091761660978611
16 0.061816715142216
16 0.086786886092120
16 0.062247793074453
16 0.087226159671672
16 0.044942431287706
16 0.076734141618810
16 0.073397526308868
16 0.073912940731677
16 0.038331477997731
16 0.055525046987011
16 0.114467771884960
16 0.107736134721764
16 0.075267686770955
16 0.064645248828103
16 0.087328856677341
16 0.071391212657415
16 0.115686804543395
16 0.099390823746593
16 0.051985998831246
16 0.093775488124622
16 0.073237997298159
16 0.071942973437872
16 0.038739967818341
16 0.069155635677299
16 0.092971982727238
16 0.041491866713024
16 0.080932125245113
16 0.056524923215184
16 0.087255547640073
16 0.075625344165974
16 0.070711547086540
16 0.091786470948918
16 0.088747092252576
16 0.064577822167078
16 0.065144399677514
16 0.114281817484495
16 0.076113002553953
16 0.069796547178024
16 0.072369645958037
16 0.068002447352357
16 0.050594654922834
16 0.111768354759593
16 0.074622649587379
16 0.052620101149460
16 0.061042178414990
16 0.072507482949599
16 0.066706791488983
16 0.051801843233468
16 0.153345248115645
16 0.069909252700761
16 0.090768042299754
16 0.050885878053678
16 0.127492253698176
16 0.047996829892292
16 0.117114253521327
16 0.090903586239188
16 0.061139422686483
16 0.072919064772536
16 0.051159558428400
16 0.100207122872348
16 0.056307464637748
16 0.049362162778742
16 0.080051061802973
16 0.067079787418222
16 0.093956832109467
16 0.064245321363223
16 0.053941665734885
16 0.095978197665526
16 0.083649451310333
16 0.086686161371287
16 0.077454875570043
16 0.107340369568209
16 0.065306466114810
16 0.066609743925059
16 0.043484370270961
16 0.088235574925142
16 0.124127223023690
16 0.066650101336799
16 0.090158021616274
16 0.062935031871006
16 0.066103841570418
16 0.091902340460517
16 0.081750265183449
16 0.063185067347775
16 0.046991061318488
16 0.073941380197148
16 0.060251808408500
16 0.054133174171085
16 0.072232006656631
16 0.116432266654486
16 0.071569487683496
16 0.115642626773021
16 0.119389405020411
16 0.050306550810057
16 0.044309959214995
16 0.067583671992478
16 0.069318717945452
16 0.075170881731932
16 0.074459474910079
16 0.064461691831801
16 0.074949382661579
16 0.062810426727256
16 0.059453954917170
16 0.047514748124946
16 0.097208642136458
16 0.070116188569272
16 0.104901629518040
16 0.063286552584019
16 0.080877974325687
16 0.080969618007520
16 0.082361547521143
16 0.081334832507698
16 0.115355969712711
16 0.038995810045608
16 0.097516028165429
16 0.074234923050745
16 0.103536105287063
16 0.042134743081567
16 0.055445841543088
16 0.056943955292872
16 0.120081244228611
16 0.089241389463499
16 0.196114482521091
16 0.081018723241741
16 0.092628615245102
16 0.049027621198595
16 0.099553884816288
16 0.043969548866505
16 0.061340375292673
16 0.108143911437714
16 0.090504881518847
16 0.059731841260792
16 0.060372711150148
16 0.051390667865817
16 0.037577470912450
16 0.071766987135009
16 0.039296131117823
16 0.075366252774679
16 0.072200254740157
16 0.068664192600285
16 0.057150669674366
16 0.164663775166470
16 0.090636619037571
16 0.081507072238350
16 0.079136362890823
16 0.083127023137645
16 0.064891848944205
16 0.071611072536913
16 0.095842310374467
16 0.045320025865397
16 0.058396984475080
16 0.080814183796731
16 0.055230126817347
16 0.059341262207466
16 0.117567750401376
16 0.085432080430006
16 0.166213766431604
16 0.061514207830528
16 0.111391147378878
16 0.043128154703839
16 0.047438684019586
16 0.069292198794203
16 0.076370546602305
16 0.102521289467807
16 0.094138951195367
16 0.122419454718407
16 0.053023204798199
16 0.057390345675840
16 0.064241218072656
16 0.059066012343294
16 0.081283376695542
16 0.072381135071745
16 0.064757268463357
16 0.073870303700271
16 0.060322456056189
16 0.102351802860262
16 0.056587024519464
16 0.079330958345775
16 0.086443342848440
16 0.076213934573459
16 0.079139690764479
16 0.091841276513089
16 0.093884332596460
16 0.079473931242054
16 0.102340408800133
16 0.094477881293704
16 0.070582486963270
16 0.064111037427661
16 0.101381377764741
16 0.048476127342516
16 0.082952701113451
16 0.090172358416967
16 0.073945871861432
16 0.093391083499234
16 0.089098869774373
16 0.084551406407688
16 0.074740015001352
16 0.114863361232212
16 0.119820015371302
16 0.060242068803959
16 0.086742157258505
16 0.055317956986450
16 0.057371494262422
16 0.100680297892926
16 0.078144859360901
16 0.111149469823598
16 0.045324524825110
16 0.130658486597225
16 0.135292710575198
16 0.071848432431218
16 0.060228896017759
16 0.081950330972473
16 0.038138856897348
16 0.106946070056675
16 0.058671101960488
16 0.091365177649874
16 0.080176326436169
16 0.056810805585835
16 0.054887276576721
16 0.106238673696168
16 0.123220252042089
16 0.051007889649504
16 0.075155904116019
16 0.090473705926893
16 0.067264031535545
16 0.053095994867388
16 0.097250742581277
16 0.061035789246591
16 0.078872591489136
16 0.070325942115385
16 0.076428627535855
16 0.086928430144753
16 0.069062417272067
16 0.053264764326529
16 0.061963243967193
16 0.048471256540946
16 0.038325583932535
16 0.131794186488020
16 0.074842269084861
16 0.116853996074600
16 0.091488817304743
16 0.055126842700069
16 0.079135166123975
16 0.070618973563073
16 0.073241664465912
16 0.068582464034629
16 0.058249533047478
16 0.047775038738940
16 0.051333231719950
16 0.050809822581729
16 0.073535864772411
16 0.085374641039030
16 0.086984336028331
16 0.077619750104813
16 0.117435188722698
16 0.043315887937422
16 0.074288054855070
16 0.093035231773304
16 0.058161685573800
16 0.077955194240648
16 0.075821909981381
16 0.089031775987512
16 0.055382806143431
16 0.123853347138581
16 0.052293456146478
16 0.079489479068795
16 0.081537451030850
16 0.092417130860733
16 0.090286079058547
16 0.078698399983224
16 0.062215314769161
16 0.128441904378358
16 0.045395546764040
16 0.067693660393737
16 0.090614313512528
16 0.044371244293349
16 0.064503363009407
16 0.053374192758655
16 0.142285289884938
16 0.068278330901177
16 0.062586998935354
16 0.045510923310592
16 0.195833021120464
16 0.092248101010325
16 0.060020690273933
16 0.106588027997426
16 0.046828745409462
16 0.061388142575761
16 0.079964523539354
16 0.051304881596730
16 0.075689936673836
16 0.087192385287262
16 0.106888249001456
16 0.068117035127243
16 0.085550315958585
16 0.056412984097021
16 0.065359875443991
16 0.074857118682614
16 0.089423744939394
16 0.094705756585169
16 0.062173545279424
16 0.085752916068764
16 0.178601079667923
16 0.103930129668878
16 0.102727143116457
16 0.066846771385339
16 0.053848750235721
16 0.039957941636506
16 0.055780271506328
16 0.118523430778896
16 0.054062926609515
16 0.083383457013844
16 0.040996145867163
16 0.063876128776450
16 0.064888788948020
16 0.070581545982150
16 0.071082429762001
16 0.048700388763559
16 0.044989668381058
16 0.054961575735033
16 0.072082374054493
16 0.089287736813421
16 0.090937864292096
16 0.080512225790166
16 0.055122958121762
16 0.152475744115205
16 0.105551211682865
16 0.053161697043866
16 0.073152795496735
22 0.318051307475256
22 0.174918355782719
22 0.317622130255633
22 0.341008787363088
22 0.438756060829184
22 0.235476570324291
22 0.270298674328137
22 0.303220459793761
22 0.275257913810388
22 0.233247960940778
22 0.223471045707758
22 0.269304607573578
22 0.398177297652507
22 0.738551818265193
22 0.374729032684051
22 0.360098616026858
22 0.440035139608212
22 0.165855999447682
22 0.366157338126678
22 0.297891188678689
22 0.139481415171177
22 0.761896678040029
22 0.344973850344716
22 0.187301129945312
22 0.338820510115835
22 0.337696967407930
22 0.226592528324481
22 0.227357160178997
22 0.376154264913889
22 0.250266436946209
22 0.147637500638420
22 0.173104120526898
22 0.374191158274533
22 0.328925555966821
22 0.320299977731415
22 0.222079160623295
22 0.217410760099486
22 0.247261294531485
22 0.263745372264092
22 0.549167584579352
22 0.276570208781612
22 0.325789848239813
22 0.257643602067379
22 0.221068107846318
22 0.260958752775900
22 0.195564644355688
22 0.254615576424720
22 0.286461978044267
22 0.234595659848174
22 0.297266348039831
22 0.224579521474697
22 0.191203936585349
22 0.358065393112728
22 0.234193546099786
22 0.147738848440907
22 0.352165060071794
22 0.246942478665276
22 0.239003011339275
22 0.432817497429931
22 0.277075007125519
22 0.187116263788468
22 0.123097574984369
22 0.243604588365210
22 0.221996640433735
22 0.291413739554623
22 0.279356420689484
22 0.380405636008027
22 0.308424997618026
22 0.192820830221522
22 0.221988647139248
22 0.342428536975358
22 0.203954664830768
22 0.243157893350279
22 0.332147587989547
22 0.152928664950695
22 0.351682171461266
22 0.274698873796220
22 0.258874443085212
22 0.265047773653617
22 0.251808588397598
22 0.517532637416313
22 0.621866263388998
22 0.162712487126823
22 0.244596106849153
22 0.232505363031165
22 0.307824510115105
22 0.422431716378663
22 0.321069509443618
22 0.111970294583670
22 0.262548841152428
22 0.266518566836935
22 0.225575209199775
22 0.225194795562331
22 0.286413226150479
22 0.478771418903176
22 0.374907233747054
22 0.297591565181874
22 0.298795313589985
22 0.247350241178309
22 0.364221731970795
22 0.253003534413140
22 0.213522025153567
22 0.239944324094159
22 0.488245388809482
22 0.341219343058627
22 0.405490471107607
22 0.398996343063632
22 0.256397578270241
22 0.195570023910889
22 0.184842580527601
22 0.213767758678902
22 0.297152099168204
22 0.152002624496164
22 0.230296234789850
22 0.153237585560571
22 0.212909406557055
22 0.181070659687303
22 0.194554474052208
22 0.268481299979343
22 0.195644950372838
22 0.325284316434153
22 0.301251777406870
22 0.220992603296735
22 0.418638198403026
22 0.168936570539107
22 0.325620683894992
22 0.254126247796434
22 0.570591925302788
22 0.289904849544059
22 0.397395035097580
22 0.219914313638870
22 0.127809376009937
22 0.298633171836284
22 0.342111999507294
22 0.219050099384908
22 0.299860001008977
22 0.153229329505887
22 0.197302783422264
22 0.416781090101383
22 0.221116679419433
22 0.280839091724860
22 0.245850452950768
22 0.383228232846440
22 0.210638791047050
22 0.335427427179350
22 0.257843523470695
22 0.255203068679050
22 0.238559541037242
22 0.403271931030488
22 0.238310437524774
22 0.206302274587465
22 0.335640696747584
22 0.419789913501845
22 0.254312288422856
22 0.291211281696368
22 0.475518208181630
22 0.479143702950778
22 0.260391851975466
22 0.469550084917556
22 0.223967675365248
22 0.139105269055467
22 0.232321733625989
22 0.408508105405890
22 0.228618434443458
22 0.341888041361614
22 0.315137290028876
22 0.156119482646278
22 0.223809854771271
22 0.210940074598052
22 0.238260645271563
22 0.418829051039922
22 0.437767599895992
22 0.227699045866439
22 0.259362310618766
22 0.204122086985228
22 0.197192340962145
22 0.399957044751591
22 0.250060366340534
22 0.564258036531798
22 0.170231439038159
22 0.253998966482706
22 0.245686427110205
22 0.270234284424802
22 0.306865622010704
22 0.354855313928650
22 0.262221750455971
22 0.247674549764122
22 0.417232682895716
22 0.421269487247474
22 0.125925790812776
22 0.409485950482586
22 0.312091224681364
22 0.411950328063347
22 0.265751117301220
22 0.252729959323807
22 0.224641160422479
22 0.157221033504954
22 0.319362290362750
22 0.287719854079495
22 0.123516393069136
22 0.365355627461196
22 0.298081235381136
22 0.243576446722832
22 0.202599571175128
22 0.143007633647645
22 0.200562858828968
22 0.300432971820975
22 0.351747147827857
22 0.294209374382474
22 0.321332080281145
22 0.430363704434855
22 0.152888502977118
22 0.301629438616706
22 0.341308949144567
22 0.356659560118918
22 0.232589058819547
22 0.278658175159246
22 0.302099124894940
22 0.237219534886059
22 0.290242335538577
22 0.342860730991422
22 0.249707683205131
22 0.195459955579595
22 0.389548233288640
22 0.195764464986600
22 0.247654328211789
22 0.307201601960699
22 0.175294950695387
22 0.314460052708213
22 0.201262174545628
22 0.229335297591574
22 0.378090032758150
22 0.395656940483151
22 0.184997075495211
22 0.458672913701422
22 0.180635842176005
22 0.188130410474241
22 0.182440656318669
22 0.124232191166521
22 0.314536674349623
22 0.296604024939782
22 0.191451340346124
22 0.280706459384426
22 0.176555920899432
22 0.270662508819910
22 0.459077756489894
22 0.312061449419463
22 0.334383198039314
22 0.288909203128034
22 0.180035471820223
22 0.269615489768892
22 0.204809192924763
22 0.267604514324475
22 0.437462556033865
22 0.217505217589559
22 0.245778696510341
22 0.286804166660934
22 0.202302500295030
22 0.336713304711975
22 0.317084659430271
22 0.180234889170525
22 0.250124949457920
22 0.236664384203911
22 0.349399325158406
22 0.436029542196152
22 0.395368479047149
22 0.421260866994288
22 0.459685425947851
22 0.334160386148208
22 0.537591006462592
22 0.200688339992521
22 0.187128634690091
22 0.283940885147926
22 0.226442137501865
22 0.264317472920736
22 0.217879211525664
22 0.147091960581834
22 0.155119101144651
22 0.249246663523805
22 0.251471523542811
22 0.237620287194398
22 0.213020665689056
22 0.301798233527121
22 0.396863322472851
22 0.346649115201952
22 0.499069842353236
22 0.308943402200396
22 0.303298162458676
22 0.173941683006478
22 0.323450194579159
22 0.333655458515668
22 0.311108884463437
22 0.270428375628446
22 0.192289057939675
22 0.553115092492057
22 0.262265942462687
22 0.300973612514083
22 0.236107867710502
22 0.181721951159520
22 0.192109997324394
22 0.376738080162576
22 0.182158391596130
22 0.251981900406200
22 0.184372428900776
22 0.252431562225687
22 0.200909809535800
22 0.179520867796295
22 0.259628331154154
22 0.249054873899874
22 0.483952133525721
22 0.151629979501142
22 0.354077466216590
22 0.489749451631404
22 0.337034212412260
22 0.190773415899120
22 0.307519341351193
22 0.250406252643747
22 0.291232412280587
22 0.308313471574179
22 0.190718274753390
22 0.239259308092589
22 0.329259143997940
22 0.415911461398198
22 0.230714040773154
22 0.293439006241158
22 0.436469391846183
22 0.309144709026416
22 0.408524913313669
22 0.257456760519295
22 0.336321857984021
22 0.211478940603396
22 0.286501751951913
22 0.372433879443296
22 0.192590668519120
22 0.247703019341045
22 0.182836651805576
22 0.409096488136323
22 0.241382857091714
22 0.294987545426404
22 0.321873484112754
22 0.320250400377366
22 0.437932934257175
22 0.372433306513932
22 0.295793005571855
22 0.239882906399711
22 0.314457115026240
22 0.238919116096175
22 0.562369789877172
22 0.232497090222420
22 0.324867411513160
22 0.154145817181158
22 0.480057052241609
22 0.166698374424745
22 0.310166368103543
22 0.232723155440644
22 0.215343588094433
22 0.363457138933167
22 0.305811220510484
22 0.288331918929105
22 0.165672907636969
22 0.271593413748262
22 0.279688259678543
22 0.441568815374950
22 0.209215406910355
22 0.277114387067206
22 0.269979275896735
22 0.336361558345197
22 0.478167781320655
22 0.331643165151696
22 0.273364968770502
22 0.260301210134358
22 0.292702188804879
22 0.228662037688853
22 0.358209021812733
22 0.326530326575689
22 0.240147439335371
22 0.154842860859645
22 0.257100722393040
22 0.143735645499740
22 0.257587527846467
22 0.273813060553495
22 0.330309289172710
22 0.366716440470144
22 0.372583755335850
22 0.224661412591485
22 0.339760177590678
22 0.325246600347686
22 0.282227192061407
22 0.271140840814317
22 0.295911665863061
22 0.223701022175276
22 0.277043111790520
22 0.379377049980327
22 0.263220624388892
22 0.288232650242791
22 0.266418208153085
22 0.164504040658695
22 0.251387128717200
22 0.178063361474293
22 0.367003014503453
22 0.202630142122065
22 0.148919455757286
22 0.336734431769778
22 0.234243939610692
22 0.271236846113169
22 0.272730985077672
22 0.184747653819111
22 0.359222245592902
22 0.147427238846894
22 0.140223027687133
22 0.410929939244256
22 0.255813884581605
22 0.180015351575527
22 0.210107671981339
22 0.389908449361952
22 0.428100351404920
22 0.297853238042276
22 0.319651715419393
22 0.146010396204824
22 0.374890323899154
22 0.269864494487992
22 0.347778419505571
22 0.154336602132951
22 0.431962937249541
22 0.265730027686556
22 0.174811148319904
22 0.169739059908154
22 0.247609856042306
22 0.414144199121167
22 0.240381382709622
22 0.334692747109672
22 0.311987983457355
22 0.333131560391942
22 0.484440852270452
22 0.179906535856730
22 0.365608055972797
22 0.285135863884852
22 0.182889991123043
22 0.251469333832311
22 0.252410884454118
22 0.414618518921440
22 0.312167563090719
22 0.243305414256328
22 0.211153806220091
22 0.155807106105064
22 0.411854478432886
22 0.130898240647224
22 0.434245405007143
22 0.335229053493006
22 0.333349641730556
22 0.188788908114244
22 0.201187547224713
22 0.239903431698864
22 0.151546624010560
22 0.272321585524670
22 0.140848597742454
22 0.352219831628924
22 0.203855068182426
22 0.380851186702596
22 0.159584344188685
22 0.218136655015761
22 0.244574076278699
22 0.217887554552104
22 0.259224706329059
22 0.295698074401932
22 0.184157614223777
22 0.247425893356215
22 0.259411383449181
22 0.187212337580227
22 0.374868464153566
22 0.166730244429972
22 0.312136387410355
22 0.304700816438943
22 0.175496848711677
22 0.196614252955373
22 0.449186910134173
22 0.228242031694201
22 0.203561921070418
22 0.266136336572539
22 0.491367637968443
22 0.339457959146654
22 0.327016942085999
22 0.129827659798626
22 0.254998058391911
22 0.266044966908871
22 0.289465206979504
22 0.232018009519106
22 0.384091843092547
22 0.254049930894845
22 0.428861791422654
22 0.148634414502091
22 0.154257648194012
22 0.255316474503722
22 0.308478146631765
22 0.269103791428352
22 0.138913476052976
22 0.486494457587314
22 0.126854499147924
22 0.224772972458370
22 0.199346862058388
28 0.739226686368800
28 0.642599517623349
28 0.892886267043969
28 0.820446853666599
28 1.153026164448091
28 0.453375214348885
28 0.598265835240040
28 0.825978569857769
28 0.689151022657311
28 0.604338738844926
28 0.815396087943722
28 0.602585464450499
28 1.165659249214816
28 0.594299192863123
28 0.931326867932375
28 0.696036896497619
28 0.568709395336806
28 0.458887292094928
28 0.629555263468475
28 0.627320171576517
28 0.706082206223975
28 0.721329263070007
28 0.899739069177087
28 1.067826148681446
28 0.648735168197848
28 0.569300869856507
28 0.951137624059886
28 1.133687908442744
28 1.000987482135065
28 0.689929822754896
28 0.787267021236135
28 0.993807802618106
28 0.723617132536047
28 0.926392273788112
28 0.509700133839738
28 0.971142019116905
28 0.728062429395999
28 0.993498427769343
28 1.155025031493260
28 0.732203515048612
28 0.496056401906342
28 1.090400953007577
28 0.685816004151468
28 1.078419478976792
28 0.785354731628568
28 0.666593167229378
28 1.275388116956000
28 0.848451550408914
28 0.513338140956251
28 1.047924139756928
28 0.494479457289618
28 1.109316819096485
28 0.704996021797442
28 0.569269319576149
28 0.863817861316901
28 0.512500147661489
28 0.448326439497983
28 0.680191741107258
28 0.495202483837186
28 0.895691890677993
28 0.439847767453460
28 0.621512855717567
28 0.899375450081521
28 0.848858056917646
28 1.302182318827006
28 0.569399699101338
28 0.473936067857251
28 0.508612342749816
28 0.514877349977317
28 0.423425615698076
28 0.827953959520713
28 0.712422967165735
28 1.178359999809235
28 0.278576984916779
28 0.576016134795447
28 0.831182977407909
28 1.044044819668284
28 0.340087393068765
28 1.052612108850862
28 0.604618240928517
28 1.331868408131757
28 0.589243544119344
28 0.725717766893877
28 1.274064713732346
28 0.462689846845061
28 0.894751764725773
28 0.635752644568206
28 0.663358773632208
28 0.481550195118854
28 0.401458866905759
28 0.501719281427962
28 0.570377697339258
28 0.543642407925914
28 0.982094823454216
28 0.912187570387485
28 1.116440390976159
28 0.704146769317203
28 0.921926478187265
28 1.003736368369013
28 0.716182042936321
28 0.467360634857336
28 0.878689250206856
28 0.482850807980746
28 0.511160430387359
28 0.971740081685748
28 0.509669554217631
28 0.960714998707647
28 0.767135576165287
28 0.839738019792223
28 0.455536028536321
28 0.820902553672198
28 1.248522575420451
28 1.063453054887722
28 0.899229773267912
28 0.630654862214402
28 0.696385394130574
28 0.852126578036187
28 0.815620016634119
28 0.430557595653786
28 1.272730449246636
28 0.510673001179329
28 0.517004921971063
28 0.953328167035123
28 0.468650425642311
28 0.766861158822226
28 0.913404214945054
28 0.892678052940060
28 0.504881976918719
28 1.041115471585442
28 0.531437098235174
28 1.181491898019146
28 0.639444912590156
28 0.655306654023882
28 0.522314497027333
28 1.031944784858446
28 0.597301792539318
28 0.465183754317133
28 0.482120238057992
28 0.588728274218473
28 0.621498360331515
28 1.760944006099097
28 0.545270572683559
28 0.647849439061447
28 0.741329335471552
28 0.684269242979644
28 0.543668148033507
28 0.737693973421338
28 0.692845063947599
28 0.803744608149344
28 1.532373698718122
28 1.391694622085934
28 0.810521993019182
28 0.614683996427377
28 0.675404520705293
28 1.263790313459240
28 0.622266223717663
28 1.166488641836861
28 0.564812376265472
28 0.579533845329522
28 0.782181782799448
28 0.516381648040507
28 0.365029382477634
28 0.821682092286033
28 0.655931611007531
28 0.831533549025777
28 0.413285550635605
28 0.763539660305651
28 0.542507343095311
28 0.530926743117181
28 0.437541470940775
28 0.780266734922421
28 1.195768067339084
28 0.538939986351038
28 1.037337186837869
28 0.388863343994911
28 0.695601953826441
28 0.554751369836148
28 0.630630807216584
28 0.541070009976146
28 0.718037327074181
28 0.839863738810614
28 0.949639035873597
28 0.600038310930293
28 0.610570109831351
28 0.517430157543145
28 0.805425153654146
28 0.868307553217329
28 0.803990942718869
28 0.772996619902193
28 1.179325249797563
28 0.804256577287696
28 1.346056443972415
28 0.510637851003021
28 1.341092231636154
28 1.064434356258192
28 0.449923497612033
28 0.622904738347399
28 1.046143897468551
28 0.601792959891461
28 0.556320451455106
28 0.777742282026436
28 1.160966354520986
28 0.695835792781742
28 0.502710594708546
28 0.757173723130726
28 0.416493977696490
28 0.581637270160334
28 0.768414681945345
28 0.516335546059207
28 0.592892225910298
28 0.491286145044590
28 0.462684866739421
28 0.861711907624531
28 0.670866550301722
28 0.513897341850690
28 0.992235246549098
28 0.579372513871809
28 1.235696929734225
28 1.135623014465193
28 0.643723297294901
28 0.687002078838986
28 0.710762999109676
28 0.789935896149236
28 0.961117890000383
28 1.463365588075419
28 0.656240994510149
28 0.850458756610134
28 0.933671190250566
28 0.791230296460124
28 1.032881152693347
28 0.336724715038372
28 0.974630271316377
28 0.610298403140617
28 0.795797989441357
28 0.731071084631911
28 1.234029148363935
28 0.444764124838133
28 0.415502581379729
28 0.708975160759169
28 0.363274658598602
28 0.637330754547907
28 0.682832555887789
28 0.444030250902399
28 0.844352502197424
28 0.671703027106191
28 0.843008932329622
28 0.442433660042432
28 0.505552839777861
28 0.825769985153498
28 0.418351025928356
28 0.516099319854508
28 0.642510909862620
28 0.664165975014386
28 0.563849504434641
28 0.663997552798479
28 0.670259775143620
28 0.613786212683226
28 0.616259275513031
28 0.565543561276608
28 0.723527971162992
28 0.829794248180077
28 0.442381525481633
28 0.996335218026062
28 0.373598638132831
28 0.882410529017636
28 0.907348707304539
28 0.438321368921454
28 0.479213171835426
28 0.547309268465064
28 1.322236797540169
28 1.301003675707433
28 0.681646652063366
28 0.904171864150234
28 0.480723829134009
28 0.623833876671730
28 0.368016058752692
28 0.666592094055193
28 0.939233526035819
28 0.591323049330532
28 0.961470909576858
28 0.734181016692459
28 1.174285839175345
28 0.729626306783151
28 0.587273001906858
28 0.468692702488227
28 0.807422223734102
28 0.654620280490504
28 0.646466484178633
28 0.606855390145644
28 0.777532500026431
28 0.379557125346403
28 0.523303476682958
28 0.371882986510871
28 1.413480859271893
28 0.698872807176347
28 0.384667345160972
28 0.701445930657581
28 0.614555839741366
28 0.653465676166767
28 0.641569158023393
28 0.789127502432752
28 0.680673589581826
28 0.709587567651184
28 1.579000339427663
28 1.444656740428019
28 0.535720999123216
28 1.133154267505507
28 0.922332056194689
28 0.587902126201759
28 0.631981010916840
28 0.622455713849742
28 0.534061754499192
28 0.662968654504840
28 0.658156328002035
28 0.695029039007374
28 1.101390320258922
28 0.516111532368646
28 1.050599599812408
28 0.717701144857881
28 0.499711749330397
28 0.504874035337748
28 0.506203621064489
28 0.578804918827459
28 0.690322709943275
28 0.722034025676918
28 0.542126086306201
28 0.460369127948185
28 0.360166764777020
28 0.490555691363319
28 1.003802953431444
28 0.789876589900613
28 0.643167155347384
28 1.068188573491096
28 0.496082152477135
28 0.532636074270765
28 0.627216021557823
28 0.570198092698897
28 0.606407529082762
28 0.742169536592445
28 0.784861973005889
28 0.921212353661093
28 0.464339265620488
28 0.549154152386566
28 0.813434009908748
28 0.815342966302791
28 0.519607113628588
28 0.844254468897630
28 0.726471752088117
28 0.958135098238341
28 0.834825004414881
28 0.413937786709726
28 0.453936148527494
28 0.853847565242983
28 0.838924795946227
28 0.680479230243017
28 0.511096010925411
28 0.703399788789199
28 0.884064701528103
28 0.797957526311354
28 0.664003743429242
28 0.506421670931265
28 0.632323999902912
28 0.406421656960584
28 0.897764346983285
28 1.142461810369286
28 1.147280063960822
28 0.987876154279911
28 0.758920984329674
28 0.851289681526872
28 1.028431739902421
28 0.608502040558532
28 0.633815744989357
28 0.565430404432457
28 0.784578939484950
28 0.797895805355520
28 0.817633711764411
28 0.508440627330220
28 0.660582204869894
28 0.993962714277763
28 0.766722393989686
28 0.324432506668315
28 1.284324490686938
28 0.568493212217895
28 0.407672679223428
28 0.766374923818597
28 0.853928934124944
28 0.629031906006292
28 0.559664813105408
28 0.848347733784016
28 0.673051099057219
28 0.879990712882260
28 0.948542693602231
28 0.727613021086647
28 0.932624102328098
28 0.756503809308572
28 0.410569814208430
28 0.580354856102267
28 1.451767927166673
28 0.686099905948089
28 0.883069411018685
28 0.482302982288478
28 1.262455333864118
28 0.587372538042018
28 0.579191791752433
28 0.650156809959153
28 0.706520696420308
28 0.613201190853457
28 0.913025735119398
28 0.655457474441834
28 1.119541787610197
28 1.010955261404905
28 0.491703072958168
28 0.670056249682022
28 1.105760826738392
28 0.705498070158473
28 0.696828985143076
28 0.645704162129953
28 0.778091370757116
28 0.646077567169961
28 0.866354794574788
28 0.928763876125762
28 1.391031091719279
28 0.458465217487483
28 0.513792983552606
28 1.013335539577552
28 0.537134987217770
28 0.447054142087302
28 0.796960609024723
28 0.521458489775600
28 0.440532026142722
28 0.527423145878651
28 0.760172137083803
28 0.614437912997738
28 0.710859804031865
28 0.805272646324912
28 0.764670937845030
28 0.499696105950080
28 0.503524055596728
28 0.641364247918935
28 0.824564001362587
28 0.476648972032057
28 0.551854419146519
28 0.907533137038175
28 0.515549728747120
28 0.772161580171144
28 0.812076587797318
28 0.467648960480867
28 0.559109879954911
28 0.595476968502083
28 0.559378780588380
28 0.518965020739476
28 0.638869278302559
28 0.459068371153196
28 0.639093647410009
28 0.645376973473894
28 0.519495787407377
28 1.263368854711794
28 1.112844491287367
28 0.701330693032960
28 0.464312650207053
28 0.573843897067065
28 0.751327298775217
28 0.781404062529918
28 0.877328304029671
28 0.403225578012421
28 1.196338179335270
28 0.421543237099874
28 0.417405497589284
28 0.614899016552250
28 0.531667291664912
28 1.010399062077845
28 0.865568403599075
28 1.115271935387253
28 0.724820367592646
28 0.715168613220351
28 0.556849088984243
28 0.445681376844846
28 1.007329426001641
28 1.030878610537346
28 0.796709514031303
28 0.943756841039163
28 0.555911929053626
28 0.368415985221886
28 0.659448125053371
28 1.190225075287189
28 1.221982028739212
28 0.983136330443328
28 0.623029112966119
28 1.029466197968810
28 0.807755213644626
28 0.698406128982604
28 0.633495035894442
28 0.522693104071811
28 0.464826950364054
28 1.266230662225528
28 0.908349359179022
28 1.120574254270943
28 0.610124339368976
28 1.193175944812119
28 1.113328351046277
34 1.136105366138743
34 1.420406341134401
34 1.170305790439729
34 0.766950227130552
34 1.496655047471655
34 2.221253672703916
34 1.747737498469816
34 1.032186639191433
34 2.676351794324076
34 1.761217942328553
34 1.345162989054947
34 2.172660289101593
34 2.073908934059641
34 3.589981307155223
34 1.858274246756024
34 1.848224573373693
34 2.104075726512129
34 0.724058301923858
34 0.995239051522878
34 2.722277374287232
34 1.527981946737700
34 1.028954985472160
34 1.431267115813109
34 1.076722012310115
34 2.251675679627590
34 1.186299570422990
34 1.905740617405645
34 1.537766879907902
34 2.498680011295923
34 0.841496656592930
34 1.155708497945246
34 1.304611319987648
34 1.506648003878206
34 1.194372783131337
34 2.830566909906607
34 1.205658708316277
34 1.357720382613032
34 1.595778795388624
34 3.572296279576054
34 1.245999122923056
34 2.635655755591794
34 1.144672123263002
34 2.233884926465178
34 1.696308913090828
34 1.349378925164265
34 0.970327323852691
34 1.281529914085753
34 2.049660923206956
34 2.138165963356996
34 1.396417477917334
34 2.127121397267450
34 0.919874715577757
34 1.632288605885652
34 1.948245407081860
34 1.826398877863906
34 1.551328658821008
34 1.537602673884935
34 1.005171074851494
34 1.687290095158451
34 1.932173147353208
34 2.814141641788763
34 2.317836879384328
34 1.719984976439253
34 2.063011271970544
34 3.070687607143880
34 1.269670098636899
34 1.488560780616779
34 1.817647658398373
34 1.182350189376479
34 1.120194403402484
34 1.825482173661467
34 0.873684953966999
34 1.303058833214741
34 1.473047850547631
34 1.073540360300159
34 1.177553711179157
34 2.490447600060128
34 2.576351861191674
34 1.331296234680777
34 1.474808247444146
34 2.224129951855217
34 2.095381148056944
34 1.929060852642150
34 0.703351199101570
34 1.039516923185814
34 1.872492910319871
34 1.255254137563584
34 1.093689305842255
34 2.392582227529059
34 1.221419802127096
34 0.866623452839482
34 2.561491783496371
34 1.051305644260704
34 2.060480854662044
34 1.854300586943330
34 1.416368602115929
34 1.886522821594884
34 1.288927160579396
34 1.501205247531851
34 2.238524413879468
34 1.650695668479285
34 1.609825717457605
34 1.241988434539089
34 1.775608352736924
34 0.907665253063143
34 1.443782812743971
34 1.530733466127285
34 1.165324960937465
34 1.474560099264861
34 1.536984294192839
34 1.496088171169018
34 1.957202674257748
34 0.738048742230450
34 0.998409054341725
34 1.535356238184490
34 1.620847167355637
34 2.165653101238623
34 3.218839426039622
34 1.387327481185135
34 1.364561155534291
34 1.123471861368199
34 1.359973338264792
34 1.229243244048652
34 1.941462720485653
34 1.171919127494576
34 1.281247262970971
34 1.481536695341805
34 1.462247906045900
34 2.070760625358910
34 1.404389324336297
34 1.865726483980005
34 1.187189436342202
34 2.074799560380564
34 1.100277896416776
34 1.729756935959763
34 2.843239938807761
34 1.963272442057697
34 0.694068409211670
34 1.617945062127659
34 1.321386319544525
34 1.256784704104961
34 0.784933882008912
34 1.318738268939893
34 0.987091586130121
34 1.541827149777957
34 1.131873050633518
34 1.534715783682032
34 1.293247724742424
34 2.177543843090570
34 0.887804586360239
34 1.971384096954474
34 1.303282704955183
34 1.056277626008540
34 1.103318987867657
34 1.486070621636105
34 1.534283665795156
34 1.358684943310316
34 1.202488696443752
34 1.566373831853511
34 0.953497711633445
34 2.190184031511787
34 1.381359866499394
34 1.069691205256107
34 1.823712979386782
34 1.766664226463149
34 1.331564446040742
34 1.914406361341289
34 1.371829926646237
34 1.202698004759619
34 1.143941965095231
34 2.616260540181009
34 1.358808828434898
34 2.653407327758723
34 1.029645455709192
34 1.731981091167011
34 1.932665285547793
34 2.527766640226588
34 1.009584775186594
34 2.712920427812850
34 1.832991119492736
34 2.078737877907476
34 2.233688858182027
34 1.323150332393546
34 2.587921189842448
34 1.752922276669806
34 1.446348673889704
34 0.918917835918618
34 2.331293878295925
34 1.549885943285780
34 1.545053481874071
34 2.229858010983699
34 2.073303946551228
34 1.266968255472827
34 1.541690163714368
34 2.880636578681038
34 0.970671381632384
34 1.287803156070230
34 1.420843863695787
34 2.708743204148518
34 2.603167787681264
34 1.553994927637746
34 2.005236731936287
34 1.624124349206256
34 1.501433415455387
34 2.272821223636006
34 1.825258419771117
34 1.137981445405015
34 2.292970413334444
34 1.316201737503430
34 2.597354035350611
34 1.551188090395390
34 2.022606687536024
34 1.859642963914701
34 1.768777072695195
34 1.439694076349022
34 1.148139537668108
34 0.973257628657854
34 1.316226216824001
34 1.352151746383075
34 0.702188169272868
34 1.413705335565822
34 2.607033844203227
34 3.520598053133170
34 1.212312891425040
34 2.143036143177853
34 1.453875236614506
34 2.920142115564339
34 3.366842715744593
34 1.050426626839797
34 3.189493880514617
34 1.736205985132362
34 1.925309537903948
34 1.195954896011542
34 1.080554462019174
34 1.994618220140938
34 1.789375044732499
34 1.157501985192426
34 1.321196820896691
34 2.388381613364729
34 1.346635111816091
34 1.235198888903437
34 3.840416337251145
34 1.437706042520968
34 1.766996500964187
34 2.663660766195516
34 2.618904447138247
34 0.927303166785609
34 1.722502988991631
34 1.498925249313095
34 1.207378702434284
34 1.200726253033230
34 1.629873058096465
34 1.459888909431181
34 1.124259845893242
34 1.622183138599683
34 2.585509671999157
34 2.874091346358269
34 1.823271890174927
34 2.714358645758423
34 1.165555247981341
34 1.433292819222099
34 1.043247501124575
34 1.133744582707889
34 1.324138695645074
34 1.186121152615859
34 0.743503602860968
34 1.808272672120529
34 1.671884497136257
34 1.523728616968302
34 1.676146573996825
34 1.406084579644627
34 2.286798699698394
34 3.765542995795071
34 1.197402645419775
34 2.971140172616321
34 2.184788174410179
34 1.983536675362329
34 2.141636761124408
34 1.422605939338968
34 3.017292767215923
34 2.042760591432926
34 2.374997521310370
34 2.291266985855801
34 1.626622737520463
34 2.139089031690710
34 1.792539968813348
34 1.625793648212829
34 1.827041740311739
34 0.946941069097242
34 1.509905635953124
34 1.102195705563152
34 2.437827693674892
34 1.888159404923076
34 1.925268914976392
34 1.493314272989267
34 1.250394818987296
34 3.496115384611239
34 1.339905670372623
34 0.909032102030456
34 1.488537226385656
34 1.500998560933135
34 2.166146520469030
34 2.071851610024956
34 1.557883244507457
34 1.367034443342448
34 2.276613365694384
34 1.027666179177638
34 1.912653196571960
34 2.927893936410141
34 1.851251580125735
34 0.915967620887886
34 1.209110545172868
34 1.580975278011216
34 1.565594435944312
34 1.300007766162655
34 1.145476713838947
34 1.419864183996351
34 1.473015115980670
34 1.421157841685170
34 1.699544454704686
34 1.346636034637537
34 1.612289072567667
34 0.981555466210452
34 1.718711908591043
34 1.608945368508787
34 4.569410068625293
34 1.627812392170220
34 1.107350051456907
34 1.630121568595554
34 1.188665138970951
34 1.942378603391204
34 1.959420284441153
34 2.071550632920491
34 1.300843518184805
34 3.063610785797914
34 1.344055501861307
34 1.689294907710837
34 2.376646638153863
34 2.425452051855207
34 1.320878233717857
34 1.437742967951654
34 1.542819028834375
34 1.592973670086078
34 2.024649197515695
34 1.988837497181816
34 2.446684601160723
34 1.989231975591248
34 1.831279807090814
34 0.881636161179766
34 1.234204315308316
34 1.796888256673526
34 3.309247308811246
34 1.134299937189660
34 1.421236601007654
34 1.178597119384607
34 2.531510875998182
34 1.442040438627543
34 1.000419672287509
34 1.854323876671705
34 1.761556097557890
34 2.661080189551332
34 1.709161428589579
34 1.304977546460961
34 1.225605653312697
34 1.471899998656333
34 1.410602690109929
34 1.222149756898648
34 0.991359200310994
34 1.764602489015513
34 1.942693872744965
34 1.250508585894660
34 1.798581158684197
34 1.098408539334917
34 1.703654525918137
34 1.560074525429277
34 3.393991788712151
34 2.451510654833014
34 3.110544790684939
34 1.075838904333990
34 2.581383340510965
34 0.819956991851646
34 1.942731586566506
34 2.231274919834366
34 1.718460185718672
34 1.502242761903304
34 2.435382782783700
34 0.827106633540783
34 1.902584988442291
34 1.812293042898419
34 1.182247065530698
34 1.597399035584950
34 0.874652305951670
34 2.935447250561921
34 1.540766519804260
34 1.442737824037879
34 1.065086111984560
34 1.065297705091633
34 1.513615202711606
34 2.184671262885359
34 1.987522536707147
34 2.613534813270487
34 2.202555661930023
34 1.724436029629999
34 2.221863315455834
34 2.073050597863777
34 1.403112537714474
34 2.614512047140668
34 2.536152080305266
34 1.775244809625598
34 2.224145849506301
34 0.809814488412027
34 1.628787295578292
34 0.640020787161140
34 1.013024510551667
34 2.505840250115450
34 1.783056477221299
34 1.635457922875538
34 1.047692253577873
34 2.034880662900186
34 0.981931810156969
34 1.533486829524594
34 1.011020181163806
34 1.037806497237858
34 1.398565544634888
34 1.824690296119173
34 1.270370411569771
34 1.843565962269893
34 1.621647069995148
34 0.910148717316694
34 1.500554530162943
34 1.596544429850626
34 2.312981513732459
34 1.131048305040919
34 1.816053554007977
34 1.145866553401608
34 2.042679024783761
34 1.572149352382310
34 1.197050092679150
34 2.163528786671657
34 1.273331845146295
34 2.767502905956509
34 0.681371887994490
34 1.451107763244604
34 3.171625435605262
34 1.925359313408245
34 1.706139283938261
34 0.968374811618652
34 0.916159313340915
34 2.438667536320457
34 1.033917923324926
34 0.918435949608676
34 1.698254644212486
34 2.959037042954455
34 1.397942048053662
34 1.558258491698675
34 2.116196355124432
34 1.718363927940137
34 1.389699283473321
34 1.285857342836141
34 1.795294646535245
34 2.656497357426921
34 2.216721257997310
34 1.876894118933785
34 2.217436886752383
34 2.514027620942835
34 2.173272100640102
34 1.640881722155625
34 1.037043324326785
34 2.367459299965177
34 1.952644963035062
34 1.481649869217612
34 1.150984934035877
34 1.164695576143372
34 0.882762311033074
34 1.528259480781235
34 1.895341285357722
34 1.469029559875679
34 1.101675627037534
34 2.266959973619045
34 1.029957071509228
34 1.729014161200580
34 2.755753870982948
34 2.452181350068027
34 1.426677869405888
34 1.230840187598867
34 1.154587358943424
34 2.433778065179803
34 2.162164132329160
34 2.817897573487866
34 2.013338570691023
34 2.932754645049891
34 2.465804659843225
34 1.374645902776375
34 2.020403024408944
34 1.433143020899825
34 1.079379798726649
34 1.649229827483233
34 2.106909614138718
34 1.108353242423500
34 2.149706162059240
40 1.835245316849019
40 3.422659571125504
40 2.249273251175858
40 5.152422367732484
40 2.067484036773056
40 3.801432220878374
40 3.242389244337213
40 2.919207656078413
40 3.313313748866054
40 2.535708752967500
40 3.366926794981465
40 2.908823291252023
40 1.892984208389137
40 3.727982098505911
40 4.899222638270797
40 4.446426524924768
40 2.668817515290349
40 3.106250851485422
40 2.312910054845005
40 2.831448250480632
40 2.183452197140641
40 2.125226794840898
40 4.371876067952510
40 2.893629052435715
40 5.566883764013765
40 3.463855794977901
40 2.988310661843999
40 3.056784161117571
40 2.977997193575540
40 2.633992392924506
40 2.096749615296011
40 4.838786057509646
40 2.494528086767453
40 2.666029883192635
40 3.325275089370209
40 2.435299889774339
40 2.438886440416928
40 2.702574791984322
40 5.132647291893129
40 3.709023495787386
40 3.055519700378097
40 5.074481028082618
40 3.437096484851862
40 2.542147447236131
40 2.946148572398312
40 2.402826975113619
40 2.922388199964795
40 3.432458258111950
40 1.840850285529149
40 3.515626999565031
40 2.912822181869160
40 3.582775975604191
40 3.490296223719087
40 3.466648682778770
40 4.109694869473120
40 3.061299474357762
40 2.032025298003630
40 1.166122757892750
40 2.342488571655988
40 3.065467413908950
40 1.616914385822893
40 3.202086666751881
40 3.349004300369644
40 3.028504992585082
40 1.899569357450352
40 4.358958331012387
40 2.661895177295470
40 5.248999737031248
40 2.824773892511917
40 2.604074900459235
40 3.472120787274207
40 2.911820855536355
40 4.338467805268806
40 4.322901182919823
40 4.379070258375759
40 2.847781281199425
40 1.681279537888335
40 2.564410586739465
40 3.271073217135141
40 1.392407800703586
40 3.069075932606466
40 1.650153724598916
40 4.350572899465470
40 2.622464327004495
40 3.622056830057470
40 2.451804726232994
40 2.298094506510623
40 3.771067387734711
40 3.195131636703333
40 2.831981355864793
40 3.337449081737950
40 2.443345535812861
40 2.790133843023394
40 3.914936629712473
40 2.556363011894170
40 1.963965895176411
40 2.401398567932639
40 1.623540875709099
40 3.034993241292094
40 1.619114661892356
40 2.970306974806780
40 2.063500520357405
40 6.207955318206507
40 5.058942165918614
40 3.762717689717080
40 3.010690176816313
40 2.137180991133830
40 2.697899145905710
40 3.431185983222896
40 4.360824907010867
40 7.840455383245938
40 2.737228904062849
40 1.923255693371985
40 2.779066486340747
40 2.062947189000116
40 3.173598661799279
40 2.098145828870901
40 4.246578749705471
40 3.973718095193183
40 1.815139791304784
40 3.898823094129688
40 2.834075911952832
40 1.550044883578607
40 2.621674484375033
40 4.406267215327651
40 2.338175878908158
40 4.809975295846584
40 2.282213437958442
40 1.980267726109556
40 4.705388318720575
40 2.851042593195452
40 4.109105481686164
40 3.505719573455022
40 1.974167242903592
40 1.772056779472829
40 3.491261626424683
40 3.804332006729782
40 3.770944841779054
40 2.707965314882689
40 3.340893883909324
40 2.791751719955147
40 3.707511437940092
40 3.137346626697986
40 4.969943280674260
40 2.414301530902604
40 2.628364592076331
40 3.185062414637167
40 3.352489304868097
40 4.561563719409236
40 3.678533988397069
40 1.447711632893321
40 2.518634752192735
40 2.391099746168381
40 2.225048262569514
40 3.790283908741593
40 3.020570399587511
40 3.036067789702782
40 3.834474315055306
40 2.578615039253495
40 1.943344930818839
40 1.800421021451340
40 1.774155196856862
40 7.919322620913443
40 3.589669441534728
40 2.707836198173549
40 5.023975235167699
40 1.967417322228195
40 3.066601677106037
40 1.930359806575221
40 4.582044189945295
40 5.520155184105752
40 3.287654028006335
40 2.198000621882290
40 2.950451855830139
40 2.277028612337919
40 2.560286512164672
40 4.175708756616216
40 3.094846664696368
40 4.300424463763401
40 3.334091182624348
40 4.356928824866824
40 3.723161474890800
40 2.040513391420652
40 2.654118501765129
40 2.377561010479495
40 2.659627608281150
40 3.781266828652434
40 1.753820716727962
40 2.610197779559609
40 4.435233398103125
40 2.327369533340473
40 2.123454967494204
40 4.830427462950645
40 3.368156280428027
40 2.590393205064897
40 2.545392547863620
40 1.404535664392789
40 1.686555569697433
40 1.780637264823838
40 2.928773390603954
40 3.019937908603191
40 2.956764281928477
40 3.231276905916470
40 2.494720320643260
40 2.928543241506565
40 3.169879309997638
40 2.355732678422719
40 2.246652437896570
40 2.942949093515095
40 3.360632883506839
40 2.597748807533996
40 2.760412026991569
40 4.945118199516150
40 4.303874499928042
40 3.449990191426391
40 3.253154200609858
40 1.803791616179200
40 3.175486575539963
40 3.529325772113079
40 2.272347375738054
40 3.306586749977303
40 1.961934162855055
40 3.639093670943154
40 3.273614301621526
40 2.004546242066176
40 2.008752970454880
40 5.524475023823607
40 3.148434773583702
40 5.743783705361819
40 3.597124025636836
40 5.391146157204156
40 2.413234011515212
40 2.961759009283512
40 3.269816991258029
40 3.450810245208674
40 2.077694388297762
40 2.246493783643444
40 3.583747338387507
40 4.158020752226294
40 2.107339831901147
40 1.948972854184339
40 3.056436899920048
40 2.864507701772335
40 3.828897609259240
40 2.713074989791166
40 3.820644221066900
40 2.294034412893894
40 2.779140966621425
40 3.355943422231944
40 2.287151317750985
40 3.806453827475904
40 4.823873348767380
40 3.236348327829624
40 2.634909130466806
40 2.492099543838270
40 3.398700267641004
40 3.335047070901171
40 5.680886802282174
40 4.080043792879645
40 5.857238169581390
40 2.656080049393712
40 2.319090491681690
40 2.600171958518827
40 2.476508754766405
40 4.202071875056033
40 5.574737131420536
40 3.298359021023282
40 3.125430861993598
40 2.040864508221785
40 2.040592876161683
40 3.895038740855244
40 2.261748228686868
40 4.585168786696578
40 3.056984053100137
40 3.294765911098505
40 3.825021260646325
40 2.376801640151366
40 2.806400955275588
40 2.871896523505038
40 2.403216415501636
40 2.880777338638605
40 3.072500905040616
40 2.097848909168686
40 2.012446350078284
40 5.287420385396788
40 1.830446490636033
40 3.247635211561692
40 4.989887049308768
40 2.368337529843276
40 1.846634784785589
40 3.461581980429800
40 1.571234106629328
40 2.866076162258406
40 6.617143317741434
40 2.111277453137249
40 2.702877837865010
40 2.892968450960367
40 3.848343072554871
40 3.629427307386409
40 4.460203079516720
40 2.797461349093702
40 2.896340958547611
40 7.470189564378087
40 2.804667717580450
40 2.256939932495822
40 3.778559968337674
40 2.324474725114918
40 1.889033870283016
40 5.627101597593237
40 2.743041858137809
40 5.376977682700373
40 2.577620106719495
40 3.697408432820469
40 5.010102089287468
40 3.552919340383800
40 2.672208572318940
40 5.185112726970187
40 1.571971102511533
40 2.198529443466182
40 2.450743583272560
40 2.197245951635309
40 3.953065067348509
40 2.165760046945884
40 3.641204971517467
40 1.883401586232866
40 2.981437620422394
40 3.307878493639921
40 3.088850137408993
40 2.566297042346982
40 4.231991745343066
40 5.300832945492015
40 2.972639879354608
40 3.880405667189829
40 4.077238718814483
40 2.336250675103699
40 3.760257421322802
40 1.910671467535664
40 2.550583571237624
40 2.728291807035683
40 2.612608950451397
40 3.270953514165005
40 2.200011621690612
40 3.745888207997707
40 3.445795188723631
40 2.457900162177634
40 2.525624195973853
40 2.188690708021241
40 3.407641326377369
40 2.549760533096730
40 4.533414661228075
40 2.203561872127412
40 1.442683776807414
40 2.877765982904037
40 3.045940103422861
40 3.674816090876372
40 2.285982321556896
40 3.427417015838466
40 2.586222161447226
40 3.065438768496675
40 3.553302724166970
40 3.724900430557385
40 2.803715594657166
40 1.926575256291755
40 2.027197709284088
40 2.523170193335206
40 3.800083210995897
40 1.329014891072587
40 2.498660153353316
40 4.756953356602516
40 2.222213467661668
40 4.435908775428993
40 4.098398158793898
40 2.733443179150970
40 2.541277006324107
40 1.615205541552115
40 4.081219494736883
40 1.395349432919781
40 3.014682024209161
40 2.617996877399977
40 5.383182053304022
40 2.567580405578584
40 3.297124964451664
40 1.949712330122196
40 2.699297928532271
40 3.407853160554978
40 2.693448324719542
40 2.319504816275217
40 2.762241745254340
40 1.854714925479048
40 4.086513643719843
40 4.091852974985473
40 4.535630825468093
40 2.601673416243800
40 2.389621070635455
40 3.409320310106279
40 3.615348149200535
40 2.910038946578439
40 3.214653564334379
40 2.738365580669628
40 2.593459923237063
40 2.357447538330307
40 5.446717177138389
40 1.838481496913606
40 2.422085790602978
40 5.190325116977006
40 2.319268018227895
40 3.238082465015724
40 3.641414875035567
40 2.315315271608343
40 3.927221557775798
40 3.320709625910276
40 3.341648277849771
40 3.325411647098312
40 2.618976265213123
40 3.333089143054981
40 4.148138423355048
40 2.146404401341517
40 1.887322478651234
40 5.317803265610612
40 2.747294989215785
40 4.182015641326947
40 3.094052506400278
40 2.694259884611588
40 2.884931159241467
40 4.436362392651768
40 3.123805141883427
40 4.595588935187690
40 2.031140126979512
40 3.578311599370227
40 3.560031892384710
40 3.063062650330471
40 3.471316490273331
40 3.564068622963747
40 5.063186159216921
40 3.701476275821591
40 3.458510886817667
40 1.920532819522101
40 1.837216498908082
40 2.953116587260643
40 2.731555880529230
40 2.908974877838332
40 2.092448156907707
40 3.532431499305792
40 3.871822701471546
40 2.869062981497143
40 4.738549781516943
40 2.218145845234478
40 3.758228276641949
40 5.894932941322608
40 2.155792390388958
40 1.941777043752795
40 2.267639385776098
40 1.580153167553824
40 6.336167966833536
40 2.560838771023633
40 2.791083925938965
40 3.731346273052178
40 3.715040719527173
40 3.364763402870939
40 6.340309856355082
40 5.997969858672768
40 3.181449141299947
40 1.143351932173640
40 2.763701729940257
40 2.940192881221709
40 2.427268545382922
40 2.702423508355617
40 3.866055857178862
40 2.788475861056314
40 2.090022124096004
40 4.136581754053807
40 4.054257789640657
40 2.162205427021632
40 3.454634442544505
40 1.888054987074704
40 3.051560495072382
40 1.998736643381921
40 3.256567194467896
40 4.430318140831266
40 1.962696280663573
40 3.847943802780747
40 4.163252798782421
40 2.642197264120277
40 3.408092963463907
40 2.735436733852437
40 3.178478417174588
40 3.380411118414158
40 2.235487058472886
40 2.322262967976984
40 2.954784020380654
40 3.456985549384600
40 2.241122398364421
40 6.198670596551050
40 4.145789577761455
40 2.653793714408772
40 4.951664458612060
40 2.652669486371826
40 3.137355948830324
40 4.988820303344982
40 4.840654305726929
46 4.500184255704474
46 5.562461422882276
46 3.482201761880781
46 3.892549832855997
46 7.935427685812606
46 3.767307010185029
46 5.816257082720147
46 3.308436319255041
46 7.661277263822548
46 7.809650778049274
46 5.893736081186999
46 8.781795601281466
46 6.248069360327423
46 6.231290002355782
46 6.455102328335333
46 3.456879827211909
46 7.565385547985737
46 8.052633137500829
46 5.579396314695231
46 9.456443392227836
46 3.449224582524965
46 6.028215734409353
46 4.407227574091879
46 4.517487013174284
46 6.166958442686726
46 3.437456909396997
46 3.682540479311203
46 4.359921277792188
46 5.810354880230181
46 7.401329655966303
46 5.420712603504921
46 7.240968764602215
46 5.071319345838503
46 3.137763768469782
46 5.581514478980399
46 5.914412851402576
46 4.528101951989818
46 5.571085038841084
46 3.253486163682386
46 5.662218103607133
46 7.379422457393236
46 6.436341777147909
46 5.504245332573555
46 4.448060772158664
46 3.332871945531195
46 5.062643588799135
46 4.046498104495326
46 4.027853200212049
46 6.143500680800843
46 4.872070986979289
46 4.595552125073232
46 7.342952829212436
46 4.433416579032302
46 2.415687012296711
46 4.534595794008873
46 5.358955112228012
46 3.761419653789201
46 6.236286018051433
46 8.143960154970676
46 5.753250135816235
46 4.420361643022116
46 7.021733127340968
46 4.266606841759272
46 5.097198519311493
46 9.134997045006960
46 3.987379816338736
46 2.324686534073719
46 6.505033207844737
46 7.997141322475390
46 6.634484106614220
46 4.525581603327586
46 4.030836316749590
46 3.741556179203035
46 3.443151705033451
46 8.722108959004260
46 6.370247209458217
46 3.503774270930500
46 8.856788145288071
46 5.428094928064293
46 6.111520519940464
46 4.483193481650884
46 4.066952285928917
46 4.391843035550799
46 6.242630303041976
46 3.605214993862845
46 3.990566216182804
46 7.842874346681978
46 3.484419460560088
46 3.596828592353242
46 5.246401181453900
46 6.957565486716198
46 7.608999427126268
46 5.587128197943266
46 3.114000581200765
46 5.503161951549767
46 4.080532901601706
46 4.348355306200191
46 3.962813462624101
46 8.960208390922904
46 3.621414079409552
46 5.947145697316245
46 4.810892229880849
46 3.474955328702839
46 5.736870182947918
46 10.091407340623217
46 8.466049698378901
46 5.756170017395451
46 4.099152976338222
46 7.542386309627189
46 6.487287620634486
46 6.947717928905009
46 7.411314937738445
46 5.155578398998947
46 7.046301562331372
46 9.931261050854783
46 3.048271625433133
46 10.518767828564663
46 6.851491168982735
46 4.803046174686862
46 4.014394051402079
46 6.714400312096440
46 4.199398506505321
46 4.466013009403154
46 5.087294281182640
46 4.849714994101368
46 3.574816214476757
46 7.521967404995018
46 5.937264315748850
46 3.483591419708407
46 4.636615393480653
46 6.678339384478701
46 5.887237072521041
46 3.848301370017654
46 6.127444224848212
46 4.428181795148545
46 4.713936909878265
46 8.128006556833682
46 4.105661091289175
46 5.503887896340992
46 13.738543116264712
46 6.124166177736153
46 6.300059083972992
46 4.551545494574176
46 7.394850021065084
46 3.704886140158517
46 7.483112483691787
46 5.142544808962584
46 6.777690272488083
46 4.241496801216988
46 6.485190881910579
46 3.043384144808511
46 4.236744821707266
46 4.988013957797790
46 5.509161705411320
46 5.923416202751923
46 5.576268176663298
46 5.634473212387463
46 6.391362342068455
46 3.916037253115872
46 4.956664885134861
46 5.140996196549973
46 4.731332208569561
46 6.033742627127021
46 5.956456373890255
46 3.853572126740813
46 5.530317126191417
46 9.433730341580866
46 4.007757737231112
46 5.787717938623675
46 4.975009516386765
46 4.544386147824381
46 7.317100105474196
46 3.500109493895344
46 4.808522302536904
46 5.617204681749442
46 2.801063986336526
46 6.717787659051950
46 5.256587802351026
46 7.828200925155397
46 7.830483728172410
46 7.455767979010300
46 4.705741992204484
46 10.504425410809963
46 6.504374728515435
46 4.150705790744106
46 6.164477896046755
46 5.799385097122538
46 7.387470548805180
46 8.575111267534263
46 4.568764082089009
46 4.165205699004621
46 5.261143746815391
46 9.038998361285081
46 4.795042204656082
46 4.691628812228985
46 4.885047353151707
46 4.368951367295714
46 3.619659848364813
46 8.798955847870406
46 8.826729497491836
46 9.537439021026483
46 4.124838964394373
46 4.548770655066208
46 7.003017347912408
46 3.890613937465714
46 4.524750799883408
46 8.013223966970287
46 9.625306133604361
46 5.955946252707919
46 8.839156539373199
46 4.068530809347698
46 8.533459421449479
46 4.341687172122843
46 4.608663020653966
46 5.357872701245874
46 8.044340001842457
46 8.219845861357154
46 4.313155835218909
46 4.874309559056829
46 6.986145293781849
46 6.430998275332055
46 4.617803021366500
46 11.183240918258425
46 3.855602305936864
46 9.737605889046023
46 4.317431716312270
46 3.666182425888260
46 7.151309224643222
46 4.446187364659432
46 6.267808688257324
46 4.701650891183757
46 4.616766054765324
46 4.125210858766712
46 5.329865748039275
46 7.410089093309100
46 5.008283370786009
46 7.124492628111451
46 7.320221219525022
46 6.415415406357663
46 6.910446475612233
46 7.505518817063527
46 7.897930726500157
46 7.124286489856632
46 6.398678087298483
46 5.648529710749251
46 5.123006920919375
46 4.104512428810532
46 5.497575119310720
46 4.457940879085532
46 11.239326230698213
46 2.405259416632659
46 4.865771462417293
46 4.988462366928342
46 4.023229111782644
46 3.001334807434314
46 4.624124999394147
46 7.330268711634541
46 7.599345307145749
46 5.732122193066278
46 6.831138965714175
46 7.316222892185220
46 3.757196440408209
46 10.372601361934521
46 4.686557451455942
46 7.498332066729587
46 3.978186073860879
46 5.416299415592643
46 10.889752173462517
46 2.692918475298019
46 4.371576729209330
46 8.231474818633995
46 3.159929074685667
46 9.812169595678405
46 4.067628596184694
46 6.535051294314711
46 5.178423820653860
46 4.091658183745094
46 2.928124079236238
46 9.725607380674573
46 7.742785936615679
46 4.848064209366360
46 4.230379217017267
46 4.678838029989732
46 7.953971032782737
46 9.248268356830312
46 3.333676141742784
46 5.822748009721900
46 3.739983391129203
46 9.987431497240779
46 4.600573653510654
46 6.847778389761531
46 5.109050809478597
46 5.219645321296364
46 3.990776753773020
46 4.663285738707250
46 6.313734177914219
46 7.429033072650799
46 6.095819600116701
46 4.414729217687492
46 4.031812425974969
46 5.022806094539743
46 5.123112921327327
46 8.276075116984348
46 3.793363762968105
46 5.335950216446642
46 5.815783019020735
46 8.917515612404721
46 4.659999687824632
46 5.867849163876773
46 4.719471806542844
46 7.161409167635715
46 4.119113688564456
46 7.180954827163607
46 4.346350719427058
46 8.821911884931422
46 4.972162344484135
46 4.080160203793349
46 4.344130787084552
46 6.154816200609608
46 4.702470872607583
46 3.641027932603526
46 5.862226058557194
46 9.243311979851315
46 4.112721349498131
46 3.960216451906645
46 4.723510171591990
46 4.709672638720352
46 3.324357017163342
46 6.609035975610331
46 3.753946576061664
46 7.951203078617961
46 5.628063923651676
46 5.109295507683447
46 9.719572502059242
46 3.243634029518787
46 6.063501034252255
46 6.270374528472543
46 8.791092506746914
46 13.701593004353754
46 11.840112840953893
46 8.382000833886783
46 6.011780835948568
46 5.156400152444172
46 3.748805625713352
46 4.396545098223799
46 2.955561129712897
46 5.411421985968813
46 4.076182507264548
46 9.352575559054593
46 3.958246921100383
46 8.234913118606617
46 6.827527495235394
46 4.661877082929567
46 4.693192254993443
46 3.135743885869077
46 7.263068680334658
46 5.243365749587041
46 5.017395266261097
46 5.316387626710814
46 5.818277401266805
46 9.139676547684264
46 4.671418996255563
46 4.322140468363640
46 3.271634206904029
46 4.885539714896503
46 3.951279519538005
46 6.299632953663496
46 4.796105420210671
46 6.386037671687581
46 7.327230320520440
46 4.437619433374732
46 5.478914004729533
46 2.919677701648139
46 3.766786406053347
46 3.971417217630228
46 6.262361111764726
46 3.034231399758017
46 9.221657055178333
46 3.629102706145119
46 5.474906866111960
46 7.265077845712060
46 5.886088252931041
46 8.447910328524266
46 4.802163011271834
46 2.532037047129486
46 5.601779181179377
46 5.930060847550572
46 8.107952569903279
46 4.993127027224699
46 5.015081161159554
46 5.309967758453960
46 6.078007874878447
46 10.307033705349792
46 6.299663693157806
46 9.383035440365632
46 7.505687183480205
46 5.870147328913585
46 6.217193043484659
46 5.199983183257325
46 5.270337218302077
46 8.107377657289453
46 5.295128324967713
46 5.092978217705487
46 9.833638433014189
46 4.206749430284339
46 4.602233381314628
46 6.731798557251184
46 4.782618638577391
46 8.077085187714729
46 7.285387033191757
46 4.035597885602379
46 4.897812679741751
46 6.558323995457234
46 8.281016098624427
46 4.326730348497071
46 4.131803235304227
46 3.687682575572887
46 5.317775727739153
46 6.713255041817272
46 10.527166680296570
46 5.649526254249370
46 4.096680606989064
46 5.519617986129417
46 4.804146796086439
46 8.094819683067328
46 3.825856233056655
46 5.106424623867679
46 8.418752470228959
46 3.542130939406932
46 9.997340353730941
46 4.240700442587071
46 3.830989092187476
46 4.000249725100021
46 4.000979537488696
46 2.488783888689627
46 4.866350497529125
46 5.128240748216673
46 3.382400918405527
46 8.736219877522942
46 5.303276894151900
46 5.422425449106841
46 4.775783681925439
46 3.752809620302977
46 5.239601101263576
46 3.186849391746206
46 5.167689398072405
46 10.947339178230283
46 5.124868926045396
46 3.717725291741165
46 6.505605085113504
46 3.043286763635040
46 4.526304563175351
46 7.894349802710888
46 5.094081023750977
46 3.125836539038827
46 6.167764037842958
46 4.612279527640649
46 6.658327965600281
46 4.327902417256732
46 7.071184655345448
46 4.333106806213302
46 2.349399176430341
46 5.420727018052293
46 4.581958464823040
46 6.062040578090444
46 3.205330383694212
46 4.374655113191455
46 8.245436870427746
46 4.375029675766205
46 3.535933830266276
46 5.120855157267250
46 4.175235596605310
46 4.383621077443609
46 4.714161221861456
46 3.986636260231903
46 3.107512149560100
46 4.049220790171194
46 5.195601526012954
46 6.667911672055539
46 5.496282688151360
46 4.590752597189860
46 4.822971591639512
46 3.429791987945823
46 4.229651529827613
46 4.274168768930598
46 6.165770195892301
46 5.055376032424798
46 4.793541244909529
46 9.539203372395633
46 8.321811476308277
46 8.119479325532033
46 3.787704137159035
46 6.022087430681626
46 3.870019802067584
46 10.624157718077569
46 3.497139247464942
46 3.215915784451195
46 5.561875436748451
46 5.925499292240778
46 4.420056165456109
